mass,ta,tb,ewl,rmr
58,0,88.5,1.28,2.09
58.1,0,88.49,1.28,2.1
58.2,0,88.48,1.28,2.11
58.3,0,88.47,1.28,2.11
58.4,0,88.45,1.28,2.12
58.5,0,88.44,1.28,2.13
58.6,0,88.43,1.28,2.14
58.7,0,88.42,1.28,2.15
58.8,0,88.41,1.28,2.15
58.9,0,88.4,1.28,2.16
59,0,88.39,1.27,2.17
59.1,0,88.38,1.27,2.18
59.2,0,88.36,1.27,2.18
59.3,0,88.35,1.27,2.19
59.4,0,88.34,1.27,2.2
59.5,0,88.32,1.27,2.21
59.6,0,88.31,1.27,2.22
59.7,0,88.3,1.27,2.22
59.8,0,88.28,1.27,2.23
59.9,0,88.27,1.27,2.24
60,0,88.25,1.27,2.25
60.1,0,88.24,1.27,2.25
60.2,0,88.22,1.27,2.26
60.3,0,88.2,1.27,2.27
60.4,0,88.18,1.27,2.28
60.5,0,88.16,1.27,2.29
60.6,0,88.14,1.27,2.29
60.7,0,88.12,1.27,2.3
60.8,0,88.1,1.27,2.31
60.9,0,88.08,1.27,2.32
61,0,88.06,1.27,2.33
61.1,0,88.03,1.27,2.34
61.2,0,88.01,1.27,2.34
61.3,0,87.98,1.27,2.35
61.4,0,87.96,1.27,2.36
61.5,0,87.93,1.27,2.37
61.6,0,87.9,1.27,2.38
61.7,0,87.87,1.27,2.38
61.8,0,87.84,1.27,2.39
61.9,0,87.81,1.27,2.4
62,0,87.77,1.27,2.41
62.1,0,87.74,1.27,2.42
62.2,0,87.7,1.27,2.42
62.3,0,87.67,1.27,2.43
62.4,0,87.63,1.27,2.44
62.5,0,87.59,1.27,2.45
62.6,0,87.55,1.27,2.46
62.7,0,87.5,1.27,2.47
62.8,0,87.46,1.27,2.47
62.9,0,87.41,1.27,2.48
63,0,87.37,1.27,2.49
63.1,0,87.32,1.27,2.5
63.2,0,87.27,1.27,2.51
63.3,0,87.22,1.27,2.52
63.4,0,87.16,1.27,2.52
63.5,0,87.11,1.27,2.53
63.6,0,87.05,1.27,2.54
63.7,0,86.99,1.27,2.55
63.8,0,86.93,1.27,2.56
63.9,0,86.87,1.27,2.57
64,0,86.8,1.27,2.57
64.1,0,86.74,1.27,2.58
64.2,0,86.67,1.27,2.59
64.3,0,86.6,1.27,2.6
64.4,0,86.53,1.27,2.61
64.5,0,86.45,1.27,2.62
64.6,0,86.38,1.27,2.63
64.7,0,86.3,1.27,2.63
64.8,0,86.22,1.27,2.64
64.9,0,86.13,1.27,2.65
65,0,86.05,1.27,2.66
65.1,0,85.96,1.27,2.67
65.2,0,85.87,1.27,2.68
65.3,0,85.78,1.27,2.69
65.4,0,85.69,1.27,2.69
65.5,0,85.59,1.27,2.7
65.6,0,85.49,1.27,2.71
65.7,0,85.39,1.27,2.72
65.8,0,85.29,1.27,2.73
65.9,0,85.18,1.27,2.74
66,0,85.07,1.27,2.75
66.1,0,84.96,1.27,2.75
58,0.1,88.12,1.28,2.08
58.1,0.1,88.11,1.28,2.09
58.2,0.1,88.1,1.28,2.1
58.3,0.1,88.08,1.28,2.1
58.4,0.1,88.07,1.28,2.11
58.5,0.1,88.06,1.28,2.12
58.6,0.1,88.05,1.28,2.13
58.7,0.1,88.04,1.28,2.13
58.8,0.1,88.03,1.28,2.14
58.9,0.1,88.02,1.27,2.15
59,0.1,88.01,1.27,2.16
59.1,0.1,87.99,1.27,2.17
59.2,0.1,87.98,1.27,2.17
59.3,0.1,87.97,1.27,2.18
59.4,0.1,87.96,1.27,2.19
59.5,0.1,87.94,1.27,2.2
59.6,0.1,87.93,1.27,2.2
59.7,0.1,87.92,1.27,2.21
59.8,0.1,87.9,1.27,2.22
59.9,0.1,87.89,1.27,2.23
60,0.1,87.87,1.27,2.24
60.1,0.1,87.86,1.27,2.24
60.2,0.1,87.84,1.27,2.25
60.3,0.1,87.82,1.27,2.26
60.4,0.1,87.8,1.27,2.27
60.5,0.1,87.79,1.27,2.28
60.6,0.1,87.77,1.27,2.28
60.7,0.1,87.75,1.27,2.29
60.8,0.1,87.72,1.27,2.3
60.9,0.1,87.7,1.27,2.31
61,0.1,87.68,1.27,2.32
61.1,0.1,87.66,1.27,2.32
61.2,0.1,87.63,1.27,2.33
61.3,0.1,87.61,1.27,2.34
61.4,0.1,87.58,1.27,2.35
61.5,0.1,87.55,1.27,2.36
61.6,0.1,87.52,1.27,2.36
61.7,0.1,87.49,1.27,2.37
61.8,0.1,87.46,1.27,2.38
61.9,0.1,87.43,1.27,2.39
62,0.1,87.4,1.27,2.4
62.1,0.1,87.36,1.27,2.4
62.2,0.1,87.33,1.27,2.41
62.3,0.1,87.29,1.27,2.42
62.4,0.1,87.25,1.27,2.43
62.5,0.1,87.21,1.27,2.44
62.6,0.1,87.17,1.27,2.45
62.7,0.1,87.13,1.27,2.45
62.8,0.1,87.08,1.27,2.46
62.9,0.1,87.04,1.27,2.47
63,0.1,86.99,1.27,2.48
63.1,0.1,86.94,1.27,2.49
63.2,0.1,86.89,1.27,2.5
63.3,0.1,86.84,1.27,2.5
63.4,0.1,86.79,1.27,2.51
63.5,0.1,86.73,1.27,2.52
63.6,0.1,86.67,1.27,2.53
63.7,0.1,86.62,1.27,2.54
63.8,0.1,86.56,1.27,2.55
63.9,0.1,86.49,1.27,2.55
64,0.1,86.43,1.27,2.56
64.1,0.1,86.36,1.27,2.57
64.2,0.1,86.29,1.27,2.58
64.3,0.1,86.22,1.27,2.59
64.4,0.1,86.15,1.27,2.6
64.5,0.1,86.08,1.27,2.6
64.6,0.1,86,1.27,2.61
64.7,0.1,85.92,1.27,2.62
64.8,0.1,85.84,1.27,2.63
64.9,0.1,85.76,1.27,2.64
65,0.1,85.68,1.27,2.65
65.1,0.1,85.59,1.27,2.66
65.2,0.1,85.5,1.27,2.66
65.3,0.1,85.41,1.27,2.67
65.4,0.1,85.31,1.27,2.68
65.5,0.1,85.22,1.27,2.69
65.6,0.1,85.12,1.27,2.7
65.7,0.1,85.02,1.27,2.71
65.8,0.1,84.91,1.27,2.72
65.9,0.1,84.81,1.27,2.73
66,0.1,84.7,1.27,2.73
66.1,0.1,84.59,1.27,2.74
58,0.2,87.74,1.28,2.07
58.1,0.2,87.73,1.28,2.08
58.2,0.2,87.72,1.28,2.08
58.3,0.2,87.71,1.28,2.09
58.4,0.2,87.69,1.28,2.1
58.5,0.2,87.68,1.28,2.11
58.6,0.2,87.67,1.28,2.12
58.7,0.2,87.66,1.28,2.12
58.8,0.2,87.65,1.27,2.13
58.9,0.2,87.64,1.27,2.14
59,0.2,87.63,1.27,2.15
59.1,0.2,87.62,1.27,2.15
59.2,0.2,87.6,1.27,2.16
59.3,0.2,87.59,1.27,2.17
59.4,0.2,87.58,1.27,2.18
59.5,0.2,87.57,1.27,2.19
59.6,0.2,87.55,1.27,2.19
59.7,0.2,87.54,1.27,2.2
59.8,0.2,87.52,1.27,2.21
59.9,0.2,87.51,1.27,2.22
60,0.2,87.49,1.27,2.22
60.1,0.2,87.48,1.27,2.23
60.2,0.2,87.46,1.27,2.24
60.3,0.2,87.44,1.27,2.25
60.4,0.2,87.43,1.27,2.26
60.5,0.2,87.41,1.27,2.26
60.6,0.2,87.39,1.27,2.27
60.7,0.2,87.37,1.27,2.28
60.8,0.2,87.35,1.27,2.29
60.9,0.2,87.33,1.27,2.3
61,0.2,87.3,1.27,2.3
61.1,0.2,87.28,1.27,2.31
61.2,0.2,87.26,1.27,2.32
61.3,0.2,87.23,1.27,2.33
61.4,0.2,87.2,1.27,2.34
61.5,0.2,87.18,1.27,2.34
61.6,0.2,87.15,1.27,2.35
61.7,0.2,87.12,1.27,2.36
61.8,0.2,87.09,1.27,2.37
61.9,0.2,87.06,1.27,2.38
62,0.2,87.02,1.27,2.38
62.1,0.2,86.99,1.27,2.39
62.2,0.2,86.95,1.27,2.4
62.3,0.2,86.91,1.27,2.41
62.4,0.2,86.88,1.27,2.42
62.5,0.2,86.84,1.27,2.43
62.6,0.2,86.8,1.27,2.43
62.7,0.2,86.75,1.27,2.44
62.8,0.2,86.71,1.27,2.45
62.9,0.2,86.66,1.27,2.46
63,0.2,86.62,1.27,2.47
63.1,0.2,86.57,1.27,2.48
63.2,0.2,86.52,1.27,2.48
63.3,0.2,86.47,1.27,2.49
63.4,0.2,86.41,1.27,2.5
63.5,0.2,86.36,1.27,2.51
63.6,0.2,86.3,1.27,2.52
63.7,0.2,86.24,1.27,2.53
63.8,0.2,86.18,1.27,2.53
63.9,0.2,86.12,1.27,2.54
64,0.2,86.06,1.27,2.55
64.1,0.2,85.99,1.27,2.56
64.2,0.2,85.92,1.27,2.57
64.3,0.2,85.85,1.27,2.58
64.4,0.2,85.78,1.27,2.58
64.5,0.2,85.71,1.27,2.59
64.6,0.2,85.63,1.27,2.6
64.7,0.2,85.55,1.27,2.61
64.8,0.2,85.47,1.27,2.62
64.9,0.2,85.39,1.27,2.63
65,0.2,85.3,1.27,2.64
65.1,0.2,85.22,1.27,2.64
65.2,0.2,85.13,1.27,2.65
65.3,0.2,85.04,1.27,2.66
65.4,0.2,84.94,1.27,2.67
65.5,0.2,84.85,1.27,2.68
65.6,0.2,84.75,1.27,2.69
65.7,0.2,84.65,1.27,2.7
65.8,0.2,84.54,1.27,2.7
65.9,0.2,84.44,1.27,2.71
66,0.2,84.33,1.27,2.72
66.1,0.2,84.22,1.27,2.73
58,0.3,87.36,1.28,2.06
58.1,0.3,87.35,1.28,2.07
58.2,0.3,87.34,1.28,2.07
58.3,0.3,87.33,1.28,2.08
58.4,0.3,87.32,1.28,2.09
58.5,0.3,87.31,1.28,2.1
58.6,0.3,87.3,1.28,2.1
58.7,0.3,87.28,1.27,2.11
58.8,0.3,87.27,1.27,2.12
58.9,0.3,87.26,1.27,2.13
59,0.3,87.25,1.27,2.14
59.1,0.3,87.24,1.27,2.14
59.2,0.3,87.23,1.27,2.15
59.3,0.3,87.22,1.27,2.16
59.4,0.3,87.2,1.27,2.17
59.5,0.3,87.19,1.27,2.17
59.6,0.3,87.18,1.27,2.18
59.7,0.3,87.16,1.27,2.19
59.8,0.3,87.15,1.27,2.2
59.9,0.3,87.13,1.27,2.21
60,0.3,87.12,1.27,2.21
60.1,0.3,87.1,1.27,2.22
60.2,0.3,87.09,1.27,2.23
60.3,0.3,87.07,1.27,2.24
60.4,0.3,87.05,1.27,2.24
60.5,0.3,87.03,1.27,2.25
60.6,0.3,87.01,1.27,2.26
60.7,0.3,86.99,1.27,2.27
60.8,0.3,86.97,1.27,2.28
60.9,0.3,86.95,1.27,2.28
61,0.3,86.93,1.27,2.29
61.1,0.3,86.91,1.27,2.3
61.2,0.3,86.88,1.27,2.31
61.3,0.3,86.86,1.27,2.32
61.4,0.3,86.83,1.27,2.32
61.5,0.3,86.8,1.27,2.33
61.6,0.3,86.77,1.27,2.34
61.7,0.3,86.74,1.27,2.35
61.8,0.3,86.71,1.27,2.36
61.9,0.3,86.68,1.27,2.37
62,0.3,86.65,1.27,2.37
62.1,0.3,86.61,1.27,2.38
62.2,0.3,86.58,1.27,2.39
62.3,0.3,86.54,1.27,2.4
62.4,0.3,86.5,1.27,2.41
62.5,0.3,86.46,1.27,2.41
62.6,0.3,86.42,1.27,2.42
62.7,0.3,86.38,1.27,2.43
62.8,0.3,86.34,1.27,2.44
62.9,0.3,86.29,1.27,2.45
63,0.3,86.24,1.27,2.46
63.1,0.3,86.2,1.27,2.46
63.2,0.3,86.15,1.27,2.47
63.3,0.3,86.09,1.27,2.48
63.4,0.3,86.04,1.27,2.49
63.5,0.3,85.99,1.27,2.5
63.6,0.3,85.93,1.27,2.51
63.7,0.3,85.87,1.27,2.51
63.8,0.3,85.81,1.27,2.52
63.9,0.3,85.75,1.27,2.53
64,0.3,85.68,1.27,2.54
64.1,0.3,85.62,1.27,2.55
64.2,0.3,85.55,1.27,2.56
64.3,0.3,85.48,1.27,2.56
64.4,0.3,85.41,1.27,2.57
64.5,0.3,85.33,1.27,2.58
64.6,0.3,85.26,1.27,2.59
64.7,0.3,85.18,1.27,2.6
64.8,0.3,85.1,1.27,2.61
64.9,0.3,85.02,1.27,2.61
65,0.3,84.93,1.27,2.62
65.1,0.3,84.85,1.27,2.63
65.2,0.3,84.76,1.27,2.64
65.3,0.3,84.67,1.27,2.65
65.4,0.3,84.57,1.27,2.66
65.5,0.3,84.48,1.27,2.67
65.6,0.3,84.38,1.27,2.67
65.7,0.3,84.28,1.27,2.68
65.8,0.3,84.17,1.27,2.69
65.9,0.3,84.07,1.27,2.7
66,0.3,83.96,1.27,2.71
66.1,0.3,83.85,1.27,2.72
58,0.4,86.98,1.28,2.05
58.1,0.4,86.97,1.28,2.06
58.2,0.4,86.96,1.28,2.06
58.3,0.4,86.95,1.28,2.07
58.4,0.4,86.94,1.28,2.08
58.5,0.4,86.93,1.28,2.09
58.6,0.4,86.92,1.28,2.09
58.7,0.4,86.91,1.27,2.1
58.8,0.4,86.9,1.27,2.11
58.9,0.4,86.89,1.27,2.12
59,0.4,86.88,1.27,2.12
59.1,0.4,86.86,1.27,2.13
59.2,0.4,86.85,1.27,2.14
59.3,0.4,86.84,1.27,2.15
59.4,0.4,86.83,1.27,2.16
59.5,0.4,86.82,1.27,2.16
59.6,0.4,86.8,1.27,2.17
59.7,0.4,86.79,1.27,2.18
59.8,0.4,86.77,1.27,2.19
59.9,0.4,86.76,1.27,2.19
60,0.4,86.74,1.27,2.2
60.1,0.4,86.73,1.27,2.21
60.2,0.4,86.71,1.27,2.22
60.3,0.4,86.7,1.27,2.23
60.4,0.4,86.68,1.27,2.23
60.5,0.4,86.66,1.27,2.24
60.6,0.4,86.64,1.27,2.25
60.7,0.4,86.62,1.27,2.26
60.8,0.4,86.6,1.27,2.27
60.9,0.4,86.58,1.27,2.27
61,0.4,86.56,1.27,2.28
61.1,0.4,86.53,1.27,2.29
61.2,0.4,86.51,1.27,2.3
61.3,0.4,86.48,1.27,2.31
61.4,0.4,86.46,1.27,2.31
61.5,0.4,86.43,1.27,2.32
61.6,0.4,86.4,1.27,2.33
61.7,0.4,86.37,1.27,2.34
61.8,0.4,86.34,1.27,2.35
61.9,0.4,86.31,1.27,2.35
62,0.4,86.28,1.27,2.36
62.1,0.4,86.24,1.27,2.37
62.2,0.4,86.21,1.27,2.38
62.3,0.4,86.17,1.27,2.39
62.4,0.4,86.13,1.27,2.39
62.5,0.4,86.09,1.27,2.4
62.6,0.4,86.05,1.27,2.41
62.7,0.4,86.01,1.27,2.42
62.8,0.4,85.97,1.27,2.43
62.9,0.4,85.92,1.27,2.44
63,0.4,85.87,1.27,2.44
63.1,0.4,85.83,1.27,2.45
63.2,0.4,85.78,1.27,2.46
63.3,0.4,85.72,1.27,2.47
63.4,0.4,85.67,1.27,2.48
63.5,0.4,85.62,1.27,2.49
63.6,0.4,85.56,1.27,2.49
63.7,0.4,85.5,1.27,2.5
63.8,0.4,85.44,1.27,2.51
63.9,0.4,85.38,1.27,2.52
64,0.4,85.31,1.27,2.53
64.1,0.4,85.25,1.27,2.54
64.2,0.4,85.18,1.27,2.54
64.3,0.4,85.11,1.27,2.55
64.4,0.4,85.04,1.27,2.56
64.5,0.4,84.97,1.27,2.57
64.6,0.4,84.89,1.27,2.58
64.7,0.4,84.81,1.27,2.59
64.8,0.4,84.73,1.27,2.59
64.9,0.4,84.65,1.27,2.6
65,0.4,84.57,1.27,2.61
65.1,0.4,84.48,1.27,2.62
65.2,0.4,84.39,1.27,2.63
65.3,0.4,84.3,1.27,2.64
65.4,0.4,84.21,1.27,2.65
65.5,0.4,84.11,1.27,2.65
65.6,0.4,84.01,1.27,2.66
65.7,0.4,83.91,1.27,2.67
65.8,0.4,83.81,1.27,2.68
65.9,0.4,83.7,1.27,2.69
66,0.4,83.59,1.27,2.7
66.1,0.4,83.48,1.27,2.71
58,0.5,86.61,1.28,2.04
58.1,0.5,86.6,1.28,2.04
58.2,0.5,86.59,1.28,2.05
58.3,0.5,86.58,1.28,2.06
58.4,0.5,86.57,1.28,2.07
58.5,0.5,86.56,1.28,2.07
58.6,0.5,86.55,1.27,2.08
58.7,0.5,86.54,1.27,2.09
58.8,0.5,86.53,1.27,2.1
58.9,0.5,86.51,1.27,2.11
59,0.5,86.5,1.27,2.11
59.1,0.5,86.49,1.27,2.12
59.2,0.5,86.48,1.27,2.13
59.3,0.5,86.47,1.27,2.14
59.4,0.5,86.46,1.27,2.14
59.5,0.5,86.44,1.27,2.15
59.6,0.5,86.43,1.27,2.16
59.7,0.5,86.42,1.27,2.17
59.8,0.5,86.4,1.27,2.18
59.9,0.5,86.39,1.27,2.18
60,0.5,86.37,1.27,2.19
60.1,0.5,86.36,1.27,2.2
60.2,0.5,86.34,1.27,2.21
60.3,0.5,86.32,1.27,2.21
60.4,0.5,86.31,1.27,2.22
60.5,0.5,86.29,1.27,2.23
60.6,0.5,86.27,1.27,2.24
60.7,0.5,86.25,1.27,2.25
60.8,0.5,86.23,1.27,2.25
60.9,0.5,86.21,1.27,2.26
61,0.5,86.18,1.27,2.27
61.1,0.5,86.16,1.27,2.28
61.2,0.5,86.14,1.27,2.29
61.3,0.5,86.11,1.27,2.29
61.4,0.5,86.09,1.27,2.3
61.5,0.5,86.06,1.27,2.31
61.6,0.5,86.03,1.27,2.32
61.7,0.5,86,1.27,2.33
61.8,0.5,85.97,1.27,2.33
61.9,0.5,85.94,1.27,2.34
62,0.5,85.91,1.27,2.35
62.1,0.5,85.87,1.27,2.36
62.2,0.5,85.84,1.27,2.37
62.3,0.5,85.8,1.27,2.37
62.4,0.5,85.76,1.27,2.38
62.5,0.5,85.72,1.27,2.39
62.6,0.5,85.68,1.27,2.4
62.7,0.5,85.64,1.27,2.41
62.8,0.5,85.6,1.27,2.42
62.9,0.5,85.55,1.27,2.42
63,0.5,85.51,1.27,2.43
63.1,0.5,85.46,1.27,2.44
63.2,0.5,85.41,1.27,2.45
63.3,0.5,85.36,1.27,2.46
63.4,0.5,85.3,1.27,2.47
63.5,0.5,85.25,1.27,2.47
63.6,0.5,85.19,1.27,2.48
63.7,0.5,85.13,1.27,2.49
63.8,0.5,85.07,1.27,2.5
63.9,0.5,85.01,1.27,2.51
64,0.5,84.95,1.27,2.52
64.1,0.5,84.88,1.27,2.52
64.2,0.5,84.81,1.27,2.53
64.3,0.5,84.74,1.27,2.54
64.4,0.5,84.67,1.27,2.55
64.5,0.5,84.6,1.27,2.56
64.6,0.5,84.52,1.27,2.57
64.7,0.5,84.45,1.27,2.57
64.8,0.5,84.37,1.27,2.58
64.9,0.5,84.28,1.27,2.59
65,0.5,84.2,1.27,2.6
65.1,0.5,84.11,1.27,2.61
65.2,0.5,84.02,1.27,2.62
65.3,0.5,83.93,1.27,2.62
65.4,0.5,83.84,1.27,2.63
65.5,0.5,83.74,1.27,2.64
65.6,0.5,83.65,1.27,2.65
65.7,0.5,83.55,1.27,2.66
65.8,0.5,83.44,1.26,2.67
65.9,0.5,83.34,1.26,2.68
66,0.5,83.23,1.26,2.68
66.1,0.5,83.12,1.26,2.69
58,0.6,86.24,1.28,2.03
58.1,0.6,86.23,1.28,2.03
58.2,0.6,86.22,1.28,2.04
58.3,0.6,86.21,1.28,2.05
58.4,0.6,86.2,1.28,2.06
58.5,0.6,86.19,1.27,2.06
58.6,0.6,86.18,1.27,2.07
58.7,0.6,86.17,1.27,2.08
58.8,0.6,86.15,1.27,2.09
58.9,0.6,86.14,1.27,2.09
59,0.6,86.13,1.27,2.1
59.1,0.6,86.12,1.27,2.11
59.2,0.6,86.11,1.27,2.12
59.3,0.6,86.1,1.27,2.13
59.4,0.6,86.09,1.27,2.13
59.5,0.6,86.07,1.27,2.14
59.6,0.6,86.06,1.27,2.15
59.7,0.6,86.05,1.27,2.16
59.8,0.6,86.03,1.27,2.16
59.9,0.6,86.02,1.27,2.17
60,0.6,86,1.27,2.18
60.1,0.6,85.99,1.27,2.19
60.2,0.6,85.97,1.27,2.2
60.3,0.6,85.95,1.27,2.2
60.4,0.6,85.94,1.27,2.21
60.5,0.6,85.92,1.27,2.22
60.6,0.6,85.9,1.27,2.23
60.7,0.6,85.88,1.27,2.23
60.8,0.6,85.86,1.27,2.24
60.9,0.6,85.84,1.27,2.25
61,0.6,85.82,1.27,2.26
61.1,0.6,85.79,1.27,2.27
61.2,0.6,85.77,1.27,2.27
61.3,0.6,85.74,1.27,2.28
61.4,0.6,85.72,1.27,2.29
61.5,0.6,85.69,1.27,2.3
61.6,0.6,85.66,1.27,2.31
61.7,0.6,85.63,1.27,2.31
61.8,0.6,85.6,1.27,2.32
61.9,0.6,85.57,1.27,2.33
62,0.6,85.54,1.27,2.34
62.1,0.6,85.5,1.27,2.35
62.2,0.6,85.47,1.27,2.36
62.3,0.6,85.43,1.27,2.36
62.4,0.6,85.4,1.27,2.37
62.5,0.6,85.36,1.27,2.38
62.6,0.6,85.32,1.27,2.39
62.7,0.6,85.27,1.27,2.4
62.8,0.6,85.23,1.27,2.4
62.9,0.6,85.18,1.27,2.41
63,0.6,85.14,1.27,2.42
63.1,0.6,85.09,1.27,2.43
63.2,0.6,85.04,1.27,2.44
63.3,0.6,84.99,1.27,2.45
63.4,0.6,84.94,1.27,2.45
63.5,0.6,84.88,1.27,2.46
63.6,0.6,84.83,1.27,2.47
63.7,0.6,84.77,1.27,2.48
63.8,0.6,84.71,1.27,2.49
63.9,0.6,84.65,1.27,2.49
64,0.6,84.58,1.27,2.5
64.1,0.6,84.52,1.27,2.51
64.2,0.6,84.45,1.27,2.52
64.3,0.6,84.38,1.27,2.53
64.4,0.6,84.31,1.27,2.54
64.5,0.6,84.23,1.27,2.55
64.6,0.6,84.16,1.27,2.55
64.7,0.6,84.08,1.27,2.56
64.8,0.6,84,1.27,2.57
64.9,0.6,83.92,1.27,2.58
65,0.6,83.84,1.27,2.59
65.1,0.6,83.75,1.27,2.6
65.2,0.6,83.66,1.27,2.6
65.3,0.6,83.57,1.27,2.61
65.4,0.6,83.48,1.26,2.62
65.5,0.6,83.38,1.26,2.63
65.6,0.6,83.28,1.26,2.64
65.7,0.6,83.18,1.26,2.65
65.8,0.6,83.08,1.26,2.66
65.9,0.6,82.97,1.26,2.66
66,0.6,82.87,1.26,2.67
66.1,0.6,82.76,1.26,2.68
58,0.7,85.87,1.28,2.02
58.1,0.7,85.86,1.28,2.02
58.2,0.7,85.85,1.28,2.03
58.3,0.7,85.84,1.28,2.04
58.4,0.7,85.83,1.27,2.05
58.5,0.7,85.82,1.27,2.05
58.6,0.7,85.81,1.27,2.06
58.7,0.7,85.8,1.27,2.07
58.8,0.7,85.79,1.27,2.08
58.9,0.7,85.77,1.27,2.08
59,0.7,85.76,1.27,2.09
59.1,0.7,85.75,1.27,2.1
59.2,0.7,85.74,1.27,2.11
59.3,0.7,85.73,1.27,2.11
59.4,0.7,85.72,1.27,2.12
59.5,0.7,85.7,1.27,2.13
59.6,0.7,85.69,1.27,2.14
59.7,0.7,85.68,1.27,2.15
59.8,0.7,85.66,1.27,2.15
59.9,0.7,85.65,1.27,2.16
60,0.7,85.63,1.27,2.17
60.1,0.7,85.62,1.27,2.18
60.2,0.7,85.6,1.27,2.18
60.3,0.7,85.59,1.27,2.19
60.4,0.7,85.57,1.27,2.2
60.5,0.7,85.55,1.27,2.21
60.6,0.7,85.53,1.27,2.22
60.7,0.7,85.51,1.27,2.22
60.8,0.7,85.49,1.27,2.23
60.9,0.7,85.47,1.27,2.24
61,0.7,85.45,1.27,2.25
61.1,0.7,85.43,1.27,2.26
61.2,0.7,85.4,1.27,2.26
61.3,0.7,85.38,1.27,2.27
61.4,0.7,85.35,1.27,2.28
61.5,0.7,85.32,1.27,2.29
61.6,0.7,85.3,1.27,2.3
61.7,0.7,85.27,1.27,2.3
61.8,0.7,85.24,1.27,2.31
61.9,0.7,85.21,1.27,2.32
62,0.7,85.17,1.27,2.33
62.1,0.7,85.14,1.27,2.34
62.2,0.7,85.1,1.27,2.34
62.3,0.7,85.07,1.27,2.35
62.4,0.7,85.03,1.27,2.36
62.5,0.7,84.99,1.27,2.37
62.6,0.7,84.95,1.27,2.38
62.7,0.7,84.91,1.27,2.38
62.8,0.7,84.86,1.27,2.39
62.9,0.7,84.82,1.27,2.4
63,0.7,84.77,1.27,2.41
63.1,0.7,84.73,1.27,2.42
63.2,0.7,84.68,1.27,2.43
63.3,0.7,84.62,1.27,2.43
63.4,0.7,84.57,1.27,2.44
63.5,0.7,84.52,1.27,2.45
63.6,0.7,84.46,1.27,2.46
63.7,0.7,84.4,1.27,2.47
63.8,0.7,84.34,1.27,2.47
63.9,0.7,84.28,1.27,2.48
64,0.7,84.22,1.27,2.49
64.1,0.7,84.15,1.27,2.5
64.2,0.7,84.09,1.27,2.51
64.3,0.7,84.02,1.27,2.52
64.4,0.7,83.94,1.27,2.52
64.5,0.7,83.87,1.27,2.53
64.6,0.7,83.8,1.27,2.54
64.7,0.7,83.72,1.27,2.55
64.8,0.7,83.64,1.27,2.56
64.9,0.7,83.56,1.27,2.57
65,0.7,83.47,1.26,2.58
65.1,0.7,83.39,1.26,2.58
65.2,0.7,83.3,1.26,2.59
65.3,0.7,83.21,1.26,2.6
65.4,0.7,83.12,1.26,2.61
65.5,0.7,83.02,1.26,2.62
65.6,0.7,82.92,1.26,2.63
65.7,0.7,82.82,1.26,2.64
65.8,0.7,82.72,1.26,2.64
65.9,0.7,82.61,1.26,2.65
66,0.7,82.51,1.26,2.66
66.1,0.7,82.4,1.26,2.67
58,0.8,85.5,1.28,2
58.1,0.8,85.49,1.28,2.01
58.2,0.8,85.48,1.28,2.02
58.3,0.8,85.47,1.28,2.03
58.4,0.8,85.46,1.27,2.03
58.5,0.8,85.45,1.27,2.04
58.6,0.8,85.44,1.27,2.05
58.7,0.8,85.43,1.27,2.06
58.8,0.8,85.42,1.27,2.07
58.9,0.8,85.41,1.27,2.07
59,0.8,85.4,1.27,2.08
59.1,0.8,85.39,1.27,2.09
59.2,0.8,85.37,1.27,2.1
59.3,0.8,85.36,1.27,2.1
59.4,0.8,85.35,1.27,2.11
59.5,0.8,85.34,1.27,2.12
59.6,0.8,85.32,1.27,2.13
59.7,0.8,85.31,1.27,2.13
59.8,0.8,85.3,1.27,2.14
59.9,0.8,85.28,1.27,2.15
60,0.8,85.27,1.27,2.16
60.1,0.8,85.25,1.27,2.17
60.2,0.8,85.24,1.27,2.17
60.3,0.8,85.22,1.27,2.18
60.4,0.8,85.2,1.27,2.19
60.5,0.8,85.18,1.27,2.2
60.6,0.8,85.17,1.27,2.2
60.7,0.8,85.15,1.27,2.21
60.8,0.8,85.13,1.27,2.22
60.9,0.8,85.11,1.27,2.23
61,0.8,85.08,1.27,2.24
61.1,0.8,85.06,1.27,2.24
61.2,0.8,85.04,1.27,2.25
61.3,0.8,85.01,1.27,2.26
61.4,0.8,84.99,1.27,2.27
61.5,0.8,84.96,1.27,2.28
61.6,0.8,84.93,1.27,2.28
61.7,0.8,84.9,1.27,2.29
61.8,0.8,84.87,1.27,2.3
61.9,0.8,84.84,1.27,2.31
62,0.8,84.81,1.27,2.32
62.1,0.8,84.77,1.27,2.32
62.2,0.8,84.74,1.27,2.33
62.3,0.8,84.7,1.27,2.34
62.4,0.8,84.67,1.27,2.35
62.5,0.8,84.63,1.27,2.36
62.6,0.8,84.59,1.27,2.36
62.7,0.8,84.54,1.27,2.37
62.8,0.8,84.5,1.27,2.38
62.9,0.8,84.46,1.27,2.39
63,0.8,84.41,1.27,2.4
63.1,0.8,84.36,1.27,2.41
63.2,0.8,84.31,1.27,2.41
63.3,0.8,84.26,1.27,2.42
63.4,0.8,84.21,1.27,2.43
63.5,0.8,84.16,1.27,2.44
63.6,0.8,84.1,1.27,2.45
63.7,0.8,84.04,1.27,2.45
63.8,0.8,83.98,1.27,2.46
63.9,0.8,83.92,1.27,2.47
64,0.8,83.86,1.27,2.48
64.1,0.8,83.79,1.27,2.49
64.2,0.8,83.72,1.27,2.5
64.3,0.8,83.65,1.27,2.5
64.4,0.8,83.58,1.27,2.51
64.5,0.8,83.51,1.27,2.52
64.6,0.8,83.44,1.27,2.53
64.7,0.8,83.36,1.26,2.54
64.8,0.8,83.28,1.26,2.55
64.9,0.8,83.2,1.26,2.56
65,0.8,83.11,1.26,2.56
65.1,0.8,83.03,1.26,2.57
65.2,0.8,82.94,1.26,2.58
65.3,0.8,82.85,1.26,2.59
65.4,0.8,82.76,1.26,2.6
65.5,0.8,82.66,1.26,2.61
65.6,0.8,82.56,1.26,2.61
65.7,0.8,82.46,1.26,2.62
65.8,0.8,82.36,1.26,2.63
65.9,0.8,82.25,1.26,2.64
66,0.8,82.15,1.26,2.65
66.1,0.8,82.04,1.26,2.66
58,0.9,85.13,1.28,1.99
58.1,0.9,85.12,1.28,2
58.2,0.9,85.11,1.28,2.01
58.3,0.9,85.1,1.27,2.02
58.4,0.9,85.09,1.27,2.02
58.5,0.9,85.08,1.27,2.03
58.6,0.9,85.07,1.27,2.04
58.7,0.9,85.06,1.27,2.05
58.8,0.9,85.05,1.27,2.05
58.9,0.9,85.04,1.27,2.06
59,0.9,85.03,1.27,2.07
59.1,0.9,85.02,1.27,2.08
59.2,0.9,85.01,1.27,2.08
59.3,0.9,85,1.27,2.09
59.4,0.9,84.98,1.27,2.1
59.5,0.9,84.97,1.27,2.11
59.6,0.9,84.96,1.27,2.12
59.7,0.9,84.95,1.27,2.12
59.8,0.9,84.93,1.27,2.13
59.9,0.9,84.92,1.27,2.14
60,0.9,84.9,1.27,2.15
60.1,0.9,84.89,1.27,2.15
60.2,0.9,84.87,1.27,2.16
60.3,0.9,84.86,1.27,2.17
60.4,0.9,84.84,1.27,2.18
60.5,0.9,84.82,1.27,2.19
60.6,0.9,84.8,1.27,2.19
60.7,0.9,84.78,1.27,2.2
60.8,0.9,84.76,1.27,2.21
60.9,0.9,84.74,1.27,2.22
61,0.9,84.72,1.27,2.23
61.1,0.9,84.7,1.27,2.23
61.2,0.9,84.67,1.27,2.24
61.3,0.9,84.65,1.27,2.25
61.4,0.9,84.62,1.27,2.26
61.5,0.9,84.6,1.27,2.26
61.6,0.9,84.57,1.27,2.27
61.7,0.9,84.54,1.27,2.28
61.8,0.9,84.51,1.27,2.29
61.9,0.9,84.48,1.27,2.3
62,0.9,84.45,1.27,2.3
62.1,0.9,84.41,1.27,2.31
62.2,0.9,84.38,1.27,2.32
62.3,0.9,84.34,1.27,2.33
62.4,0.9,84.3,1.27,2.34
62.5,0.9,84.27,1.27,2.35
62.6,0.9,84.22,1.27,2.35
62.7,0.9,84.18,1.27,2.36
62.8,0.9,84.14,1.27,2.37
62.9,0.9,84.1,1.27,2.38
63,0.9,84.05,1.27,2.39
63.1,0.9,84,1.27,2.39
63.2,0.9,83.95,1.27,2.4
63.3,0.9,83.9,1.27,2.41
63.4,0.9,83.85,1.27,2.42
63.5,0.9,83.79,1.27,2.43
63.6,0.9,83.74,1.27,2.44
63.7,0.9,83.68,1.27,2.44
63.8,0.9,83.62,1.27,2.45
63.9,0.9,83.56,1.27,2.46
64,0.9,83.5,1.27,2.47
64.1,0.9,83.43,1.27,2.48
64.2,0.9,83.36,1.27,2.48
64.3,0.9,83.3,1.27,2.49
64.4,0.9,83.22,1.26,2.5
64.5,0.9,83.15,1.26,2.51
64.6,0.9,83.08,1.26,2.52
64.7,0.9,83,1.26,2.53
64.8,0.9,82.92,1.26,2.53
64.9,0.9,82.84,1.26,2.54
65,0.9,82.75,1.26,2.55
65.1,0.9,82.67,1.26,2.56
65.2,0.9,82.58,1.26,2.57
65.3,0.9,82.49,1.26,2.58
65.4,0.9,82.4,1.26,2.59
65.5,0.9,82.3,1.26,2.59
65.6,0.9,82.2,1.26,2.6
65.7,0.9,82.1,1.26,2.61
65.8,0.9,82,1.26,2.62
65.9,0.9,81.9,1.26,2.63
66,0.9,81.79,1.26,2.64
66.1,0.9,81.68,1.26,2.65
58,1,84.77,1.28,1.98
58.1,1,84.76,1.28,1.99
58.2,1,84.75,1.27,2
58.3,1,84.74,1.27,2.01
58.4,1,84.73,1.27,2.01
58.5,1,84.72,1.27,2.02
58.6,1,84.71,1.27,2.03
58.7,1,84.7,1.27,2.04
58.8,1,84.69,1.27,2.04
58.9,1,84.68,1.27,2.05
59,1,84.67,1.27,2.06
59.1,1,84.66,1.27,2.07
59.2,1,84.65,1.27,2.07
59.3,1,84.63,1.27,2.08
59.4,1,84.62,1.27,2.09
59.5,1,84.61,1.27,2.1
59.6,1,84.6,1.27,2.1
59.7,1,84.58,1.27,2.11
59.8,1,84.57,1.27,2.12
59.9,1,84.56,1.27,2.13
60,1,84.54,1.27,2.14
60.1,1,84.53,1.27,2.14
60.2,1,84.51,1.27,2.15
60.3,1,84.49,1.27,2.16
60.4,1,84.48,1.27,2.17
60.5,1,84.46,1.27,2.17
60.6,1,84.44,1.27,2.18
60.7,1,84.42,1.27,2.19
60.8,1,84.4,1.27,2.2
60.9,1,84.38,1.27,2.21
61,1,84.36,1.27,2.21
61.1,1,84.34,1.27,2.22
61.2,1,84.31,1.27,2.23
61.3,1,84.29,1.27,2.24
61.4,1,84.26,1.27,2.25
61.5,1,84.24,1.27,2.25
61.6,1,84.21,1.27,2.26
61.7,1,84.18,1.27,2.27
61.8,1,84.15,1.27,2.28
61.9,1,84.12,1.27,2.29
62,1,84.09,1.27,2.29
62.1,1,84.05,1.27,2.3
62.2,1,84.02,1.27,2.31
62.3,1,83.98,1.27,2.32
62.4,1,83.94,1.27,2.33
62.5,1,83.91,1.27,2.33
62.6,1,83.87,1.27,2.34
62.7,1,83.82,1.27,2.35
62.8,1,83.78,1.27,2.36
62.9,1,83.74,1.27,2.37
63,1,83.69,1.27,2.37
63.1,1,83.64,1.27,2.38
63.2,1,83.59,1.27,2.39
63.3,1,83.54,1.27,2.4
63.4,1,83.49,1.27,2.41
63.5,1,83.44,1.27,2.42
63.6,1,83.38,1.27,2.42
63.7,1,83.32,1.27,2.43
63.8,1,83.26,1.27,2.44
63.9,1,83.2,1.27,2.45
64,1,83.14,1.27,2.46
64.1,1,83.07,1.26,2.46
64.2,1,83.01,1.26,2.47
64.3,1,82.94,1.26,2.48
64.4,1,82.87,1.26,2.49
64.5,1,82.79,1.26,2.5
64.6,1,82.72,1.26,2.51
64.7,1,82.64,1.26,2.51
64.8,1,82.56,1.26,2.52
64.9,1,82.48,1.26,2.53
65,1,82.4,1.26,2.54
65.1,1,82.31,1.26,2.55
65.2,1,82.22,1.26,2.56
65.3,1,82.13,1.26,2.57
65.4,1,82.04,1.26,2.57
65.5,1,81.95,1.26,2.58
65.6,1,81.85,1.26,2.59
65.7,1,81.75,1.26,2.6
65.8,1,81.65,1.26,2.61
65.9,1,81.54,1.26,2.62
66,1,81.43,1.26,2.62
66.1,1,81.32,1.26,2.63
58,1.1,84.41,1.28,1.97
58.1,1.1,84.4,1.27,1.98
58.2,1.1,84.39,1.27,1.99
58.3,1.1,84.38,1.27,2
58.4,1.1,84.37,1.27,2
58.5,1.1,84.36,1.27,2.01
58.6,1.1,84.35,1.27,2.02
58.7,1.1,84.34,1.27,2.03
58.8,1.1,84.33,1.27,2.03
58.9,1.1,84.32,1.27,2.04
59,1.1,84.31,1.27,2.05
59.1,1.1,84.29,1.27,2.06
59.2,1.1,84.28,1.27,2.06
59.3,1.1,84.27,1.27,2.07
59.4,1.1,84.26,1.27,2.08
59.5,1.1,84.25,1.27,2.09
59.6,1.1,84.24,1.27,2.09
59.7,1.1,84.22,1.27,2.1
59.8,1.1,84.21,1.27,2.11
59.9,1.1,84.2,1.27,2.12
60,1.1,84.18,1.27,2.12
60.1,1.1,84.17,1.27,2.13
60.2,1.1,84.15,1.27,2.14
60.3,1.1,84.13,1.27,2.15
60.4,1.1,84.12,1.27,2.16
60.5,1.1,84.1,1.27,2.16
60.6,1.1,84.08,1.27,2.17
60.7,1.1,84.06,1.27,2.18
60.8,1.1,84.04,1.27,2.19
60.9,1.1,84.02,1.27,2.2
61,1.1,84,1.27,2.2
61.1,1.1,83.98,1.27,2.21
61.2,1.1,83.95,1.27,2.22
61.3,1.1,83.93,1.27,2.23
61.4,1.1,83.9,1.27,2.23
61.5,1.1,83.88,1.27,2.24
61.6,1.1,83.85,1.27,2.25
61.7,1.1,83.82,1.27,2.26
61.8,1.1,83.79,1.27,2.27
61.9,1.1,83.76,1.27,2.27
62,1.1,83.73,1.27,2.28
62.1,1.1,83.69,1.27,2.29
62.2,1.1,83.66,1.27,2.3
62.3,1.1,83.62,1.27,2.31
62.4,1.1,83.59,1.27,2.31
62.5,1.1,83.55,1.27,2.32
62.6,1.1,83.51,1.27,2.33
62.7,1.1,83.47,1.27,2.34
62.8,1.1,83.42,1.27,2.35
62.9,1.1,83.38,1.27,2.35
63,1.1,83.33,1.27,2.36
63.1,1.1,83.29,1.27,2.37
63.2,1.1,83.24,1.27,2.38
63.3,1.1,83.19,1.27,2.39
63.4,1.1,83.13,1.27,2.4
63.5,1.1,83.08,1.27,2.4
63.6,1.1,83.02,1.27,2.41
63.7,1.1,82.97,1.27,2.42
63.8,1.1,82.91,1.26,2.43
63.9,1.1,82.85,1.26,2.44
64,1.1,82.78,1.26,2.44
64.1,1.1,82.72,1.26,2.45
64.2,1.1,82.65,1.26,2.46
64.3,1.1,82.58,1.26,2.47
64.4,1.1,82.51,1.26,2.48
64.5,1.1,82.44,1.26,2.49
64.6,1.1,82.36,1.26,2.49
64.7,1.1,82.29,1.26,2.5
64.8,1.1,82.21,1.26,2.51
64.9,1.1,82.13,1.26,2.52
65,1.1,82.04,1.26,2.53
65.1,1.1,81.96,1.26,2.54
65.2,1.1,81.87,1.26,2.54
65.3,1.1,81.78,1.26,2.55
65.4,1.1,81.69,1.26,2.56
65.5,1.1,81.59,1.26,2.57
65.6,1.1,81.49,1.26,2.58
65.7,1.1,81.39,1.26,2.59
65.8,1.1,81.29,1.26,2.6
65.9,1.1,81.19,1.26,2.6
66,1.1,81.08,1.26,2.61
66.1,1.1,80.97,1.26,2.62
58,1.2,84.05,1.27,1.96
58.1,1.2,84.04,1.27,1.97
58.2,1.2,84.03,1.27,1.98
58.3,1.2,84.02,1.27,1.98
58.4,1.2,84.01,1.27,1.99
58.5,1.2,84,1.27,2
58.6,1.2,83.99,1.27,2.01
58.7,1.2,83.98,1.27,2.01
58.8,1.2,83.97,1.27,2.02
58.9,1.2,83.96,1.27,2.03
59,1.2,83.95,1.27,2.04
59.1,1.2,83.94,1.27,2.04
59.2,1.2,83.92,1.27,2.05
59.3,1.2,83.91,1.27,2.06
59.4,1.2,83.9,1.27,2.07
59.5,1.2,83.89,1.27,2.08
59.6,1.2,83.88,1.27,2.08
59.7,1.2,83.86,1.27,2.09
59.8,1.2,83.85,1.27,2.1
59.9,1.2,83.84,1.27,2.11
60,1.2,83.82,1.27,2.11
60.1,1.2,83.81,1.27,2.12
60.2,1.2,83.79,1.27,2.13
60.3,1.2,83.77,1.27,2.14
60.4,1.2,83.76,1.27,2.14
60.5,1.2,83.74,1.27,2.15
60.6,1.2,83.72,1.27,2.16
60.7,1.2,83.7,1.27,2.17
60.8,1.2,83.68,1.27,2.18
60.9,1.2,83.66,1.27,2.18
61,1.2,83.64,1.27,2.19
61.1,1.2,83.62,1.27,2.2
61.2,1.2,83.59,1.27,2.21
61.3,1.2,83.57,1.27,2.22
61.4,1.2,83.55,1.27,2.22
61.5,1.2,83.52,1.27,2.23
61.6,1.2,83.49,1.27,2.24
61.7,1.2,83.46,1.27,2.25
61.8,1.2,83.43,1.27,2.26
61.9,1.2,83.4,1.27,2.26
62,1.2,83.37,1.27,2.27
62.1,1.2,83.34,1.27,2.28
62.2,1.2,83.3,1.27,2.29
62.3,1.2,83.27,1.27,2.3
62.4,1.2,83.23,1.27,2.3
62.5,1.2,83.19,1.27,2.31
62.6,1.2,83.15,1.27,2.32
62.7,1.2,83.11,1.27,2.33
62.8,1.2,83.07,1.27,2.34
62.9,1.2,83.02,1.27,2.34
63,1.2,82.98,1.27,2.35
63.1,1.2,82.93,1.27,2.36
63.2,1.2,82.88,1.27,2.37
63.3,1.2,82.83,1.27,2.38
63.4,1.2,82.78,1.27,2.38
63.5,1.2,82.72,1.26,2.39
63.6,1.2,82.67,1.26,2.4
63.7,1.2,82.61,1.26,2.41
63.8,1.2,82.55,1.26,2.42
63.9,1.2,82.49,1.26,2.43
64,1.2,82.43,1.26,2.43
64.1,1.2,82.36,1.26,2.44
64.2,1.2,82.3,1.26,2.45
64.3,1.2,82.23,1.26,2.46
64.4,1.2,82.16,1.26,2.47
64.5,1.2,82.08,1.26,2.47
64.6,1.2,82.01,1.26,2.48
64.7,1.2,81.93,1.26,2.49
64.8,1.2,81.85,1.26,2.5
64.9,1.2,81.77,1.26,2.51
65,1.2,81.69,1.26,2.52
65.1,1.2,81.6,1.26,2.52
65.2,1.2,81.52,1.26,2.53
65.3,1.2,81.43,1.26,2.54
65.4,1.2,81.33,1.26,2.55
65.5,1.2,81.24,1.26,2.56
65.6,1.2,81.14,1.26,2.57
65.7,1.2,81.04,1.26,2.58
65.8,1.2,80.94,1.26,2.58
65.9,1.2,80.84,1.26,2.59
66,1.2,80.73,1.26,2.6
66.1,1.2,80.62,1.26,2.61
58,1.3,83.69,1.27,1.95
58.1,1.3,83.68,1.27,1.96
58.2,1.3,83.67,1.27,1.97
58.3,1.3,83.66,1.27,1.97
58.4,1.3,83.65,1.27,1.98
58.5,1.3,83.64,1.27,1.99
58.6,1.3,83.63,1.27,2
58.7,1.3,83.62,1.27,2
58.8,1.3,83.61,1.27,2.01
58.9,1.3,83.6,1.27,2.02
59,1.3,83.59,1.27,2.03
59.1,1.3,83.58,1.27,2.03
59.2,1.3,83.57,1.27,2.04
59.3,1.3,83.56,1.27,2.05
59.4,1.3,83.54,1.27,2.06
59.5,1.3,83.53,1.27,2.06
59.6,1.3,83.52,1.27,2.07
59.7,1.3,83.51,1.27,2.08
59.8,1.3,83.49,1.27,2.09
59.9,1.3,83.48,1.27,2.1
60,1.3,83.46,1.27,2.1
60.1,1.3,83.45,1.27,2.11
60.2,1.3,83.43,1.27,2.12
60.3,1.3,83.42,1.27,2.13
60.4,1.3,83.4,1.27,2.13
60.5,1.3,83.38,1.27,2.14
60.6,1.3,83.37,1.27,2.15
60.7,1.3,83.35,1.27,2.16
60.8,1.3,83.33,1.27,2.17
60.9,1.3,83.31,1.27,2.17
61,1.3,83.28,1.27,2.18
61.1,1.3,83.26,1.27,2.19
61.2,1.3,83.24,1.27,2.2
61.3,1.3,83.21,1.27,2.2
61.4,1.3,83.19,1.27,2.21
61.5,1.3,83.16,1.27,2.22
61.6,1.3,83.14,1.27,2.23
61.7,1.3,83.11,1.27,2.24
61.8,1.3,83.08,1.27,2.24
61.9,1.3,83.05,1.27,2.25
62,1.3,83.02,1.27,2.26
62.1,1.3,82.98,1.27,2.27
62.2,1.3,82.95,1.27,2.28
62.3,1.3,82.91,1.27,2.28
62.4,1.3,82.87,1.27,2.29
62.5,1.3,82.84,1.27,2.3
62.6,1.3,82.8,1.27,2.31
62.7,1.3,82.76,1.27,2.32
62.8,1.3,82.71,1.27,2.32
62.9,1.3,82.67,1.27,2.33
63,1.3,82.62,1.27,2.34
63.1,1.3,82.58,1.27,2.35
63.2,1.3,82.53,1.27,2.36
63.3,1.3,82.48,1.26,2.36
63.4,1.3,82.42,1.26,2.37
63.5,1.3,82.37,1.26,2.38
63.6,1.3,82.32,1.26,2.39
63.7,1.3,82.26,1.26,2.4
63.8,1.3,82.2,1.26,2.41
63.9,1.3,82.14,1.26,2.41
64,1.3,82.08,1.26,2.42
64.1,1.3,82.01,1.26,2.43
64.2,1.3,81.94,1.26,2.44
64.3,1.3,81.88,1.26,2.45
64.4,1.3,81.81,1.26,2.45
64.5,1.3,81.73,1.26,2.46
64.6,1.3,81.66,1.26,2.47
64.7,1.3,81.58,1.26,2.48
64.8,1.3,81.5,1.26,2.49
64.9,1.3,81.42,1.26,2.5
65,1.3,81.34,1.26,2.5
65.1,1.3,81.25,1.26,2.51
65.2,1.3,81.17,1.26,2.52
65.3,1.3,81.08,1.26,2.53
65.4,1.3,80.98,1.26,2.54
65.5,1.3,80.89,1.26,2.55
65.6,1.3,80.79,1.26,2.56
65.7,1.3,80.69,1.26,2.56
65.8,1.3,80.59,1.26,2.57
65.9,1.3,80.49,1.26,2.58
66,1.3,80.38,1.26,2.59
66.1,1.3,80.27,1.26,2.6
58,1.4,83.33,1.27,1.94
58.1,1.4,83.32,1.27,1.95
58.2,1.4,83.31,1.27,1.96
58.3,1.4,83.3,1.27,1.96
58.4,1.4,83.29,1.27,1.97
58.5,1.4,83.28,1.27,1.98
58.6,1.4,83.27,1.27,1.99
58.7,1.4,83.26,1.27,1.99
58.8,1.4,83.25,1.27,2
58.9,1.4,83.24,1.27,2.01
59,1.4,83.23,1.27,2.02
59.1,1.4,83.22,1.27,2.02
59.2,1.4,83.21,1.27,2.03
59.3,1.4,83.2,1.27,2.04
59.4,1.4,83.19,1.27,2.05
59.5,1.4,83.18,1.27,2.05
59.6,1.4,83.16,1.27,2.06
59.7,1.4,83.15,1.27,2.07
59.8,1.4,83.14,1.27,2.08
59.9,1.4,83.12,1.27,2.08
60,1.4,83.11,1.27,2.09
60.1,1.4,83.09,1.27,2.1
60.2,1.4,83.08,1.27,2.11
60.3,1.4,83.06,1.27,2.12
60.4,1.4,83.05,1.27,2.12
60.5,1.4,83.03,1.27,2.13
60.6,1.4,83.01,1.27,2.14
60.7,1.4,82.99,1.27,2.15
60.8,1.4,82.97,1.27,2.15
60.9,1.4,82.95,1.27,2.16
61,1.4,82.93,1.27,2.17
61.1,1.4,82.91,1.27,2.18
61.2,1.4,82.89,1.27,2.19
61.3,1.4,82.86,1.27,2.19
61.4,1.4,82.84,1.27,2.2
61.5,1.4,82.81,1.27,2.21
61.6,1.4,82.78,1.27,2.22
61.7,1.4,82.75,1.27,2.22
61.8,1.4,82.72,1.27,2.23
61.9,1.4,82.69,1.27,2.24
62,1.4,82.66,1.27,2.25
62.1,1.4,82.63,1.27,2.26
62.2,1.4,82.59,1.27,2.26
62.3,1.4,82.56,1.27,2.27
62.4,1.4,82.52,1.27,2.28
62.5,1.4,82.48,1.27,2.29
62.6,1.4,82.44,1.27,2.3
62.7,1.4,82.4,1.27,2.3
62.8,1.4,82.36,1.27,2.31
62.9,1.4,82.32,1.27,2.32
63,1.4,82.27,1.26,2.33
63.1,1.4,82.22,1.26,2.34
63.2,1.4,82.18,1.26,2.35
63.3,1.4,82.13,1.26,2.35
63.4,1.4,82.07,1.26,2.36
63.5,1.4,82.02,1.26,2.37
63.6,1.4,81.96,1.26,2.38
63.7,1.4,81.91,1.26,2.39
63.8,1.4,81.85,1.26,2.39
63.9,1.4,81.79,1.26,2.4
64,1.4,81.72,1.26,2.41
64.1,1.4,81.66,1.26,2.42
64.2,1.4,81.59,1.26,2.43
64.3,1.4,81.53,1.26,2.43
64.4,1.4,81.45,1.26,2.44
64.5,1.4,81.38,1.26,2.45
64.6,1.4,81.31,1.26,2.46
64.7,1.4,81.23,1.26,2.47
64.8,1.4,81.15,1.26,2.48
64.9,1.4,81.07,1.26,2.48
65,1.4,80.99,1.26,2.49
65.1,1.4,80.9,1.26,2.5
65.2,1.4,80.82,1.26,2.51
65.3,1.4,80.73,1.26,2.52
65.4,1.4,80.63,1.26,2.53
65.5,1.4,80.54,1.26,2.53
65.6,1.4,80.44,1.26,2.54
65.7,1.4,80.34,1.26,2.55
65.8,1.4,80.24,1.26,2.56
65.9,1.4,80.14,1.26,2.57
66,1.4,80.03,1.26,2.58
66.1,1.4,79.92,1.26,2.59
58,1.5,82.98,1.27,1.93
58.1,1.5,82.97,1.27,1.94
58.2,1.5,82.96,1.27,1.95
58.3,1.5,82.95,1.27,1.95
58.4,1.5,82.94,1.27,1.96
58.5,1.5,82.93,1.27,1.97
58.6,1.5,82.92,1.27,1.98
58.7,1.5,82.91,1.27,1.98
58.8,1.5,82.9,1.27,1.99
58.9,1.5,82.89,1.27,2
59,1.5,82.88,1.27,2.01
59.1,1.5,82.87,1.27,2.01
59.2,1.5,82.86,1.27,2.02
59.3,1.5,82.85,1.27,2.03
59.4,1.5,82.83,1.27,2.04
59.5,1.5,82.82,1.27,2.04
59.6,1.5,82.81,1.27,2.05
59.7,1.5,82.8,1.27,2.06
59.8,1.5,82.78,1.27,2.07
59.9,1.5,82.77,1.27,2.07
60,1.5,82.76,1.27,2.08
60.1,1.5,82.74,1.27,2.09
60.2,1.5,82.73,1.27,2.1
60.3,1.5,82.71,1.27,2.1
60.4,1.5,82.69,1.27,2.11
60.5,1.5,82.68,1.27,2.12
60.6,1.5,82.66,1.27,2.13
60.7,1.5,82.64,1.27,2.14
60.8,1.5,82.62,1.27,2.14
60.9,1.5,82.6,1.27,2.15
61,1.5,82.58,1.27,2.16
61.1,1.5,82.56,1.27,2.17
61.2,1.5,82.53,1.27,2.17
61.3,1.5,82.51,1.27,2.18
61.4,1.5,82.48,1.27,2.19
61.5,1.5,82.46,1.27,2.2
61.6,1.5,82.43,1.27,2.21
61.7,1.5,82.4,1.27,2.21
61.8,1.5,82.37,1.27,2.22
61.9,1.5,82.34,1.27,2.23
62,1.5,82.31,1.27,2.24
62.1,1.5,82.28,1.27,2.25
62.2,1.5,82.24,1.27,2.25
62.3,1.5,82.21,1.27,2.26
62.4,1.5,82.17,1.27,2.27
62.5,1.5,82.13,1.27,2.28
62.6,1.5,82.09,1.27,2.29
62.7,1.5,82.05,1.27,2.29
62.8,1.5,82.01,1.26,2.3
62.9,1.5,81.97,1.26,2.31
63,1.5,81.92,1.26,2.32
63.1,1.5,81.87,1.26,2.33
63.2,1.5,81.83,1.26,2.33
63.3,1.5,81.78,1.26,2.34
63.4,1.5,81.72,1.26,2.35
63.5,1.5,81.67,1.26,2.36
63.6,1.5,81.61,1.26,2.37
63.7,1.5,81.56,1.26,2.37
63.8,1.5,81.5,1.26,2.38
63.9,1.5,81.44,1.26,2.39
64,1.5,81.38,1.26,2.4
64.1,1.5,81.31,1.26,2.41
64.2,1.5,81.25,1.26,2.42
64.3,1.5,81.18,1.26,2.42
64.4,1.5,81.11,1.26,2.43
64.5,1.5,81.03,1.26,2.44
64.6,1.5,80.96,1.26,2.45
64.7,1.5,80.88,1.26,2.46
64.8,1.5,80.81,1.26,2.46
64.9,1.5,80.72,1.26,2.47
65,1.5,80.64,1.26,2.48
65.1,1.5,80.56,1.26,2.49
65.2,1.5,80.47,1.26,2.5
65.3,1.5,80.38,1.26,2.51
65.4,1.5,80.29,1.26,2.51
65.5,1.5,80.19,1.26,2.52
65.6,1.5,80.1,1.26,2.53
65.7,1.5,80,1.26,2.54
65.8,1.5,79.9,1.26,2.55
65.9,1.5,79.79,1.26,2.56
66,1.5,79.69,1.26,2.57
66.1,1.5,79.58,1.26,2.57
58,1.6,82.62,1.27,1.92
58.1,1.6,82.61,1.27,1.93
58.2,1.6,82.6,1.27,1.94
58.3,1.6,82.59,1.27,1.94
58.4,1.6,82.59,1.27,1.95
58.5,1.6,82.58,1.27,1.96
58.6,1.6,82.57,1.27,1.96
58.7,1.6,82.56,1.27,1.97
58.8,1.6,82.55,1.27,1.98
58.9,1.6,82.54,1.27,1.99
59,1.6,82.53,1.27,1.99
59.1,1.6,82.52,1.27,2
59.2,1.6,82.5,1.27,2.01
59.3,1.6,82.49,1.27,2.02
59.4,1.6,82.48,1.27,2.03
59.5,1.6,82.47,1.27,2.03
59.6,1.6,82.46,1.27,2.04
59.7,1.6,82.45,1.27,2.05
59.8,1.6,82.43,1.27,2.06
59.9,1.6,82.42,1.27,2.06
60,1.6,82.4,1.27,2.07
60.1,1.6,82.39,1.27,2.08
60.2,1.6,82.37,1.27,2.09
60.3,1.6,82.36,1.27,2.09
60.4,1.6,82.34,1.27,2.1
60.5,1.6,82.33,1.27,2.11
60.6,1.6,82.31,1.27,2.12
60.7,1.6,82.29,1.27,2.12
60.8,1.6,82.27,1.27,2.13
60.9,1.6,82.25,1.27,2.14
61,1.6,82.23,1.27,2.15
61.1,1.6,82.21,1.27,2.16
61.2,1.6,82.18,1.27,2.16
61.3,1.6,82.16,1.27,2.17
61.4,1.6,82.13,1.27,2.18
61.5,1.6,82.11,1.27,2.19
61.6,1.6,82.08,1.27,2.19
61.7,1.6,82.05,1.27,2.2
61.8,1.6,82.02,1.27,2.21
61.9,1.6,81.99,1.27,2.22
62,1.6,81.96,1.27,2.23
62.1,1.6,81.93,1.27,2.23
62.2,1.6,81.89,1.27,2.24
62.3,1.6,81.86,1.27,2.25
62.4,1.6,81.82,1.27,2.26
62.5,1.6,81.78,1.27,2.27
62.6,1.6,81.75,1.26,2.27
62.7,1.6,81.7,1.26,2.28
62.8,1.6,81.66,1.26,2.29
62.9,1.6,81.62,1.26,2.3
63,1.6,81.57,1.26,2.31
63.1,1.6,81.53,1.26,2.31
63.2,1.6,81.48,1.26,2.32
63.3,1.6,81.43,1.26,2.33
63.4,1.6,81.38,1.26,2.34
63.5,1.6,81.32,1.26,2.35
63.6,1.6,81.27,1.26,2.35
63.7,1.6,81.21,1.26,2.36
63.8,1.6,81.15,1.26,2.37
63.9,1.6,81.09,1.26,2.38
64,1.6,81.03,1.26,2.39
64.1,1.6,80.96,1.26,2.4
64.2,1.6,80.9,1.26,2.4
64.3,1.6,80.83,1.26,2.41
64.4,1.6,80.76,1.26,2.42
64.5,1.6,80.69,1.26,2.43
64.6,1.6,80.61,1.26,2.44
64.7,1.6,80.54,1.26,2.45
64.8,1.6,80.46,1.26,2.45
64.9,1.6,80.38,1.26,2.46
65,1.6,80.3,1.26,2.47
65.1,1.6,80.21,1.26,2.48
65.2,1.6,80.12,1.26,2.49
65.3,1.6,80.03,1.26,2.49
65.4,1.6,79.94,1.26,2.5
65.5,1.6,79.85,1.26,2.51
65.6,1.6,79.75,1.26,2.52
65.7,1.6,79.65,1.26,2.53
65.8,1.6,79.55,1.26,2.54
65.9,1.6,79.45,1.26,2.55
66,1.6,79.34,1.26,2.55
66.1,1.6,79.23,1.26,2.56
58,1.7,82.27,1.27,1.91
58.1,1.7,82.26,1.27,1.92
58.2,1.7,82.25,1.27,1.92
58.3,1.7,82.24,1.27,1.93
58.4,1.7,82.23,1.27,1.94
58.5,1.7,82.22,1.27,1.95
58.6,1.7,82.21,1.27,1.95
58.7,1.7,82.21,1.27,1.96
58.8,1.7,82.2,1.27,1.97
58.9,1.7,82.19,1.27,1.98
59,1.7,82.18,1.27,1.98
59.1,1.7,82.16,1.27,1.99
59.2,1.7,82.15,1.27,2
59.3,1.7,82.14,1.27,2.01
59.4,1.7,82.13,1.27,2.01
59.5,1.7,82.12,1.27,2.02
59.6,1.7,82.11,1.27,2.03
59.7,1.7,82.1,1.27,2.04
59.8,1.7,82.08,1.27,2.04
59.9,1.7,82.07,1.27,2.05
60,1.7,82.06,1.27,2.06
60.1,1.7,82.04,1.27,2.07
60.2,1.7,82.03,1.27,2.08
60.3,1.7,82.01,1.27,2.08
60.4,1.7,81.99,1.27,2.09
60.5,1.7,81.98,1.27,2.1
60.6,1.7,81.96,1.27,2.11
60.7,1.7,81.94,1.27,2.11
60.8,1.7,81.92,1.27,2.12
60.9,1.7,81.9,1.27,2.13
61,1.7,81.88,1.27,2.14
61.1,1.7,81.86,1.27,2.14
61.2,1.7,81.83,1.27,2.15
61.3,1.7,81.81,1.27,2.16
61.4,1.7,81.79,1.27,2.17
61.5,1.7,81.76,1.27,2.18
61.6,1.7,81.73,1.27,2.18
61.7,1.7,81.7,1.27,2.19
61.8,1.7,81.68,1.27,2.2
61.9,1.7,81.65,1.27,2.21
62,1.7,81.61,1.27,2.22
62.1,1.7,81.58,1.27,2.22
62.2,1.7,81.55,1.27,2.23
62.3,1.7,81.51,1.26,2.24
62.4,1.7,81.48,1.26,2.25
62.5,1.7,81.44,1.26,2.26
62.6,1.7,81.4,1.26,2.26
62.7,1.7,81.36,1.26,2.27
62.8,1.7,81.32,1.26,2.28
62.9,1.7,81.27,1.26,2.29
63,1.7,81.23,1.26,2.3
63.1,1.7,81.18,1.26,2.3
63.2,1.7,81.13,1.26,2.31
63.3,1.7,81.08,1.26,2.32
63.4,1.7,81.03,1.26,2.33
63.5,1.7,80.98,1.26,2.34
63.6,1.7,80.92,1.26,2.34
63.7,1.7,80.86,1.26,2.35
63.8,1.7,80.81,1.26,2.36
63.9,1.7,80.75,1.26,2.37
64,1.7,80.68,1.26,2.38
64.1,1.7,80.62,1.26,2.38
64.2,1.7,80.55,1.26,2.39
64.3,1.7,80.49,1.26,2.4
64.4,1.7,80.42,1.26,2.41
64.5,1.7,80.34,1.26,2.42
64.6,1.7,80.27,1.26,2.43
64.7,1.7,80.19,1.26,2.43
64.8,1.7,80.12,1.26,2.44
64.9,1.7,80.03,1.26,2.45
65,1.7,79.95,1.26,2.46
65.1,1.7,79.87,1.26,2.47
65.2,1.7,79.78,1.26,2.47
65.3,1.7,79.69,1.26,2.48
65.4,1.7,79.6,1.26,2.49
65.5,1.7,79.51,1.26,2.5
65.6,1.7,79.41,1.26,2.51
65.7,1.7,79.31,1.26,2.52
65.8,1.7,79.21,1.26,2.53
65.9,1.7,79.11,1.26,2.53
66,1.7,79,1.26,2.54
66.1,1.7,78.89,1.26,2.55
58,1.8,81.92,1.27,1.9
58.1,1.8,81.91,1.27,1.91
58.2,1.8,81.9,1.27,1.91
58.3,1.8,81.89,1.27,1.92
58.4,1.8,81.88,1.27,1.93
58.5,1.8,81.88,1.27,1.94
58.6,1.8,81.87,1.27,1.94
58.7,1.8,81.86,1.27,1.95
58.8,1.8,81.85,1.27,1.96
58.9,1.8,81.84,1.27,1.97
59,1.8,81.83,1.27,1.97
59.1,1.8,81.82,1.27,1.98
59.2,1.8,81.81,1.27,1.99
59.3,1.8,81.79,1.27,2
59.4,1.8,81.78,1.27,2
59.5,1.8,81.77,1.27,2.01
59.6,1.8,81.76,1.27,2.02
59.7,1.8,81.75,1.27,2.03
59.8,1.8,81.73,1.27,2.03
59.9,1.8,81.72,1.27,2.04
60,1.8,81.71,1.27,2.05
60.1,1.8,81.69,1.27,2.06
60.2,1.8,81.68,1.27,2.06
60.3,1.8,81.66,1.27,2.07
60.4,1.8,81.65,1.27,2.08
60.5,1.8,81.63,1.27,2.09
60.6,1.8,81.61,1.27,2.1
60.7,1.8,81.59,1.27,2.1
60.8,1.8,81.57,1.27,2.11
60.9,1.8,81.55,1.27,2.12
61,1.8,81.53,1.27,2.13
61.1,1.8,81.51,1.27,2.13
61.2,1.8,81.49,1.27,2.14
61.3,1.8,81.46,1.27,2.15
61.4,1.8,81.44,1.27,2.16
61.5,1.8,81.41,1.27,2.17
61.6,1.8,81.39,1.27,2.17
61.7,1.8,81.36,1.27,2.18
61.8,1.8,81.33,1.27,2.19
61.9,1.8,81.3,1.27,2.2
62,1.8,81.27,1.27,2.2
62.1,1.8,81.24,1.26,2.21
62.2,1.8,81.2,1.26,2.22
62.3,1.8,81.17,1.26,2.23
62.4,1.8,81.13,1.26,2.24
62.5,1.8,81.09,1.26,2.24
62.6,1.8,81.05,1.26,2.25
62.7,1.8,81.01,1.26,2.26
62.8,1.8,80.97,1.26,2.27
62.9,1.8,80.93,1.26,2.28
63,1.8,80.88,1.26,2.28
63.1,1.8,80.84,1.26,2.29
63.2,1.8,80.79,1.26,2.3
63.3,1.8,80.74,1.26,2.31
63.4,1.8,80.69,1.26,2.32
63.5,1.8,80.63,1.26,2.32
63.6,1.8,80.58,1.26,2.33
63.7,1.8,80.52,1.26,2.34
63.8,1.8,80.46,1.26,2.35
63.9,1.8,80.4,1.26,2.36
64,1.8,80.34,1.26,2.36
64.1,1.8,80.28,1.26,2.37
64.2,1.8,80.21,1.26,2.38
64.3,1.8,80.14,1.26,2.39
64.4,1.8,80.07,1.26,2.4
64.5,1.8,80,1.26,2.41
64.6,1.8,79.93,1.26,2.41
64.7,1.8,79.85,1.26,2.42
64.8,1.8,79.77,1.26,2.43
64.9,1.8,79.69,1.26,2.44
65,1.8,79.61,1.26,2.45
65.1,1.8,79.53,1.26,2.46
65.2,1.8,79.44,1.26,2.46
65.3,1.8,79.35,1.26,2.47
65.4,1.8,79.26,1.26,2.48
65.5,1.8,79.16,1.26,2.49
65.6,1.8,79.07,1.26,2.5
65.7,1.8,78.97,1.26,2.51
65.8,1.8,78.87,1.26,2.51
65.9,1.8,78.76,1.26,2.52
66,1.8,78.66,1.26,2.53
66.1,1.8,78.55,1.26,2.54
58,1.9,81.58,1.27,1.89
58.1,1.9,81.57,1.27,1.9
58.2,1.9,81.56,1.27,1.9
58.3,1.9,81.55,1.27,1.91
58.4,1.9,81.54,1.27,1.92
58.5,1.9,81.53,1.27,1.93
58.6,1.9,81.52,1.27,1.93
58.7,1.9,81.51,1.27,1.94
58.8,1.9,81.5,1.27,1.95
58.9,1.9,81.49,1.27,1.96
59,1.9,81.48,1.27,1.96
59.1,1.9,81.47,1.27,1.97
59.2,1.9,81.46,1.27,1.98
59.3,1.9,81.45,1.27,1.99
59.4,1.9,81.44,1.27,1.99
59.5,1.9,81.43,1.27,2
59.6,1.9,81.41,1.27,2.01
59.7,1.9,81.4,1.27,2.02
59.8,1.9,81.39,1.27,2.02
59.9,1.9,81.38,1.27,2.03
60,1.9,81.36,1.27,2.04
60.1,1.9,81.35,1.27,2.05
60.2,1.9,81.33,1.27,2.05
60.3,1.9,81.32,1.27,2.06
60.4,1.9,81.3,1.27,2.07
60.5,1.9,81.28,1.27,2.08
60.6,1.9,81.27,1.27,2.08
60.7,1.9,81.25,1.27,2.09
60.8,1.9,81.23,1.27,2.1
60.9,1.9,81.21,1.27,2.11
61,1.9,81.19,1.27,2.12
61.1,1.9,81.17,1.27,2.12
61.2,1.9,81.14,1.27,2.13
61.3,1.9,81.12,1.27,2.14
61.4,1.9,81.09,1.27,2.15
61.5,1.9,81.07,1.27,2.15
61.6,1.9,81.04,1.27,2.16
61.7,1.9,81.01,1.27,2.17
61.8,1.9,80.99,1.27,2.18
61.9,1.9,80.96,1.26,2.19
62,1.9,80.92,1.26,2.19
62.1,1.9,80.89,1.26,2.2
62.2,1.9,80.86,1.26,2.21
62.3,1.9,80.82,1.26,2.22
62.4,1.9,80.79,1.26,2.23
62.5,1.9,80.75,1.26,2.23
62.6,1.9,80.71,1.26,2.24
62.7,1.9,80.67,1.26,2.25
62.8,1.9,80.63,1.26,2.26
62.9,1.9,80.58,1.26,2.26
63,1.9,80.54,1.26,2.27
63.1,1.9,80.49,1.26,2.28
63.2,1.9,80.44,1.26,2.29
63.3,1.9,80.39,1.26,2.3
63.4,1.9,80.34,1.26,2.3
63.5,1.9,80.29,1.26,2.31
63.6,1.9,80.24,1.26,2.32
63.7,1.9,80.18,1.26,2.33
63.8,1.9,80.12,1.26,2.34
63.9,1.9,80.06,1.26,2.35
64,1.9,80,1.26,2.35
64.1,1.9,79.93,1.26,2.36
64.2,1.9,79.87,1.26,2.37
64.3,1.9,79.8,1.26,2.38
64.4,1.9,79.73,1.26,2.39
64.5,1.9,79.66,1.26,2.39
64.6,1.9,79.59,1.26,2.4
64.7,1.9,79.51,1.26,2.41
64.8,1.9,79.43,1.26,2.42
64.9,1.9,79.35,1.26,2.43
65,1.9,79.27,1.26,2.44
65.1,1.9,79.19,1.26,2.44
65.2,1.9,79.1,1.26,2.45
65.3,1.9,79.01,1.26,2.46
65.4,1.9,78.92,1.26,2.47
65.5,1.9,78.82,1.26,2.48
65.6,1.9,78.73,1.26,2.49
65.7,1.9,78.63,1.26,2.49
65.8,1.9,78.53,1.26,2.5
65.9,1.9,78.43,1.26,2.51
66,1.9,78.32,1.26,2.52
66.1,1.9,78.21,1.26,2.53
58,2,81.23,1.27,1.88
58.1,2,81.22,1.27,1.89
58.2,2,81.21,1.27,1.89
58.3,2,81.2,1.27,1.9
58.4,2,81.19,1.27,1.91
58.5,2,81.18,1.27,1.92
58.6,2,81.17,1.27,1.92
58.7,2,81.16,1.27,1.93
58.8,2,81.15,1.27,1.94
58.9,2,81.14,1.27,1.95
59,2,81.13,1.27,1.95
59.1,2,81.12,1.27,1.96
59.2,2,81.11,1.27,1.97
59.3,2,81.1,1.27,1.98
59.4,2,81.09,1.27,1.98
59.5,2,81.08,1.27,1.99
59.6,2,81.07,1.27,2
59.7,2,81.06,1.27,2.01
59.8,2,81.04,1.27,2.01
59.9,2,81.03,1.27,2.02
60,2,81.02,1.27,2.03
60.1,2,81,1.27,2.04
60.2,2,80.99,1.27,2.04
60.3,2,80.97,1.27,2.05
60.4,2,80.96,1.27,2.06
60.5,2,80.94,1.27,2.07
60.6,2,80.92,1.27,2.07
60.7,2,80.9,1.27,2.08
60.8,2,80.88,1.27,2.09
60.9,2,80.86,1.27,2.1
61,2,80.84,1.27,2.1
61.1,2,80.82,1.27,2.11
61.2,2,80.8,1.27,2.12
61.3,2,80.78,1.27,2.13
61.4,2,80.75,1.27,2.14
61.5,2,80.73,1.27,2.14
61.6,2,80.7,1.27,2.15
61.7,2,80.67,1.26,2.16
61.8,2,80.64,1.26,2.17
61.9,2,80.61,1.26,2.17
62,2,80.58,1.26,2.18
62.1,2,80.55,1.26,2.19
62.2,2,80.52,1.26,2.2
62.3,2,80.48,1.26,2.21
62.4,2,80.45,1.26,2.21
62.5,2,80.41,1.26,2.22
62.6,2,80.37,1.26,2.23
62.7,2,80.33,1.26,2.24
62.8,2,80.29,1.26,2.25
62.9,2,80.24,1.26,2.25
63,2,80.2,1.26,2.26
63.1,2,80.15,1.26,2.27
63.2,2,80.1,1.26,2.28
63.3,2,80.05,1.26,2.29
63.4,2,80,1.26,2.29
63.5,2,79.95,1.26,2.3
63.6,2,79.9,1.26,2.31
63.7,2,79.84,1.26,2.32
63.8,2,79.78,1.26,2.33
63.9,2,79.72,1.26,2.33
64,2,79.66,1.26,2.34
64.1,2,79.6,1.26,2.35
64.2,2,79.53,1.26,2.36
64.3,2,79.46,1.26,2.37
64.4,2,79.39,1.26,2.37
64.5,2,79.32,1.26,2.38
64.6,2,79.25,1.26,2.39
64.7,2,79.17,1.26,2.4
64.8,2,79.09,1.26,2.41
64.9,2,79.01,1.26,2.42
65,2,78.93,1.26,2.42
65.1,2,78.85,1.26,2.43
65.2,2,78.76,1.26,2.44
65.3,2,78.67,1.26,2.45
65.4,2,78.58,1.26,2.46
65.5,2,78.49,1.26,2.47
65.6,2,78.39,1.26,2.47
65.7,2,78.29,1.26,2.48
65.8,2,78.19,1.26,2.49
65.9,2,78.09,1.26,2.5
66,2,77.98,1.26,2.51
66.1,2,77.87,1.26,2.52
58,2.1,80.89,1.27,1.87
58.1,2.1,80.88,1.27,1.88
58.2,2.1,80.87,1.27,1.88
58.3,2.1,80.86,1.27,1.89
58.4,2.1,80.85,1.27,1.9
58.5,2.1,80.84,1.27,1.91
58.6,2.1,80.83,1.27,1.91
58.7,2.1,80.82,1.27,1.92
58.8,2.1,80.81,1.27,1.93
58.9,2.1,80.8,1.27,1.94
59,2.1,80.79,1.27,1.94
59.1,2.1,80.78,1.27,1.95
59.2,2.1,80.77,1.27,1.96
59.3,2.1,80.76,1.27,1.97
59.4,2.1,80.75,1.27,1.97
59.5,2.1,80.74,1.27,1.98
59.6,2.1,80.73,1.27,1.99
59.7,2.1,80.71,1.27,2
59.8,2.1,80.7,1.27,2
59.9,2.1,80.69,1.27,2.01
60,2.1,80.67,1.27,2.02
60.1,2.1,80.66,1.27,2.03
60.2,2.1,80.65,1.27,2.03
60.3,2.1,80.63,1.27,2.04
60.4,2.1,80.61,1.27,2.05
60.5,2.1,80.6,1.27,2.06
60.6,2.1,80.58,1.27,2.06
60.7,2.1,80.56,1.27,2.07
60.8,2.1,80.54,1.27,2.08
60.9,2.1,80.52,1.27,2.09
61,2.1,80.5,1.27,2.09
61.1,2.1,80.48,1.27,2.1
61.2,2.1,80.46,1.27,2.11
61.3,2.1,80.44,1.27,2.12
61.4,2.1,80.41,1.27,2.13
61.5,2.1,80.39,1.26,2.13
61.6,2.1,80.36,1.26,2.14
61.7,2.1,80.33,1.26,2.15
61.8,2.1,80.3,1.26,2.16
61.9,2.1,80.27,1.26,2.16
62,2.1,80.24,1.26,2.17
62.1,2.1,80.21,1.26,2.18
62.2,2.1,80.18,1.26,2.19
62.3,2.1,80.14,1.26,2.2
62.4,2.1,80.11,1.26,2.2
62.5,2.1,80.07,1.26,2.21
62.6,2.1,80.03,1.26,2.22
62.7,2.1,79.99,1.26,2.23
62.8,2.1,79.95,1.26,2.23
62.9,2.1,79.9,1.26,2.24
63,2.1,79.86,1.26,2.25
63.1,2.1,79.81,1.26,2.26
63.2,2.1,79.76,1.26,2.27
63.3,2.1,79.72,1.26,2.27
63.4,2.1,79.66,1.26,2.28
63.5,2.1,79.61,1.26,2.29
63.6,2.1,79.56,1.26,2.3
63.7,2.1,79.5,1.26,2.31
63.8,2.1,79.44,1.26,2.31
63.9,2.1,79.38,1.26,2.32
64,2.1,79.32,1.26,2.33
64.1,2.1,79.26,1.26,2.34
64.2,2.1,79.19,1.26,2.35
64.3,2.1,79.12,1.26,2.36
64.4,2.1,79.05,1.26,2.36
64.5,2.1,78.98,1.26,2.37
64.6,2.1,78.91,1.26,2.38
64.7,2.1,78.83,1.26,2.39
64.8,2.1,78.76,1.26,2.4
64.9,2.1,78.68,1.26,2.4
65,2.1,78.59,1.26,2.41
65.1,2.1,78.51,1.26,2.42
65.2,2.1,78.42,1.26,2.43
65.3,2.1,78.34,1.26,2.44
65.4,2.1,78.24,1.26,2.45
65.5,2.1,78.15,1.26,2.45
65.6,2.1,78.05,1.26,2.46
65.7,2.1,77.96,1.26,2.47
65.8,2.1,77.86,1.26,2.48
65.9,2.1,77.75,1.26,2.49
66,2.1,77.65,1.26,2.5
66.1,2.1,77.54,1.26,2.5
58,2.2,80.54,1.27,1.86
58.1,2.2,80.53,1.27,1.87
58.2,2.2,80.52,1.27,1.87
58.3,2.2,80.52,1.27,1.88
58.4,2.2,80.51,1.27,1.89
58.5,2.2,80.5,1.27,1.9
58.6,2.2,80.49,1.27,1.9
58.7,2.2,80.48,1.27,1.91
58.8,2.2,80.47,1.27,1.92
58.9,2.2,80.46,1.27,1.93
59,2.2,80.45,1.27,1.93
59.1,2.2,80.44,1.27,1.94
59.2,2.2,80.43,1.27,1.95
59.3,2.2,80.42,1.27,1.95
59.4,2.2,80.41,1.27,1.96
59.5,2.2,80.4,1.27,1.97
59.6,2.2,80.39,1.27,1.98
59.7,2.2,80.37,1.27,1.98
59.8,2.2,80.36,1.27,1.99
59.9,2.2,80.35,1.27,2
60,2.2,80.33,1.27,2.01
60.1,2.2,80.32,1.27,2.01
60.2,2.2,80.31,1.27,2.02
60.3,2.2,80.29,1.27,2.03
60.4,2.2,80.27,1.27,2.04
60.5,2.2,80.26,1.27,2.05
60.6,2.2,80.24,1.27,2.05
60.7,2.2,80.22,1.27,2.06
60.8,2.2,80.2,1.27,2.07
60.9,2.2,80.18,1.27,2.08
61,2.2,80.16,1.27,2.08
61.1,2.2,80.14,1.27,2.09
61.2,2.2,80.12,1.27,2.1
61.3,2.2,80.1,1.27,2.11
61.4,2.2,80.07,1.26,2.11
61.5,2.2,80.05,1.26,2.12
61.6,2.2,80.02,1.26,2.13
61.7,2.2,79.99,1.26,2.14
61.8,2.2,79.96,1.26,2.15
61.9,2.2,79.93,1.26,2.15
62,2.2,79.9,1.26,2.16
62.1,2.2,79.87,1.26,2.17
62.2,2.2,79.84,1.26,2.18
62.3,2.2,79.8,1.26,2.18
62.4,2.2,79.77,1.26,2.19
62.5,2.2,79.73,1.26,2.2
62.6,2.2,79.69,1.26,2.21
62.7,2.2,79.65,1.26,2.22
62.8,2.2,79.61,1.26,2.22
62.9,2.2,79.57,1.26,2.23
63,2.2,79.52,1.26,2.24
63.1,2.2,79.48,1.26,2.25
63.2,2.2,79.43,1.26,2.26
63.3,2.2,79.38,1.26,2.26
63.4,2.2,79.33,1.26,2.27
63.5,2.2,79.27,1.26,2.28
63.6,2.2,79.22,1.26,2.29
63.7,2.2,79.16,1.26,2.3
63.8,2.2,79.11,1.26,2.3
63.9,2.2,79.05,1.26,2.31
64,2.2,78.98,1.26,2.32
64.1,2.2,78.92,1.26,2.33
64.2,2.2,78.86,1.26,2.34
64.3,2.2,78.79,1.26,2.34
64.4,2.2,78.72,1.26,2.35
64.5,2.2,78.65,1.26,2.36
64.6,2.2,78.57,1.26,2.37
64.7,2.2,78.5,1.26,2.38
64.8,2.2,78.42,1.26,2.38
64.9,2.2,78.34,1.26,2.39
65,2.2,78.26,1.26,2.4
65.1,2.2,78.18,1.26,2.41
65.2,2.2,78.09,1.26,2.42
65.3,2.2,78,1.26,2.43
65.4,2.2,77.91,1.26,2.43
65.5,2.2,77.82,1.26,2.44
65.6,2.2,77.72,1.26,2.45
65.7,2.2,77.62,1.26,2.46
65.8,2.2,77.52,1.26,2.47
65.9,2.2,77.42,1.26,2.48
66,2.2,77.31,1.26,2.48
66.1,2.2,77.21,1.26,2.49
58,2.3,80.2,1.27,1.85
58.1,2.3,80.19,1.27,1.86
58.2,2.3,80.18,1.27,1.86
58.3,2.3,80.18,1.27,1.87
58.4,2.3,80.17,1.27,1.88
58.5,2.3,80.16,1.27,1.89
58.6,2.3,80.15,1.27,1.89
58.7,2.3,80.14,1.27,1.9
58.8,2.3,80.13,1.27,1.91
58.9,2.3,80.12,1.27,1.91
59,2.3,80.11,1.27,1.92
59.1,2.3,80.1,1.27,1.93
59.2,2.3,80.09,1.27,1.94
59.3,2.3,80.08,1.27,1.94
59.4,2.3,80.07,1.27,1.95
59.5,2.3,80.06,1.27,1.96
59.6,2.3,80.05,1.27,1.97
59.7,2.3,80.03,1.27,1.97
59.8,2.3,80.02,1.27,1.98
59.9,2.3,80.01,1.27,1.99
60,2.3,80,1.27,2
60.1,2.3,79.98,1.27,2
60.2,2.3,79.97,1.27,2.01
60.3,2.3,79.95,1.27,2.02
60.4,2.3,79.94,1.27,2.03
60.5,2.3,79.92,1.27,2.03
60.6,2.3,79.9,1.27,2.04
60.7,2.3,79.88,1.27,2.05
60.8,2.3,79.87,1.27,2.06
60.9,2.3,79.85,1.27,2.07
61,2.3,79.83,1.27,2.07
61.1,2.3,79.8,1.27,2.08
61.2,2.3,79.78,1.26,2.09
61.3,2.3,79.76,1.26,2.1
61.4,2.3,79.73,1.26,2.1
61.5,2.3,79.71,1.26,2.11
61.6,2.3,79.68,1.26,2.12
61.7,2.3,79.66,1.26,2.13
61.8,2.3,79.63,1.26,2.13
61.9,2.3,79.6,1.26,2.14
62,2.3,79.57,1.26,2.15
62.1,2.3,79.53,1.26,2.16
62.2,2.3,79.5,1.26,2.17
62.3,2.3,79.47,1.26,2.17
62.4,2.3,79.43,1.26,2.18
62.5,2.3,79.39,1.26,2.19
62.6,2.3,79.36,1.26,2.2
62.7,2.3,79.32,1.26,2.21
62.8,2.3,79.27,1.26,2.21
62.9,2.3,79.23,1.26,2.22
63,2.3,79.19,1.26,2.23
63.1,2.3,79.14,1.26,2.24
63.2,2.3,79.09,1.26,2.24
63.3,2.3,79.04,1.26,2.25
63.4,2.3,78.99,1.26,2.26
63.5,2.3,78.94,1.26,2.27
63.6,2.3,78.89,1.26,2.28
63.7,2.3,78.83,1.26,2.28
63.8,2.3,78.77,1.26,2.29
63.9,2.3,78.71,1.26,2.3
64,2.3,78.65,1.26,2.31
64.1,2.3,78.59,1.26,2.32
64.2,2.3,78.52,1.26,2.32
64.3,2.3,78.45,1.26,2.33
64.4,2.3,78.39,1.26,2.34
64.5,2.3,78.31,1.26,2.35
64.6,2.3,78.24,1.26,2.36
64.7,2.3,78.17,1.26,2.37
64.8,2.3,78.09,1.26,2.37
64.9,2.3,78.01,1.26,2.38
65,2.3,77.93,1.26,2.39
65.1,2.3,77.84,1.26,2.4
65.2,2.3,77.76,1.26,2.41
65.3,2.3,77.67,1.26,2.41
65.4,2.3,77.58,1.26,2.42
65.5,2.3,77.48,1.26,2.43
65.6,2.3,77.39,1.26,2.44
65.7,2.3,77.29,1.25,2.45
65.8,2.3,77.19,1.25,2.46
65.9,2.3,77.09,1.25,2.46
66,2.3,76.98,1.25,2.47
66.1,2.3,76.87,1.25,2.48
58,2.4,79.86,1.27,1.84
58.1,2.4,79.86,1.27,1.85
58.2,2.4,79.85,1.27,1.85
58.3,2.4,79.84,1.27,1.86
58.4,2.4,79.83,1.27,1.87
58.5,2.4,79.82,1.27,1.88
58.6,2.4,79.81,1.27,1.88
58.7,2.4,79.8,1.27,1.89
58.8,2.4,79.79,1.27,1.9
58.9,2.4,79.78,1.27,1.9
59,2.4,79.77,1.27,1.91
59.1,2.4,79.76,1.27,1.92
59.2,2.4,79.75,1.27,1.93
59.3,2.4,79.74,1.27,1.93
59.4,2.4,79.73,1.27,1.94
59.5,2.4,79.72,1.27,1.95
59.6,2.4,79.71,1.27,1.96
59.7,2.4,79.7,1.27,1.96
59.8,2.4,79.68,1.27,1.97
59.9,2.4,79.67,1.27,1.98
60,2.4,79.66,1.27,1.99
60.1,2.4,79.64,1.27,1.99
60.2,2.4,79.63,1.27,2
60.3,2.4,79.62,1.27,2.01
60.4,2.4,79.6,1.27,2.02
60.5,2.4,79.58,1.27,2.02
60.6,2.4,79.57,1.27,2.03
60.7,2.4,79.55,1.27,2.04
60.8,2.4,79.53,1.27,2.05
60.9,2.4,79.51,1.27,2.05
61,2.4,79.49,1.26,2.06
61.1,2.4,79.47,1.26,2.07
61.2,2.4,79.45,1.26,2.08
61.3,2.4,79.42,1.26,2.09
61.4,2.4,79.4,1.26,2.09
61.5,2.4,79.37,1.26,2.1
61.6,2.4,79.35,1.26,2.11
61.7,2.4,79.32,1.26,2.12
61.8,2.4,79.29,1.26,2.12
61.9,2.4,79.26,1.26,2.13
62,2.4,79.23,1.26,2.14
62.1,2.4,79.2,1.26,2.15
62.2,2.4,79.17,1.26,2.15
62.3,2.4,79.13,1.26,2.16
62.4,2.4,79.1,1.26,2.17
62.5,2.4,79.06,1.26,2.18
62.6,2.4,79.02,1.26,2.19
62.7,2.4,78.98,1.26,2.19
62.8,2.4,78.94,1.26,2.2
62.9,2.4,78.9,1.26,2.21
63,2.4,78.85,1.26,2.22
63.1,2.4,78.81,1.26,2.23
63.2,2.4,78.76,1.26,2.23
63.3,2.4,78.71,1.26,2.24
63.4,2.4,78.66,1.26,2.25
63.5,2.4,78.61,1.26,2.26
63.6,2.4,78.55,1.26,2.27
63.7,2.4,78.5,1.26,2.27
63.8,2.4,78.44,1.26,2.28
63.9,2.4,78.38,1.26,2.29
64,2.4,78.32,1.26,2.3
64.1,2.4,78.25,1.26,2.31
64.2,2.4,78.19,1.26,2.31
64.3,2.4,78.12,1.26,2.32
64.4,2.4,78.05,1.26,2.33
64.5,2.4,77.98,1.26,2.34
64.6,2.4,77.91,1.26,2.35
64.7,2.4,77.83,1.26,2.35
64.8,2.4,77.76,1.26,2.36
64.9,2.4,77.68,1.26,2.37
65,2.4,77.6,1.26,2.38
65.1,2.4,77.51,1.26,2.39
65.2,2.4,77.43,1.26,2.4
65.3,2.4,77.34,1.25,2.4
65.4,2.4,77.25,1.25,2.41
65.5,2.4,77.15,1.25,2.42
65.6,2.4,77.06,1.25,2.43
65.7,2.4,76.96,1.25,2.44
65.8,2.4,76.86,1.25,2.44
65.9,2.4,76.76,1.25,2.45
66,2.4,76.65,1.25,2.46
66.1,2.4,76.54,1.25,2.47
58,2.5,79.53,1.27,1.83
58.1,2.5,79.52,1.27,1.84
58.2,2.5,79.51,1.27,1.84
58.3,2.5,79.5,1.27,1.85
58.4,2.5,79.49,1.27,1.86
58.5,2.5,79.48,1.27,1.87
58.6,2.5,79.47,1.27,1.87
58.7,2.5,79.46,1.27,1.88
58.8,2.5,79.46,1.27,1.89
58.9,2.5,79.45,1.27,1.89
59,2.5,79.44,1.27,1.9
59.1,2.5,79.43,1.27,1.91
59.2,2.5,79.42,1.27,1.92
59.3,2.5,79.41,1.27,1.92
59.4,2.5,79.4,1.27,1.93
59.5,2.5,79.38,1.27,1.94
59.6,2.5,79.37,1.27,1.95
59.7,2.5,79.36,1.27,1.95
59.8,2.5,79.35,1.27,1.96
59.9,2.5,79.34,1.27,1.97
60,2.5,79.32,1.27,1.98
60.1,2.5,79.31,1.27,1.98
60.2,2.5,79.3,1.27,1.99
60.3,2.5,79.28,1.27,2
60.4,2.5,79.26,1.27,2.01
60.5,2.5,79.25,1.27,2.01
60.6,2.5,79.23,1.27,2.02
60.7,2.5,79.21,1.27,2.03
60.8,2.5,79.2,1.26,2.04
60.9,2.5,79.18,1.26,2.04
61,2.5,79.16,1.26,2.05
61.1,2.5,79.13,1.26,2.06
61.2,2.5,79.11,1.26,2.07
61.3,2.5,79.09,1.26,2.07
61.4,2.5,79.07,1.26,2.08
61.5,2.5,79.04,1.26,2.09
61.6,2.5,79.01,1.26,2.1
61.7,2.5,78.99,1.26,2.11
61.8,2.5,78.96,1.26,2.11
61.9,2.5,78.93,1.26,2.12
62,2.5,78.9,1.26,2.13
62.1,2.5,78.87,1.26,2.14
62.2,2.5,78.83,1.26,2.14
62.3,2.5,78.8,1.26,2.15
62.4,2.5,78.76,1.26,2.16
62.5,2.5,78.73,1.26,2.17
62.6,2.5,78.69,1.26,2.18
62.7,2.5,78.65,1.26,2.18
62.8,2.5,78.61,1.26,2.19
62.9,2.5,78.56,1.26,2.2
63,2.5,78.52,1.26,2.21
63.1,2.5,78.47,1.26,2.21
63.2,2.5,78.43,1.26,2.22
63.3,2.5,78.38,1.26,2.23
63.4,2.5,78.33,1.26,2.24
63.5,2.5,78.28,1.26,2.25
63.6,2.5,78.22,1.26,2.25
63.7,2.5,78.17,1.26,2.26
63.8,2.5,78.11,1.26,2.27
63.9,2.5,78.05,1.26,2.28
64,2.5,77.99,1.26,2.29
64.1,2.5,77.92,1.26,2.29
64.2,2.5,77.86,1.26,2.3
64.3,2.5,77.79,1.26,2.31
64.4,2.5,77.72,1.26,2.32
64.5,2.5,77.65,1.26,2.33
64.6,2.5,77.58,1.26,2.33
64.7,2.5,77.5,1.26,2.34
64.8,2.5,77.43,1.26,2.35
64.9,2.5,77.35,1.25,2.36
65,2.5,77.27,1.25,2.37
65.1,2.5,77.18,1.25,2.38
65.2,2.5,77.1,1.25,2.38
65.3,2.5,77.01,1.25,2.39
65.4,2.5,76.92,1.25,2.4
65.5,2.5,76.83,1.25,2.41
65.6,2.5,76.73,1.25,2.42
65.7,2.5,76.63,1.25,2.42
65.8,2.5,76.53,1.25,2.43
65.9,2.5,76.43,1.25,2.44
66,2.5,76.32,1.25,2.45
66.1,2.5,76.22,1.25,2.46
58,2.6,79.19,1.27,1.82
58.1,2.6,79.18,1.27,1.83
58.2,2.6,79.17,1.27,1.83
58.3,2.6,79.17,1.27,1.84
58.4,2.6,79.16,1.27,1.85
58.5,2.6,79.15,1.27,1.86
58.6,2.6,79.14,1.27,1.86
58.7,2.6,79.13,1.27,1.87
58.8,2.6,79.12,1.27,1.88
58.9,2.6,79.11,1.27,1.88
59,2.6,79.1,1.27,1.89
59.1,2.6,79.09,1.27,1.9
59.2,2.6,79.08,1.27,1.91
59.3,2.6,79.07,1.27,1.91
59.4,2.6,79.06,1.27,1.92
59.5,2.6,79.05,1.27,1.93
59.6,2.6,79.04,1.27,1.94
59.7,2.6,79.03,1.27,1.94
59.8,2.6,79.02,1.27,1.95
59.9,2.6,79,1.27,1.96
60,2.6,78.99,1.27,1.97
60.1,2.6,78.98,1.27,1.97
60.2,2.6,78.96,1.27,1.98
60.3,2.6,78.95,1.27,1.99
60.4,2.6,78.93,1.27,2
60.5,2.6,78.92,1.27,2
60.6,2.6,78.9,1.27,2.01
60.7,2.6,78.88,1.26,2.02
60.8,2.6,78.86,1.26,2.03
60.9,2.6,78.84,1.26,2.03
61,2.6,78.82,1.26,2.04
61.1,2.6,78.8,1.26,2.05
61.2,2.6,78.78,1.26,2.06
61.3,2.6,78.76,1.26,2.06
61.4,2.6,78.73,1.26,2.07
61.5,2.6,78.71,1.26,2.08
61.6,2.6,78.68,1.26,2.09
61.7,2.6,78.66,1.26,2.09
61.8,2.6,78.63,1.26,2.1
61.9,2.6,78.6,1.26,2.11
62,2.6,78.57,1.26,2.12
62.1,2.6,78.54,1.26,2.13
62.2,2.6,78.5,1.26,2.13
62.3,2.6,78.47,1.26,2.14
62.4,2.6,78.43,1.26,2.15
62.5,2.6,78.4,1.26,2.16
62.6,2.6,78.36,1.26,2.16
62.7,2.6,78.32,1.26,2.17
62.8,2.6,78.28,1.26,2.18
62.9,2.6,78.23,1.26,2.19
63,2.6,78.19,1.26,2.2
63.1,2.6,78.14,1.26,2.2
63.2,2.6,78.1,1.26,2.21
63.3,2.6,78.05,1.26,2.22
63.4,2.6,78,1.26,2.23
63.5,2.6,77.95,1.26,2.24
63.6,2.6,77.89,1.26,2.24
63.7,2.6,77.84,1.26,2.25
63.8,2.6,77.78,1.26,2.26
63.9,2.6,77.72,1.26,2.27
64,2.6,77.66,1.26,2.28
64.1,2.6,77.6,1.26,2.28
64.2,2.6,77.53,1.26,2.29
64.3,2.6,77.46,1.26,2.3
64.4,2.6,77.39,1.26,2.31
64.5,2.6,77.32,1.25,2.32
64.6,2.6,77.25,1.25,2.32
64.7,2.6,77.18,1.25,2.33
64.8,2.6,77.1,1.25,2.34
64.9,2.6,77.02,1.25,2.35
65,2.6,76.94,1.25,2.36
65.1,2.6,76.86,1.25,2.36
65.2,2.6,76.77,1.25,2.37
65.3,2.6,76.68,1.25,2.38
65.4,2.6,76.59,1.25,2.39
65.5,2.6,76.5,1.25,2.4
65.6,2.6,76.4,1.25,2.41
65.7,2.6,76.31,1.25,2.41
65.8,2.6,76.21,1.25,2.42
65.9,2.6,76.1,1.25,2.43
66,2.6,76,1.25,2.44
66.1,2.6,75.89,1.25,2.45
58,2.7,78.86,1.27,1.81
58.1,2.7,78.85,1.27,1.82
58.2,2.7,78.84,1.27,1.82
58.3,2.7,78.83,1.27,1.83
58.4,2.7,78.82,1.27,1.84
58.5,2.7,78.82,1.27,1.84
58.6,2.7,78.81,1.27,1.85
58.7,2.7,78.8,1.27,1.86
58.8,2.7,78.79,1.27,1.87
58.9,2.7,78.78,1.27,1.87
59,2.7,78.77,1.27,1.88
59.1,2.7,78.76,1.27,1.89
59.2,2.7,78.75,1.27,1.9
59.3,2.7,78.74,1.27,1.9
59.4,2.7,78.73,1.27,1.91
59.5,2.7,78.72,1.27,1.92
59.6,2.7,78.71,1.27,1.93
59.7,2.7,78.7,1.27,1.93
59.8,2.7,78.68,1.27,1.94
59.9,2.7,78.67,1.27,1.95
60,2.7,78.66,1.27,1.96
60.1,2.7,78.65,1.27,1.96
60.2,2.7,78.63,1.27,1.97
60.3,2.7,78.62,1.27,1.98
60.4,2.7,78.6,1.27,1.99
60.5,2.7,78.58,1.26,1.99
60.6,2.7,78.57,1.26,2
60.7,2.7,78.55,1.26,2.01
60.8,2.7,78.53,1.26,2.02
60.9,2.7,78.51,1.26,2.02
61,2.7,78.49,1.26,2.03
61.1,2.7,78.47,1.26,2.04
61.2,2.7,78.45,1.26,2.05
61.3,2.7,78.43,1.26,2.05
61.4,2.7,78.4,1.26,2.06
61.5,2.7,78.38,1.26,2.07
61.6,2.7,78.35,1.26,2.08
61.7,2.7,78.33,1.26,2.08
61.8,2.7,78.3,1.26,2.09
61.9,2.7,78.27,1.26,2.1
62,2.7,78.24,1.26,2.11
62.1,2.7,78.21,1.26,2.12
62.2,2.7,78.17,1.26,2.12
62.3,2.7,78.14,1.26,2.13
62.4,2.7,78.1,1.26,2.14
62.5,2.7,78.07,1.26,2.15
62.6,2.7,78.03,1.26,2.15
62.7,2.7,77.99,1.26,2.16
62.8,2.7,77.95,1.26,2.17
62.9,2.7,77.91,1.26,2.18
63,2.7,77.86,1.26,2.19
63.1,2.7,77.82,1.26,2.19
63.2,2.7,77.77,1.26,2.2
63.3,2.7,77.72,1.26,2.21
63.4,2.7,77.67,1.26,2.22
63.5,2.7,77.62,1.26,2.22
63.6,2.7,77.56,1.26,2.23
63.7,2.7,77.51,1.26,2.24
63.8,2.7,77.45,1.26,2.25
63.9,2.7,77.39,1.26,2.26
64,2.7,77.33,1.26,2.26
64.1,2.7,77.27,1.25,2.27
64.2,2.7,77.2,1.25,2.28
64.3,2.7,77.14,1.25,2.29
64.4,2.7,77.07,1.25,2.3
64.5,2.7,77,1.25,2.3
64.6,2.7,76.92,1.25,2.31
64.7,2.7,76.85,1.25,2.32
64.8,2.7,76.77,1.25,2.33
64.9,2.7,76.69,1.25,2.34
65,2.7,76.61,1.25,2.35
65.1,2.7,76.53,1.25,2.35
65.2,2.7,76.44,1.25,2.36
65.3,2.7,76.36,1.25,2.37
65.4,2.7,76.27,1.25,2.38
65.5,2.7,76.17,1.25,2.39
65.6,2.7,76.08,1.25,2.39
65.7,2.7,75.98,1.25,2.4
65.8,2.7,75.88,1.25,2.41
65.9,2.7,75.78,1.25,2.42
66,2.7,75.67,1.25,2.43
66.1,2.7,75.57,1.25,2.44
58,2.8,78.53,1.27,1.8
58.1,2.8,78.52,1.27,1.81
58.2,2.8,78.51,1.27,1.81
58.3,2.8,78.5,1.27,1.82
58.4,2.8,78.49,1.27,1.83
58.5,2.8,78.48,1.27,1.83
58.6,2.8,78.48,1.27,1.84
58.7,2.8,78.47,1.27,1.85
58.8,2.8,78.46,1.27,1.86
58.9,2.8,78.45,1.27,1.86
59,2.8,78.44,1.27,1.87
59.1,2.8,78.43,1.27,1.88
59.2,2.8,78.42,1.27,1.89
59.3,2.8,78.41,1.27,1.89
59.4,2.8,78.4,1.27,1.9
59.5,2.8,78.39,1.27,1.91
59.6,2.8,78.38,1.27,1.92
59.7,2.8,78.37,1.27,1.92
59.8,2.8,78.35,1.27,1.93
59.9,2.8,78.34,1.27,1.94
60,2.8,78.33,1.27,1.95
60.1,2.8,78.32,1.27,1.95
60.2,2.8,78.3,1.27,1.96
60.3,2.8,78.29,1.26,1.97
60.4,2.8,78.27,1.26,1.98
60.5,2.8,78.26,1.26,1.98
60.6,2.8,78.24,1.26,1.99
60.7,2.8,78.22,1.26,2
60.8,2.8,78.2,1.26,2.01
60.9,2.8,78.18,1.26,2.01
61,2.8,78.16,1.26,2.02
61.1,2.8,78.14,1.26,2.03
61.2,2.8,78.12,1.26,2.04
61.3,2.8,78.1,1.26,2.04
61.4,2.8,78.07,1.26,2.05
61.5,2.8,78.05,1.26,2.06
61.6,2.8,78.02,1.26,2.07
61.7,2.8,78,1.26,2.07
61.8,2.8,77.97,1.26,2.08
61.9,2.8,77.94,1.26,2.09
62,2.8,77.91,1.26,2.1
62.1,2.8,77.88,1.26,2.1
62.2,2.8,77.85,1.26,2.11
62.3,2.8,77.81,1.26,2.12
62.4,2.8,77.78,1.26,2.13
62.5,2.8,77.74,1.26,2.14
62.6,2.8,77.7,1.26,2.14
62.7,2.8,77.66,1.26,2.15
62.8,2.8,77.62,1.26,2.16
62.9,2.8,77.58,1.26,2.17
63,2.8,77.54,1.26,2.17
63.1,2.8,77.49,1.26,2.18
63.2,2.8,77.44,1.26,2.19
63.3,2.8,77.39,1.26,2.2
63.4,2.8,77.34,1.26,2.21
63.5,2.8,77.29,1.26,2.21
63.6,2.8,77.24,1.26,2.22
63.7,2.8,77.18,1.26,2.23
63.8,2.8,77.13,1.25,2.24
63.9,2.8,77.07,1.25,2.25
64,2.8,77.01,1.25,2.25
64.1,2.8,76.94,1.25,2.26
64.2,2.8,76.88,1.25,2.27
64.3,2.8,76.81,1.25,2.28
64.4,2.8,76.74,1.25,2.29
64.5,2.8,76.67,1.25,2.29
64.6,2.8,76.6,1.25,2.3
64.7,2.8,76.53,1.25,2.31
64.8,2.8,76.45,1.25,2.32
64.9,2.8,76.37,1.25,2.33
65,2.8,76.29,1.25,2.33
65.1,2.8,76.21,1.25,2.34
65.2,2.8,76.12,1.25,2.35
65.3,2.8,76.03,1.25,2.36
65.4,2.8,75.94,1.25,2.37
65.5,2.8,75.85,1.25,2.37
65.6,2.8,75.75,1.25,2.38
65.7,2.8,75.66,1.25,2.39
65.8,2.8,75.56,1.25,2.4
65.9,2.8,75.46,1.25,2.41
66,2.8,75.35,1.25,2.42
66.1,2.8,75.24,1.25,2.42
58,2.9,78.2,1.27,1.79
58.1,2.9,78.19,1.27,1.8
58.2,2.9,78.18,1.27,1.8
58.3,2.9,78.17,1.27,1.81
58.4,2.9,78.16,1.27,1.82
58.5,2.9,78.16,1.27,1.83
58.6,2.9,78.15,1.27,1.83
58.7,2.9,78.14,1.27,1.84
58.8,2.9,78.13,1.27,1.85
58.9,2.9,78.12,1.27,1.85
59,2.9,78.11,1.27,1.86
59.1,2.9,78.1,1.27,1.87
59.2,2.9,78.09,1.27,1.88
59.3,2.9,78.08,1.27,1.88
59.4,2.9,78.07,1.27,1.89
59.5,2.9,78.06,1.27,1.9
59.6,2.9,78.05,1.27,1.91
59.7,2.9,78.04,1.27,1.91
59.8,2.9,78.03,1.27,1.92
59.9,2.9,78.01,1.27,1.93
60,2.9,78,1.27,1.94
60.1,2.9,77.99,1.27,1.94
60.2,2.9,77.97,1.26,1.95
60.3,2.9,77.96,1.26,1.96
60.4,2.9,77.94,1.26,1.96
60.5,2.9,77.93,1.26,1.97
60.6,2.9,77.91,1.26,1.98
60.7,2.9,77.89,1.26,1.99
60.8,2.9,77.88,1.26,1.99
60.9,2.9,77.86,1.26,2
61,2.9,77.84,1.26,2.01
61.1,2.9,77.82,1.26,2.02
61.2,2.9,77.79,1.26,2.03
61.3,2.9,77.77,1.26,2.03
61.4,2.9,77.75,1.26,2.04
61.5,2.9,77.72,1.26,2.05
61.6,2.9,77.7,1.26,2.06
61.7,2.9,77.67,1.26,2.06
61.8,2.9,77.64,1.26,2.07
61.9,2.9,77.61,1.26,2.08
62,2.9,77.58,1.26,2.09
62.1,2.9,77.55,1.26,2.09
62.2,2.9,77.52,1.26,2.1
62.3,2.9,77.49,1.26,2.11
62.4,2.9,77.45,1.26,2.12
62.5,2.9,77.41,1.26,2.12
62.6,2.9,77.38,1.26,2.13
62.7,2.9,77.34,1.26,2.14
62.8,2.9,77.3,1.26,2.15
62.9,2.9,77.25,1.26,2.16
63,2.9,77.21,1.26,2.16
63.1,2.9,77.17,1.26,2.17
63.2,2.9,77.12,1.26,2.18
63.3,2.9,77.07,1.26,2.19
63.4,2.9,77.02,1.26,2.2
63.5,2.9,76.97,1.25,2.2
63.6,2.9,76.91,1.25,2.21
63.7,2.9,76.86,1.25,2.22
63.8,2.9,76.8,1.25,2.23
63.9,2.9,76.74,1.25,2.23
64,2.9,76.68,1.25,2.24
64.1,2.9,76.62,1.25,2.25
64.2,2.9,76.56,1.25,2.26
64.3,2.9,76.49,1.25,2.27
64.4,2.9,76.42,1.25,2.27
64.5,2.9,76.35,1.25,2.28
64.6,2.9,76.28,1.25,2.29
64.7,2.9,76.2,1.25,2.3
64.8,2.9,76.13,1.25,2.31
64.9,2.9,76.05,1.25,2.31
65,2.9,75.97,1.25,2.32
65.1,2.9,75.88,1.25,2.33
65.2,2.9,75.8,1.25,2.34
65.3,2.9,75.71,1.25,2.35
65.4,2.9,75.62,1.25,2.36
65.5,2.9,75.53,1.25,2.36
65.6,2.9,75.43,1.25,2.37
65.7,2.9,75.34,1.25,2.38
65.8,2.9,75.24,1.25,2.39
65.9,2.9,75.13,1.25,2.4
66,2.9,75.03,1.25,2.4
66.1,2.9,74.92,1.25,2.41
58,3,77.87,1.27,1.78
58.1,3,77.86,1.27,1.79
58.2,3,77.85,1.27,1.79
58.3,3,77.84,1.27,1.8
58.4,3,77.84,1.27,1.81
58.5,3,77.83,1.27,1.82
58.6,3,77.82,1.27,1.82
58.7,3,77.81,1.27,1.83
58.8,3,77.8,1.27,1.84
58.9,3,77.79,1.27,1.84
59,3,77.78,1.27,1.85
59.1,3,77.77,1.27,1.86
59.2,3,77.76,1.27,1.87
59.3,3,77.75,1.27,1.87
59.4,3,77.74,1.27,1.88
59.5,3,77.73,1.27,1.89
59.6,3,77.72,1.27,1.9
59.7,3,77.71,1.27,1.9
59.8,3,77.7,1.27,1.91
59.9,3,77.69,1.27,1.92
60,3,77.68,1.26,1.92
60.1,3,77.66,1.26,1.93
60.2,3,77.65,1.26,1.94
60.3,3,77.63,1.26,1.95
60.4,3,77.62,1.26,1.95
60.5,3,77.6,1.26,1.96
60.6,3,77.59,1.26,1.97
60.7,3,77.57,1.26,1.98
60.8,3,77.55,1.26,1.98
60.9,3,77.53,1.26,1.99
61,3,77.51,1.26,2
61.1,3,77.49,1.26,2.01
61.2,3,77.47,1.26,2.01
61.3,3,77.45,1.26,2.02
61.4,3,77.42,1.26,2.03
61.5,3,77.4,1.26,2.04
61.6,3,77.37,1.26,2.05
61.7,3,77.35,1.26,2.05
61.8,3,77.32,1.26,2.06
61.9,3,77.29,1.26,2.07
62,3,77.26,1.26,2.08
62.1,3,77.23,1.26,2.08
62.2,3,77.2,1.26,2.09
62.3,3,77.16,1.26,2.1
62.4,3,77.13,1.26,2.11
62.5,3,77.09,1.26,2.11
62.6,3,77.05,1.26,2.12
62.7,3,77.01,1.26,2.13
62.8,3,76.97,1.26,2.14
62.9,3,76.93,1.26,2.15
63,3,76.89,1.26,2.15
63.1,3,76.84,1.26,2.16
63.2,3,76.8,1.25,2.17
63.3,3,76.75,1.25,2.18
63.4,3,76.7,1.25,2.18
63.5,3,76.65,1.25,2.19
63.6,3,76.59,1.25,2.2
63.7,3,76.54,1.25,2.21
63.8,3,76.48,1.25,2.22
63.9,3,76.42,1.25,2.22
64,3,76.36,1.25,2.23
64.1,3,76.3,1.25,2.24
64.2,3,76.23,1.25,2.25
64.3,3,76.17,1.25,2.26
64.4,3,76.1,1.25,2.26
64.5,3,76.03,1.25,2.27
64.6,3,75.96,1.25,2.28
64.7,3,75.88,1.25,2.29
64.8,3,75.81,1.25,2.3
64.9,3,75.73,1.25,2.3
65,3,75.65,1.25,2.31
65.1,3,75.56,1.25,2.32
65.2,3,75.48,1.25,2.33
65.3,3,75.39,1.25,2.34
65.4,3,75.3,1.25,2.34
65.5,3,75.21,1.25,2.35
65.6,3,75.11,1.25,2.36
65.7,3,75.02,1.25,2.37
65.8,3,74.92,1.25,2.38
65.9,3,74.82,1.25,2.39
66,3,74.71,1.25,2.39
66.1,3,74.6,1.25,2.4
58,3.1,77.54,1.27,1.77
58.1,3.1,77.54,1.27,1.78
58.2,3.1,77.53,1.27,1.78
58.3,3.1,77.52,1.27,1.79
58.4,3.1,77.51,1.27,1.8
58.5,3.1,77.5,1.27,1.81
58.6,3.1,77.49,1.27,1.81
58.7,3.1,77.48,1.27,1.82
58.8,3.1,77.48,1.27,1.83
58.9,3.1,77.47,1.27,1.83
59,3.1,77.46,1.27,1.84
59.1,3.1,77.45,1.27,1.85
59.2,3.1,77.44,1.27,1.86
59.3,3.1,77.43,1.27,1.86
59.4,3.1,77.42,1.27,1.87
59.5,3.1,77.41,1.27,1.88
59.6,3.1,77.4,1.27,1.89
59.7,3.1,77.39,1.27,1.89
59.8,3.1,77.38,1.27,1.9
59.9,3.1,77.36,1.26,1.91
60,3.1,77.35,1.26,1.91
60.1,3.1,77.34,1.26,1.92
60.2,3.1,77.32,1.26,1.93
60.3,3.1,77.31,1.26,1.94
60.4,3.1,77.29,1.26,1.94
60.5,3.1,77.28,1.26,1.95
60.6,3.1,77.26,1.26,1.96
60.7,3.1,77.24,1.26,1.97
60.8,3.1,77.23,1.26,1.97
60.9,3.1,77.21,1.26,1.98
61,3.1,77.19,1.26,1.99
61.1,3.1,77.17,1.26,2
61.2,3.1,77.15,1.26,2
61.3,3.1,77.12,1.26,2.01
61.4,3.1,77.1,1.26,2.02
61.5,3.1,77.08,1.26,2.03
61.6,3.1,77.05,1.26,2.03
61.7,3.1,77.02,1.26,2.04
61.8,3.1,77,1.26,2.05
61.9,3.1,76.97,1.26,2.06
62,3.1,76.94,1.26,2.07
62.1,3.1,76.91,1.26,2.07
62.2,3.1,76.87,1.26,2.08
62.3,3.1,76.84,1.26,2.09
62.4,3.1,76.81,1.26,2.1
62.5,3.1,76.77,1.26,2.1
62.6,3.1,76.73,1.26,2.11
62.7,3.1,76.69,1.26,2.12
62.8,3.1,76.65,1.26,2.13
62.9,3.1,76.61,1.26,2.13
63,3.1,76.57,1.25,2.14
63.1,3.1,76.52,1.25,2.15
63.2,3.1,76.47,1.25,2.16
63.3,3.1,76.43,1.25,2.17
63.4,3.1,76.38,1.25,2.17
63.5,3.1,76.32,1.25,2.18
63.6,3.1,76.27,1.25,2.19
63.7,3.1,76.22,1.25,2.2
63.8,3.1,76.16,1.25,2.21
63.9,3.1,76.1,1.25,2.21
64,3.1,76.04,1.25,2.22
64.1,3.1,75.98,1.25,2.23
64.2,3.1,75.91,1.25,2.24
64.3,3.1,75.85,1.25,2.24
64.4,3.1,75.78,1.25,2.25
64.5,3.1,75.71,1.25,2.26
64.6,3.1,75.64,1.25,2.27
64.7,3.1,75.56,1.25,2.28
64.8,3.1,75.49,1.25,2.28
64.9,3.1,75.41,1.25,2.29
65,3.1,75.33,1.25,2.3
65.1,3.1,75.24,1.25,2.31
65.2,3.1,75.16,1.25,2.32
65.3,3.1,75.07,1.25,2.33
65.4,3.1,74.98,1.25,2.33
65.5,3.1,74.89,1.25,2.34
65.6,3.1,74.8,1.25,2.35
65.7,3.1,74.7,1.25,2.36
65.8,3.1,74.6,1.25,2.37
65.9,3.1,74.5,1.25,2.37
66,3.1,74.39,1.25,2.38
66.1,3.1,74.29,1.25,2.39
58,3.2,77.22,1.27,1.76
58.1,3.2,77.21,1.27,1.77
58.2,3.2,77.2,1.27,1.77
58.3,3.2,77.19,1.27,1.78
58.4,3.2,77.19,1.27,1.79
58.5,3.2,77.18,1.27,1.8
58.6,3.2,77.17,1.27,1.8
58.7,3.2,77.16,1.27,1.81
58.8,3.2,77.15,1.27,1.82
58.9,3.2,77.14,1.27,1.82
59,3.2,77.13,1.27,1.83
59.1,3.2,77.13,1.27,1.84
59.2,3.2,77.12,1.27,1.85
59.3,3.2,77.11,1.27,1.85
59.4,3.2,77.1,1.27,1.86
59.5,3.2,77.09,1.27,1.87
59.6,3.2,77.08,1.27,1.88
59.7,3.2,77.06,1.26,1.88
59.8,3.2,77.05,1.26,1.89
59.9,3.2,77.04,1.26,1.9
60,3.2,77.03,1.26,1.9
60.1,3.2,77.01,1.26,1.91
60.2,3.2,77,1.26,1.92
60.3,3.2,76.99,1.26,1.93
60.4,3.2,76.97,1.26,1.93
60.5,3.2,76.96,1.26,1.94
60.6,3.2,76.94,1.26,1.95
60.7,3.2,76.92,1.26,1.96
60.8,3.2,76.9,1.26,1.96
60.9,3.2,76.89,1.26,1.97
61,3.2,76.87,1.26,1.98
61.1,3.2,76.85,1.26,1.99
61.2,3.2,76.82,1.26,1.99
61.3,3.2,76.8,1.26,2
61.4,3.2,76.78,1.26,2.01
61.5,3.2,76.75,1.26,2.02
61.6,3.2,76.73,1.26,2.02
61.7,3.2,76.7,1.26,2.03
61.8,3.2,76.68,1.26,2.04
61.9,3.2,76.65,1.26,2.05
62,3.2,76.62,1.26,2.05
62.1,3.2,76.59,1.26,2.06
62.2,3.2,76.55,1.26,2.07
62.3,3.2,76.52,1.26,2.08
62.4,3.2,76.49,1.26,2.09
62.5,3.2,76.45,1.26,2.09
62.6,3.2,76.41,1.26,2.1
62.7,3.2,76.37,1.25,2.11
62.8,3.2,76.33,1.25,2.12
62.9,3.2,76.29,1.25,2.12
63,3.2,76.25,1.25,2.13
63.1,3.2,76.2,1.25,2.14
63.2,3.2,76.16,1.25,2.15
63.3,3.2,76.11,1.25,2.16
63.4,3.2,76.06,1.25,2.16
63.5,3.2,76.01,1.25,2.17
63.6,3.2,75.95,1.25,2.18
63.7,3.2,75.9,1.25,2.19
63.8,3.2,75.84,1.25,2.19
63.9,3.2,75.78,1.25,2.2
64,3.2,75.72,1.25,2.21
64.1,3.2,75.66,1.25,2.22
64.2,3.2,75.6,1.25,2.23
64.3,3.2,75.53,1.25,2.23
64.4,3.2,75.46,1.25,2.24
64.5,3.2,75.39,1.25,2.25
64.6,3.2,75.32,1.25,2.26
64.7,3.2,75.25,1.25,2.27
64.8,3.2,75.17,1.25,2.27
64.9,3.2,75.09,1.25,2.28
65,3.2,75.01,1.25,2.29
65.1,3.2,74.93,1.25,2.3
65.2,3.2,74.84,1.25,2.31
65.3,3.2,74.76,1.25,2.31
65.4,3.2,74.67,1.25,2.32
65.5,3.2,74.57,1.25,2.33
65.6,3.2,74.48,1.25,2.34
65.7,3.2,74.38,1.25,2.35
65.8,3.2,74.28,1.25,2.35
65.9,3.2,74.18,1.25,2.36
66,3.2,74.08,1.25,2.37
66.1,3.2,73.97,1.25,2.38
58,3.3,76.9,1.27,1.75
58.1,3.3,76.89,1.27,1.76
58.2,3.3,76.88,1.27,1.76
58.3,3.3,76.87,1.27,1.77
58.4,3.3,76.86,1.27,1.78
58.5,3.3,76.86,1.27,1.79
58.6,3.3,76.85,1.27,1.79
58.7,3.3,76.84,1.27,1.8
58.8,3.3,76.83,1.27,1.81
58.9,3.3,76.82,1.27,1.81
59,3.3,76.81,1.27,1.82
59.1,3.3,76.8,1.27,1.83
59.2,3.3,76.79,1.27,1.84
59.3,3.3,76.79,1.27,1.84
59.4,3.3,76.78,1.27,1.85
59.5,3.3,76.77,1.27,1.86
59.6,3.3,76.75,1.26,1.87
59.7,3.3,76.74,1.26,1.87
59.8,3.3,76.73,1.26,1.88
59.9,3.3,76.72,1.26,1.89
60,3.3,76.71,1.26,1.89
60.1,3.3,76.69,1.26,1.9
60.2,3.3,76.68,1.26,1.91
60.3,3.3,76.67,1.26,1.92
60.4,3.3,76.65,1.26,1.92
60.5,3.3,76.64,1.26,1.93
60.6,3.3,76.62,1.26,1.94
60.7,3.3,76.6,1.26,1.95
60.8,3.3,76.58,1.26,1.95
60.9,3.3,76.57,1.26,1.96
61,3.3,76.55,1.26,1.97
61.1,3.3,76.53,1.26,1.98
61.2,3.3,76.51,1.26,1.98
61.3,3.3,76.48,1.26,1.99
61.4,3.3,76.46,1.26,2
61.5,3.3,76.44,1.26,2.01
61.6,3.3,76.41,1.26,2.01
61.7,3.3,76.38,1.26,2.02
61.8,3.3,76.36,1.26,2.03
61.9,3.3,76.33,1.26,2.04
62,3.3,76.3,1.26,2.04
62.1,3.3,76.27,1.26,2.05
62.2,3.3,76.24,1.26,2.06
62.3,3.3,76.2,1.26,2.07
62.4,3.3,76.17,1.26,2.08
62.5,3.3,76.13,1.25,2.08
62.6,3.3,76.09,1.25,2.09
62.7,3.3,76.05,1.25,2.1
62.8,3.3,76.01,1.25,2.11
62.9,3.3,75.97,1.25,2.11
63,3.3,75.93,1.25,2.12
63.1,3.3,75.88,1.25,2.13
63.2,3.3,75.84,1.25,2.14
63.3,3.3,75.79,1.25,2.14
63.4,3.3,75.74,1.25,2.15
63.5,3.3,75.69,1.25,2.16
63.6,3.3,75.64,1.25,2.17
63.7,3.3,75.58,1.25,2.18
63.8,3.3,75.52,1.25,2.18
63.9,3.3,75.47,1.25,2.19
64,3.3,75.41,1.25,2.2
64.1,3.3,75.34,1.25,2.21
64.2,3.3,75.28,1.25,2.22
64.3,3.3,75.21,1.25,2.22
64.4,3.3,75.15,1.25,2.23
64.5,3.3,75.08,1.25,2.24
64.6,3.3,75,1.25,2.25
64.7,3.3,74.93,1.25,2.26
64.8,3.3,74.85,1.25,2.26
64.9,3.3,74.78,1.25,2.27
65,3.3,74.7,1.25,2.28
65.1,3.3,74.61,1.25,2.29
65.2,3.3,74.53,1.25,2.3
65.3,3.3,74.44,1.25,2.3
65.4,3.3,74.35,1.25,2.31
65.5,3.3,74.26,1.25,2.32
65.6,3.3,74.17,1.25,2.33
65.7,3.3,74.07,1.25,2.34
65.8,3.3,73.97,1.25,2.34
65.9,3.3,73.87,1.25,2.35
66,3.3,73.76,1.25,2.36
66.1,3.3,73.66,1.25,2.37
58,3.4,76.58,1.27,1.74
58.1,3.4,76.57,1.27,1.75
58.2,3.4,76.56,1.27,1.75
58.3,3.4,76.55,1.27,1.76
58.4,3.4,76.54,1.27,1.77
58.5,3.4,76.54,1.27,1.78
58.6,3.4,76.53,1.27,1.78
58.7,3.4,76.52,1.27,1.79
58.8,3.4,76.51,1.27,1.8
58.9,3.4,76.5,1.27,1.8
59,3.4,76.49,1.27,1.81
59.1,3.4,76.48,1.27,1.82
59.2,3.4,76.48,1.27,1.83
59.3,3.4,76.47,1.27,1.83
59.4,3.4,76.46,1.26,1.84
59.5,3.4,76.45,1.26,1.85
59.6,3.4,76.43,1.26,1.86
59.7,3.4,76.42,1.26,1.86
59.8,3.4,76.41,1.26,1.87
59.9,3.4,76.4,1.26,1.88
60,3.4,76.39,1.26,1.88
60.1,3.4,76.38,1.26,1.89
60.2,3.4,76.36,1.26,1.9
60.3,3.4,76.35,1.26,1.91
60.4,3.4,76.33,1.26,1.91
60.5,3.4,76.32,1.26,1.92
60.6,3.4,76.3,1.26,1.93
60.7,3.4,76.28,1.26,1.94
60.8,3.4,76.27,1.26,1.94
60.9,3.4,76.25,1.26,1.95
61,3.4,76.23,1.26,1.96
61.1,3.4,76.21,1.26,1.97
61.2,3.4,76.19,1.26,1.97
61.3,3.4,76.17,1.26,1.98
61.4,3.4,76.14,1.26,1.99
61.5,3.4,76.12,1.26,2
61.6,3.4,76.09,1.26,2
61.7,3.4,76.07,1.26,2.01
61.8,3.4,76.04,1.26,2.02
61.9,3.4,76.01,1.26,2.03
62,3.4,75.98,1.26,2.03
62.1,3.4,75.95,1.26,2.04
62.2,3.4,75.92,1.25,2.05
62.3,3.4,75.88,1.25,2.06
62.4,3.4,75.85,1.25,2.06
62.5,3.4,75.81,1.25,2.07
62.6,3.4,75.78,1.25,2.08
62.7,3.4,75.74,1.25,2.09
62.8,3.4,75.7,1.25,2.1
62.9,3.4,75.66,1.25,2.1
63,3.4,75.61,1.25,2.11
63.1,3.4,75.57,1.25,2.12
63.2,3.4,75.52,1.25,2.13
63.3,3.4,75.47,1.25,2.13
63.4,3.4,75.42,1.25,2.14
63.5,3.4,75.37,1.25,2.15
63.6,3.4,75.32,1.25,2.16
63.7,3.4,75.27,1.25,2.17
63.8,3.4,75.21,1.25,2.17
63.9,3.4,75.15,1.25,2.18
64,3.4,75.09,1.25,2.19
64.1,3.4,75.03,1.25,2.2
64.2,3.4,74.97,1.25,2.2
64.3,3.4,74.9,1.25,2.21
64.4,3.4,74.83,1.25,2.22
64.5,3.4,74.76,1.25,2.23
64.6,3.4,74.69,1.25,2.24
64.7,3.4,74.62,1.25,2.24
64.8,3.4,74.54,1.25,2.25
64.9,3.4,74.46,1.25,2.26
65,3.4,74.38,1.25,2.27
65.1,3.4,74.3,1.25,2.28
65.2,3.4,74.21,1.25,2.28
65.3,3.4,74.13,1.25,2.29
65.4,3.4,74.04,1.25,2.3
65.5,3.4,73.95,1.25,2.31
65.6,3.4,73.85,1.25,2.32
65.7,3.4,73.76,1.25,2.32
65.8,3.4,73.66,1.25,2.33
65.9,3.4,73.56,1.24,2.34
66,3.4,73.45,1.24,2.35
66.1,3.4,73.35,1.24,2.36
58,3.5,76.26,1.27,1.73
58.1,3.5,76.25,1.27,1.74
58.2,3.5,76.24,1.27,1.74
58.3,3.5,76.23,1.27,1.75
58.4,3.5,76.23,1.27,1.76
58.5,3.5,76.22,1.27,1.77
58.6,3.5,76.21,1.27,1.77
58.7,3.5,76.2,1.27,1.78
58.8,3.5,76.19,1.27,1.79
58.9,3.5,76.18,1.27,1.79
59,3.5,76.18,1.27,1.8
59.1,3.5,76.17,1.27,1.81
59.2,3.5,76.16,1.27,1.82
59.3,3.5,76.15,1.26,1.82
59.4,3.5,76.14,1.26,1.83
59.5,3.5,76.13,1.26,1.84
59.6,3.5,76.12,1.26,1.85
59.7,3.5,76.11,1.26,1.85
59.8,3.5,76.1,1.26,1.86
59.9,3.5,76.08,1.26,1.87
60,3.5,76.07,1.26,1.87
60.1,3.5,76.06,1.26,1.88
60.2,3.5,76.04,1.26,1.89
60.3,3.5,76.03,1.26,1.9
60.4,3.5,76.02,1.26,1.9
60.5,3.5,76,1.26,1.91
60.6,3.5,75.98,1.26,1.92
60.7,3.5,75.97,1.26,1.93
60.8,3.5,75.95,1.26,1.93
60.9,3.5,75.93,1.26,1.94
61,3.5,75.91,1.26,1.95
61.1,3.5,75.89,1.26,1.96
61.2,3.5,75.87,1.26,1.96
61.3,3.5,75.85,1.26,1.97
61.4,3.5,75.83,1.26,1.98
61.5,3.5,75.8,1.26,1.99
61.6,3.5,75.78,1.26,1.99
61.7,3.5,75.75,1.26,2
61.8,3.5,75.72,1.26,2.01
61.9,3.5,75.7,1.26,2.02
62,3.5,75.67,1.25,2.02
62.1,3.5,75.64,1.25,2.03
62.2,3.5,75.6,1.25,2.04
62.3,3.5,75.57,1.25,2.05
62.4,3.5,75.54,1.25,2.05
62.5,3.5,75.5,1.25,2.06
62.6,3.5,75.46,1.25,2.07
62.7,3.5,75.42,1.25,2.08
62.8,3.5,75.38,1.25,2.08
62.9,3.5,75.34,1.25,2.09
63,3.5,75.3,1.25,2.1
63.1,3.5,75.25,1.25,2.11
63.2,3.5,75.21,1.25,2.12
63.3,3.5,75.16,1.25,2.12
63.4,3.5,75.11,1.25,2.13
63.5,3.5,75.06,1.25,2.14
63.6,3.5,75.01,1.25,2.15
63.7,3.5,74.95,1.25,2.15
63.8,3.5,74.9,1.25,2.16
63.9,3.5,74.84,1.25,2.17
64,3.5,74.78,1.25,2.18
64.1,3.5,74.72,1.25,2.19
64.2,3.5,74.65,1.25,2.19
64.3,3.5,74.59,1.25,2.2
64.4,3.5,74.52,1.25,2.21
64.5,3.5,74.45,1.25,2.22
64.6,3.5,74.38,1.25,2.23
64.7,3.5,74.3,1.25,2.23
64.8,3.5,74.23,1.25,2.24
64.9,3.5,74.15,1.25,2.25
65,3.5,74.07,1.25,2.26
65.1,3.5,73.99,1.25,2.27
65.2,3.5,73.9,1.25,2.27
65.3,3.5,73.82,1.25,2.28
65.4,3.5,73.73,1.24,2.29
65.5,3.5,73.64,1.24,2.3
65.6,3.5,73.54,1.24,2.31
65.7,3.5,73.45,1.24,2.31
65.8,3.5,73.35,1.24,2.32
65.9,3.5,73.25,1.24,2.33
66,3.5,73.14,1.24,2.34
66.1,3.5,73.04,1.24,2.35
58,3.6,75.94,1.27,1.72
58.1,3.6,75.93,1.27,1.73
58.2,3.6,75.92,1.27,1.74
58.3,3.6,75.92,1.27,1.74
58.4,3.6,75.91,1.27,1.75
58.5,3.6,75.9,1.27,1.76
58.6,3.6,75.89,1.27,1.76
58.7,3.6,75.88,1.27,1.77
58.8,3.6,75.88,1.27,1.78
58.9,3.6,75.87,1.27,1.78
59,3.6,75.86,1.27,1.79
59.1,3.6,75.85,1.26,1.8
59.2,3.6,75.84,1.26,1.81
59.3,3.6,75.83,1.26,1.81
59.4,3.6,75.82,1.26,1.82
59.5,3.6,75.81,1.26,1.83
59.6,3.6,75.8,1.26,1.84
59.7,3.6,75.79,1.26,1.84
59.8,3.6,75.78,1.26,1.85
59.9,3.6,75.77,1.26,1.86
60,3.6,75.76,1.26,1.86
60.1,3.6,75.74,1.26,1.87
60.2,3.6,75.73,1.26,1.88
60.3,3.6,75.72,1.26,1.89
60.4,3.6,75.7,1.26,1.89
60.5,3.6,75.69,1.26,1.9
60.6,3.6,75.67,1.26,1.91
60.7,3.6,75.65,1.26,1.92
60.8,3.6,75.64,1.26,1.92
60.9,3.6,75.62,1.26,1.93
61,3.6,75.6,1.26,1.94
61.1,3.6,75.58,1.26,1.95
61.2,3.6,75.56,1.26,1.95
61.3,3.6,75.53,1.26,1.96
61.4,3.6,75.51,1.26,1.97
61.5,3.6,75.49,1.26,1.98
61.6,3.6,75.46,1.26,1.98
61.7,3.6,75.44,1.26,1.99
61.8,3.6,75.41,1.25,2
61.9,3.6,75.38,1.25,2.01
62,3.6,75.35,1.25,2.01
62.1,3.6,75.32,1.25,2.02
62.2,3.6,75.29,1.25,2.03
62.3,3.6,75.26,1.25,2.04
62.4,3.6,75.22,1.25,2.04
62.5,3.6,75.19,1.25,2.05
62.6,3.6,75.15,1.25,2.06
62.7,3.6,75.11,1.25,2.07
62.8,3.6,75.07,1.25,2.07
62.9,3.6,75.03,1.25,2.08
63,3.6,74.99,1.25,2.09
63.1,3.6,74.94,1.25,2.1
63.2,3.6,74.9,1.25,2.11
63.3,3.6,74.85,1.25,2.11
63.4,3.6,74.8,1.25,2.12
63.5,3.6,74.75,1.25,2.13
63.6,3.6,74.7,1.25,2.14
63.7,3.6,74.64,1.25,2.14
63.8,3.6,74.58,1.25,2.15
63.9,3.6,74.53,1.25,2.16
64,3.6,74.47,1.25,2.17
64.1,3.6,74.4,1.25,2.18
64.2,3.6,74.34,1.25,2.18
64.3,3.6,74.28,1.25,2.19
64.4,3.6,74.21,1.25,2.2
64.5,3.6,74.14,1.25,2.21
64.6,3.6,74.07,1.25,2.21
64.7,3.6,73.99,1.25,2.22
64.8,3.6,73.92,1.25,2.23
64.9,3.6,73.84,1.24,2.24
65,3.6,73.76,1.24,2.25
65.1,3.6,73.68,1.24,2.25
65.2,3.6,73.59,1.24,2.26
65.3,3.6,73.51,1.24,2.27
65.4,3.6,73.42,1.24,2.28
65.5,3.6,73.33,1.24,2.29
65.6,3.6,73.23,1.24,2.29
65.7,3.6,73.14,1.24,2.3
65.8,3.6,73.04,1.24,2.31
65.9,3.6,72.94,1.24,2.32
66,3.6,72.83,1.24,2.33
66.1,3.6,72.73,1.24,2.33
58,3.7,75.63,1.27,1.71
58.1,3.7,75.62,1.27,1.72
58.2,3.7,75.61,1.27,1.73
58.3,3.7,75.6,1.27,1.73
58.4,3.7,75.59,1.27,1.74
58.5,3.7,75.59,1.27,1.75
58.6,3.7,75.58,1.27,1.75
58.7,3.7,75.57,1.27,1.76
58.8,3.7,75.56,1.27,1.77
58.9,3.7,75.55,1.27,1.78
59,3.7,75.54,1.26,1.78
59.1,3.7,75.54,1.26,1.79
59.2,3.7,75.53,1.26,1.8
59.3,3.7,75.52,1.26,1.8
59.4,3.7,75.51,1.26,1.81
59.5,3.7,75.5,1.26,1.82
59.6,3.7,75.49,1.26,1.83
59.7,3.7,75.48,1.26,1.83
59.8,3.7,75.47,1.26,1.84
59.9,3.7,75.45,1.26,1.85
60,3.7,75.44,1.26,1.85
60.1,3.7,75.43,1.26,1.86
60.2,3.7,75.42,1.26,1.87
60.3,3.7,75.4,1.26,1.88
60.4,3.7,75.39,1.26,1.88
60.5,3.7,75.37,1.26,1.89
60.6,3.7,75.36,1.26,1.9
60.7,3.7,75.34,1.26,1.91
60.8,3.7,75.32,1.26,1.91
60.9,3.7,75.3,1.26,1.92
61,3.7,75.28,1.26,1.93
61.1,3.7,75.26,1.26,1.94
61.2,3.7,75.24,1.26,1.94
61.3,3.7,75.22,1.26,1.95
61.4,3.7,75.2,1.26,1.96
61.5,3.7,75.18,1.26,1.97
61.6,3.7,75.15,1.25,1.97
61.7,3.7,75.12,1.25,1.98
61.8,3.7,75.1,1.25,1.99
61.9,3.7,75.07,1.25,2
62,3.7,75.04,1.25,2
62.1,3.7,75.01,1.25,2.01
62.2,3.7,74.98,1.25,2.02
62.3,3.7,74.95,1.25,2.03
62.4,3.7,74.91,1.25,2.03
62.5,3.7,74.88,1.25,2.04
62.6,3.7,74.84,1.25,2.05
62.7,3.7,74.8,1.25,2.06
62.8,3.7,74.76,1.25,2.06
62.9,3.7,74.72,1.25,2.07
63,3.7,74.68,1.25,2.08
63.1,3.7,74.63,1.25,2.09
63.2,3.7,74.59,1.25,2.09
63.3,3.7,74.54,1.25,2.1
63.4,3.7,74.49,1.25,2.11
63.5,3.7,74.44,1.25,2.12
63.6,3.7,74.39,1.25,2.13
63.7,3.7,74.33,1.25,2.13
63.8,3.7,74.27,1.25,2.14
63.9,3.7,74.22,1.25,2.15
64,3.7,74.16,1.25,2.16
64.1,3.7,74.1,1.25,2.16
64.2,3.7,74.03,1.25,2.17
64.3,3.7,73.97,1.25,2.18
64.4,3.7,73.9,1.25,2.19
64.5,3.7,73.83,1.24,2.2
64.6,3.7,73.76,1.24,2.2
64.7,3.7,73.68,1.24,2.21
64.8,3.7,73.61,1.24,2.22
64.9,3.7,73.53,1.24,2.23
65,3.7,73.45,1.24,2.24
65.1,3.7,73.37,1.24,2.24
65.2,3.7,73.29,1.24,2.25
65.3,3.7,73.2,1.24,2.26
65.4,3.7,73.11,1.24,2.27
65.5,3.7,73.02,1.24,2.28
65.6,3.7,72.92,1.24,2.28
65.7,3.7,72.83,1.24,2.29
65.8,3.7,72.73,1.24,2.3
65.9,3.7,72.63,1.24,2.31
66,3.7,72.53,1.24,2.32
66.1,3.7,72.42,1.24,2.32
58,3.8,75.31,1.27,1.7
58.1,3.8,75.3,1.27,1.71
58.2,3.8,75.3,1.27,1.72
58.3,3.8,75.29,1.27,1.72
58.4,3.8,75.28,1.27,1.73
58.5,3.8,75.27,1.27,1.74
58.6,3.8,75.26,1.27,1.74
58.7,3.8,75.26,1.27,1.75
58.8,3.8,75.25,1.26,1.76
58.9,3.8,75.24,1.26,1.77
59,3.8,75.23,1.26,1.77
59.1,3.8,75.22,1.26,1.78
59.2,3.8,75.21,1.26,1.79
59.3,3.8,75.2,1.26,1.79
59.4,3.8,75.19,1.26,1.8
59.5,3.8,75.18,1.26,1.81
59.6,3.8,75.17,1.26,1.82
59.7,3.8,75.16,1.26,1.82
59.8,3.8,75.15,1.26,1.83
59.9,3.8,75.14,1.26,1.84
60,3.8,75.13,1.26,1.84
60.1,3.8,75.12,1.26,1.85
60.2,3.8,75.1,1.26,1.86
60.3,3.8,75.09,1.26,1.87
60.4,3.8,75.08,1.26,1.87
60.5,3.8,75.06,1.26,1.88
60.6,3.8,75.04,1.26,1.89
60.7,3.8,75.03,1.26,1.9
60.8,3.8,75.01,1.26,1.9
60.9,3.8,74.99,1.26,1.91
61,3.8,74.97,1.26,1.92
61.1,3.8,74.95,1.26,1.93
61.2,3.8,74.93,1.26,1.93
61.3,3.8,74.91,1.26,1.94
61.4,3.8,74.89,1.25,1.95
61.5,3.8,74.86,1.25,1.96
61.6,3.8,74.84,1.25,1.96
61.7,3.8,74.81,1.25,1.97
61.8,3.8,74.79,1.25,1.98
61.9,3.8,74.76,1.25,1.99
62,3.8,74.73,1.25,1.99
62.1,3.8,74.7,1.25,2
62.2,3.8,74.67,1.25,2.01
62.3,3.8,74.64,1.25,2.02
62.4,3.8,74.6,1.25,2.02
62.5,3.8,74.57,1.25,2.03
62.6,3.8,74.53,1.25,2.04
62.7,3.8,74.49,1.25,2.05
62.8,3.8,74.45,1.25,2.05
62.9,3.8,74.41,1.25,2.06
63,3.8,74.37,1.25,2.07
63.1,3.8,74.32,1.25,2.08
63.2,3.8,74.28,1.25,2.08
63.3,3.8,74.23,1.25,2.09
63.4,3.8,74.18,1.25,2.1
63.5,3.8,74.13,1.25,2.11
63.6,3.8,74.08,1.25,2.12
63.7,3.8,74.02,1.25,2.12
63.8,3.8,73.97,1.25,2.13
63.9,3.8,73.91,1.25,2.14
64,3.8,73.85,1.25,2.15
64.1,3.8,73.79,1.25,2.15
64.2,3.8,73.72,1.24,2.16
64.3,3.8,73.66,1.24,2.17
64.4,3.8,73.59,1.24,2.18
64.5,3.8,73.52,1.24,2.19
64.6,3.8,73.45,1.24,2.19
64.7,3.8,73.38,1.24,2.2
64.8,3.8,73.3,1.24,2.21
64.9,3.8,73.22,1.24,2.22
65,3.8,73.15,1.24,2.23
65.1,3.8,73.06,1.24,2.23
65.2,3.8,72.98,1.24,2.24
65.3,3.8,72.89,1.24,2.25
65.4,3.8,72.8,1.24,2.26
65.5,3.8,72.71,1.24,2.26
65.6,3.8,72.62,1.24,2.27
65.7,3.8,72.52,1.24,2.28
65.8,3.8,72.43,1.24,2.29
65.9,3.8,72.32,1.24,2.3
66,3.8,72.22,1.24,2.31
66.1,3.8,72.12,1.24,2.31
58,3.9,75,1.27,1.69
58.1,3.9,74.99,1.27,1.7
58.2,3.9,74.98,1.27,1.71
58.3,3.9,74.98,1.27,1.71
58.4,3.9,74.97,1.27,1.72
58.5,3.9,74.96,1.27,1.73
58.6,3.9,74.95,1.27,1.73
58.7,3.9,74.94,1.26,1.74
58.8,3.9,74.94,1.26,1.75
58.9,3.9,74.93,1.26,1.76
59,3.9,74.92,1.26,1.76
59.1,3.9,74.91,1.26,1.77
59.2,3.9,74.9,1.26,1.78
59.3,3.9,74.89,1.26,1.78
59.4,3.9,74.88,1.26,1.79
59.5,3.9,74.87,1.26,1.8
59.6,3.9,74.86,1.26,1.81
59.7,3.9,74.85,1.26,1.81
59.8,3.9,74.84,1.26,1.82
59.9,3.9,74.83,1.26,1.83
60,3.9,74.82,1.26,1.84
60.1,3.9,74.81,1.26,1.84
60.2,3.9,74.79,1.26,1.85
60.3,3.9,74.78,1.26,1.86
60.4,3.9,74.77,1.26,1.86
60.5,3.9,74.75,1.26,1.87
60.6,3.9,74.73,1.26,1.88
60.7,3.9,74.72,1.26,1.89
60.8,3.9,74.7,1.26,1.89
60.9,3.9,74.68,1.26,1.9
61,3.9,74.66,1.26,1.91
61.1,3.9,74.64,1.26,1.92
61.2,3.9,74.62,1.25,1.92
61.3,3.9,74.6,1.25,1.93
61.4,3.9,74.58,1.25,1.94
61.5,3.9,74.56,1.25,1.95
61.6,3.9,74.53,1.25,1.95
61.7,3.9,74.51,1.25,1.96
61.8,3.9,74.48,1.25,1.97
61.9,3.9,74.45,1.25,1.98
62,3.9,74.42,1.25,1.98
62.1,3.9,74.39,1.25,1.99
62.2,3.9,74.36,1.25,2
62.3,3.9,74.33,1.25,2.01
62.4,3.9,74.29,1.25,2.01
62.5,3.9,74.26,1.25,2.02
62.6,3.9,74.22,1.25,2.03
62.7,3.9,74.18,1.25,2.04
62.8,3.9,74.14,1.25,2.04
62.9,3.9,74.1,1.25,2.05
63,3.9,74.06,1.25,2.06
63.1,3.9,74.02,1.25,2.07
63.2,3.9,73.97,1.25,2.07
63.3,3.9,73.92,1.25,2.08
63.4,3.9,73.87,1.25,2.09
63.5,3.9,73.82,1.25,2.1
63.6,3.9,73.77,1.25,2.1
63.7,3.9,73.72,1.25,2.11
63.8,3.9,73.66,1.24,2.12
63.9,3.9,73.6,1.24,2.13
64,3.9,73.54,1.24,2.14
64.1,3.9,73.48,1.24,2.14
64.2,3.9,73.42,1.24,2.15
64.3,3.9,73.35,1.24,2.16
64.4,3.9,73.29,1.24,2.17
64.5,3.9,73.22,1.24,2.17
64.6,3.9,73.15,1.24,2.18
64.7,3.9,73.07,1.24,2.19
64.8,3.9,73,1.24,2.2
64.9,3.9,72.92,1.24,2.21
65,3.9,72.84,1.24,2.21
65.1,3.9,72.76,1.24,2.22
65.2,3.9,72.67,1.24,2.23
65.3,3.9,72.59,1.24,2.24
65.4,3.9,72.5,1.24,2.25
65.5,3.9,72.41,1.24,2.25
65.6,3.9,72.32,1.24,2.26
65.7,3.9,72.22,1.24,2.27
65.8,3.9,72.12,1.24,2.28
65.9,3.9,72.02,1.24,2.29
66,3.9,71.92,1.24,2.29
66.1,3.9,71.81,1.24,2.3
58,4,74.69,1.27,1.68
58.1,4,74.68,1.27,1.69
58.2,4,74.67,1.27,1.7
58.3,4,74.67,1.27,1.7
58.4,4,74.66,1.27,1.71
58.5,4,74.65,1.27,1.72
58.6,4,74.64,1.26,1.73
58.7,4,74.63,1.26,1.73
58.8,4,74.63,1.26,1.74
58.9,4,74.62,1.26,1.75
59,4,74.61,1.26,1.75
59.1,4,74.6,1.26,1.76
59.2,4,74.59,1.26,1.77
59.3,4,74.58,1.26,1.77
59.4,4,74.57,1.26,1.78
59.5,4,74.57,1.26,1.79
59.6,4,74.56,1.26,1.8
59.7,4,74.54,1.26,1.8
59.8,4,74.53,1.26,1.81
59.9,4,74.52,1.26,1.82
60,4,74.51,1.26,1.83
60.1,4,74.5,1.26,1.83
60.2,4,74.49,1.26,1.84
60.3,4,74.47,1.26,1.85
60.4,4,74.46,1.26,1.85
60.5,4,74.44,1.26,1.86
60.6,4,74.43,1.26,1.87
60.7,4,74.41,1.26,1.88
60.8,4,74.39,1.26,1.88
60.9,4,74.38,1.26,1.89
61,4,74.36,1.25,1.9
61.1,4,74.34,1.25,1.91
61.2,4,74.32,1.25,1.91
61.3,4,74.29,1.25,1.92
61.4,4,74.27,1.25,1.93
61.5,4,74.25,1.25,1.94
61.6,4,74.22,1.25,1.94
61.7,4,74.2,1.25,1.95
61.8,4,74.17,1.25,1.96
61.9,4,74.14,1.25,1.97
62,4,74.12,1.25,1.97
62.1,4,74.09,1.25,1.98
62.2,4,74.05,1.25,1.99
62.3,4,74.02,1.25,2
62.4,4,73.99,1.25,2
62.5,4,73.95,1.25,2.01
62.6,4,73.91,1.25,2.02
62.7,4,73.88,1.25,2.03
62.8,4,73.84,1.25,2.03
62.9,4,73.8,1.25,2.04
63,4,73.75,1.25,2.05
63.1,4,73.71,1.25,2.06
63.2,4,73.66,1.25,2.06
63.3,4,73.62,1.25,2.07
63.4,4,73.57,1.25,2.08
63.5,4,73.52,1.24,2.09
63.6,4,73.47,1.24,2.09
63.7,4,73.41,1.24,2.1
63.8,4,73.36,1.24,2.11
63.9,4,73.3,1.24,2.12
64,4,73.24,1.24,2.13
64.1,4,73.18,1.24,2.13
64.2,4,73.11,1.24,2.14
64.3,4,73.05,1.24,2.15
64.4,4,72.98,1.24,2.16
64.5,4,72.91,1.24,2.16
64.6,4,72.84,1.24,2.17
64.7,4,72.77,1.24,2.18
64.8,4,72.69,1.24,2.19
64.9,4,72.62,1.24,2.2
65,4,72.54,1.24,2.2
65.1,4,72.46,1.24,2.21
65.2,4,72.37,1.24,2.22
65.3,4,72.29,1.24,2.23
65.4,4,72.2,1.24,2.24
65.5,4,72.11,1.24,2.24
65.6,4,72.01,1.24,2.25
65.7,4,71.92,1.24,2.26
65.8,4,71.82,1.24,2.27
65.9,4,71.72,1.24,2.28
66,4,71.62,1.24,2.28
66.1,4,71.51,1.24,2.29
58,4.1,74.38,1.27,1.67
58.1,4.1,74.37,1.27,1.68
58.2,4.1,74.37,1.27,1.69
58.3,4.1,74.36,1.27,1.69
58.4,4.1,74.35,1.26,1.7
58.5,4.1,74.34,1.26,1.71
58.6,4.1,74.33,1.26,1.72
58.7,4.1,74.33,1.26,1.72
58.8,4.1,74.32,1.26,1.73
58.9,4.1,74.31,1.26,1.74
59,4.1,74.3,1.26,1.74
59.1,4.1,74.29,1.26,1.75
59.2,4.1,74.29,1.26,1.76
59.3,4.1,74.28,1.26,1.77
59.4,4.1,74.27,1.26,1.77
59.5,4.1,74.26,1.26,1.78
59.6,4.1,74.25,1.26,1.79
59.7,4.1,74.24,1.26,1.79
59.8,4.1,74.23,1.26,1.8
59.9,4.1,74.22,1.26,1.81
60,4.1,74.2,1.26,1.82
60.1,4.1,74.19,1.26,1.82
60.2,4.1,74.18,1.26,1.83
60.3,4.1,74.16,1.26,1.84
60.4,4.1,74.15,1.26,1.84
60.5,4.1,74.14,1.26,1.85
60.6,4.1,74.12,1.26,1.86
60.7,4.1,74.1,1.26,1.87
60.8,4.1,74.09,1.25,1.87
60.9,4.1,74.07,1.25,1.88
61,4.1,74.05,1.25,1.89
61.1,4.1,74.03,1.25,1.9
61.2,4.1,74.01,1.25,1.9
61.3,4.1,73.99,1.25,1.91
61.4,4.1,73.97,1.25,1.92
61.5,4.1,73.94,1.25,1.93
61.6,4.1,73.92,1.25,1.93
61.7,4.1,73.89,1.25,1.94
61.8,4.1,73.87,1.25,1.95
61.9,4.1,73.84,1.25,1.96
62,4.1,73.81,1.25,1.96
62.1,4.1,73.78,1.25,1.97
62.2,4.1,73.75,1.25,1.98
62.3,4.1,73.72,1.25,1.99
62.4,4.1,73.68,1.25,1.99
62.5,4.1,73.65,1.25,2
62.6,4.1,73.61,1.25,2.01
62.7,4.1,73.57,1.25,2.02
62.8,4.1,73.53,1.25,2.02
62.9,4.1,73.49,1.25,2.03
63,4.1,73.45,1.25,2.04
63.1,4.1,73.41,1.25,2.05
63.2,4.1,73.36,1.24,2.05
63.3,4.1,73.31,1.24,2.06
63.4,4.1,73.26,1.24,2.07
63.5,4.1,73.21,1.24,2.08
63.6,4.1,73.16,1.24,2.08
63.7,4.1,73.11,1.24,2.09
63.8,4.1,73.05,1.24,2.1
63.9,4.1,73,1.24,2.11
64,4.1,72.94,1.24,2.12
64.1,4.1,72.88,1.24,2.12
64.2,4.1,72.81,1.24,2.13
64.3,4.1,72.75,1.24,2.14
64.4,4.1,72.68,1.24,2.15
64.5,4.1,72.61,1.24,2.15
64.6,4.1,72.54,1.24,2.16
64.7,4.1,72.47,1.24,2.17
64.8,4.1,72.39,1.24,2.18
64.9,4.1,72.32,1.24,2.19
65,4.1,72.24,1.24,2.19
65.1,4.1,72.15,1.24,2.2
65.2,4.1,72.07,1.24,2.21
65.3,4.1,71.98,1.24,2.22
65.4,4.1,71.9,1.24,2.22
65.5,4.1,71.81,1.24,2.23
65.6,4.1,71.71,1.24,2.24
65.7,4.1,71.62,1.24,2.25
65.8,4.1,71.52,1.24,2.26
65.9,4.1,71.42,1.24,2.26
66,4.1,71.32,1.24,2.27
66.1,4.1,71.21,1.24,2.28
58,4.2,74.07,1.27,1.66
58.1,4.2,74.07,1.27,1.67
58.2,4.2,74.06,1.27,1.68
58.3,4.2,74.05,1.26,1.69
58.4,4.2,74.04,1.26,1.69
58.5,4.2,74.04,1.26,1.7
58.6,4.2,74.03,1.26,1.71
58.7,4.2,74.02,1.26,1.71
58.8,4.2,74.01,1.26,1.72
58.9,4.2,74,1.26,1.73
59,4.2,74,1.26,1.73
59.1,4.2,73.99,1.26,1.74
59.2,4.2,73.98,1.26,1.75
59.3,4.2,73.97,1.26,1.76
59.4,4.2,73.96,1.26,1.76
59.5,4.2,73.95,1.26,1.77
59.6,4.2,73.94,1.26,1.78
59.7,4.2,73.93,1.26,1.78
59.8,4.2,73.92,1.26,1.79
59.9,4.2,73.91,1.26,1.8
60,4.2,73.9,1.26,1.81
60.1,4.2,73.89,1.26,1.81
60.2,4.2,73.87,1.26,1.82
60.3,4.2,73.86,1.26,1.83
60.4,4.2,73.85,1.26,1.83
60.5,4.2,73.83,1.26,1.84
60.6,4.2,73.82,1.25,1.85
60.7,4.2,73.8,1.25,1.86
60.8,4.2,73.78,1.25,1.86
60.9,4.2,73.76,1.25,1.87
61,4.2,73.75,1.25,1.88
61.1,4.2,73.73,1.25,1.89
61.2,4.2,73.71,1.25,1.89
61.3,4.2,73.69,1.25,1.9
61.4,4.2,73.66,1.25,1.91
61.5,4.2,73.64,1.25,1.92
61.6,4.2,73.62,1.25,1.92
61.7,4.2,73.59,1.25,1.93
61.8,4.2,73.56,1.25,1.94
61.9,4.2,73.54,1.25,1.95
62,4.2,73.51,1.25,1.95
62.1,4.2,73.48,1.25,1.96
62.2,4.2,73.45,1.25,1.97
62.3,4.2,73.41,1.25,1.98
62.4,4.2,73.38,1.25,1.98
62.5,4.2,73.34,1.25,1.99
62.6,4.2,73.31,1.25,2
62.7,4.2,73.27,1.25,2.01
62.8,4.2,73.23,1.25,2.01
62.9,4.2,73.19,1.24,2.02
63,4.2,73.15,1.24,2.03
63.1,4.2,73.1,1.24,2.04
63.2,4.2,73.06,1.24,2.04
63.3,4.2,73.01,1.24,2.05
63.4,4.2,72.96,1.24,2.06
63.5,4.2,72.91,1.24,2.07
63.6,4.2,72.86,1.24,2.07
63.7,4.2,72.81,1.24,2.08
63.8,4.2,72.75,1.24,2.09
63.9,4.2,72.69,1.24,2.1
64,4.2,72.64,1.24,2.1
64.1,4.2,72.57,1.24,2.11
64.2,4.2,72.51,1.24,2.12
64.3,4.2,72.45,1.24,2.13
64.4,4.2,72.38,1.24,2.14
64.5,4.2,72.31,1.24,2.14
64.6,4.2,72.24,1.24,2.15
64.7,4.2,72.17,1.24,2.16
64.8,4.2,72.09,1.24,2.17
64.9,4.2,72.02,1.24,2.17
65,4.2,71.94,1.24,2.18
65.1,4.2,71.85,1.24,2.19
65.2,4.2,71.77,1.24,2.2
65.3,4.2,71.69,1.24,2.21
65.4,4.2,71.6,1.24,2.21
65.5,4.2,71.51,1.24,2.22
65.6,4.2,71.41,1.24,2.23
65.7,4.2,71.32,1.24,2.24
65.8,4.2,71.22,1.24,2.25
65.9,4.2,71.12,1.24,2.25
66,4.2,71.02,1.24,2.26
66.1,4.2,70.91,1.24,2.27
58,4.3,73.77,1.27,1.65
58.1,4.3,73.76,1.26,1.66
58.2,4.3,73.75,1.26,1.67
58.3,4.3,73.75,1.26,1.68
58.4,4.3,73.74,1.26,1.68
58.5,4.3,73.73,1.26,1.69
58.6,4.3,73.72,1.26,1.7
58.7,4.3,73.72,1.26,1.7
58.8,4.3,73.71,1.26,1.71
58.9,4.3,73.7,1.26,1.72
59,4.3,73.69,1.26,1.72
59.1,4.3,73.68,1.26,1.73
59.2,4.3,73.68,1.26,1.74
59.3,4.3,73.67,1.26,1.75
59.4,4.3,73.66,1.26,1.75
59.5,4.3,73.65,1.26,1.76
59.6,4.3,73.64,1.26,1.77
59.7,4.3,73.63,1.26,1.77
59.8,4.3,73.62,1.26,1.78
59.9,4.3,73.61,1.26,1.79
60,4.3,73.6,1.26,1.8
60.1,4.3,73.58,1.26,1.8
60.2,4.3,73.57,1.26,1.81
60.3,4.3,73.56,1.26,1.82
60.4,4.3,73.54,1.25,1.83
60.5,4.3,73.53,1.25,1.83
60.6,4.3,73.51,1.25,1.84
60.7,4.3,73.5,1.25,1.85
60.8,4.3,73.48,1.25,1.85
60.9,4.3,73.46,1.25,1.86
61,4.3,73.44,1.25,1.87
61.1,4.3,73.42,1.25,1.88
61.2,4.3,73.4,1.25,1.88
61.3,4.3,73.38,1.25,1.89
61.4,4.3,73.36,1.25,1.9
61.5,4.3,73.34,1.25,1.91
61.6,4.3,73.31,1.25,1.91
61.7,4.3,73.29,1.25,1.92
61.8,4.3,73.26,1.25,1.93
61.9,4.3,73.23,1.25,1.94
62,4.3,73.21,1.25,1.94
62.1,4.3,73.18,1.25,1.95
62.2,4.3,73.14,1.25,1.96
62.3,4.3,73.11,1.25,1.97
62.4,4.3,73.08,1.25,1.97
62.5,4.3,73.04,1.25,1.98
62.6,4.3,73.01,1.25,1.99
62.7,4.3,72.97,1.24,2
62.8,4.3,72.93,1.24,2
62.9,4.3,72.89,1.24,2.01
63,4.3,72.85,1.24,2.02
63.1,4.3,72.8,1.24,2.03
63.2,4.3,72.76,1.24,2.03
63.3,4.3,72.71,1.24,2.04
63.4,4.3,72.66,1.24,2.05
63.5,4.3,72.61,1.24,2.06
63.6,4.3,72.56,1.24,2.06
63.7,4.3,72.51,1.24,2.07
63.8,4.3,72.45,1.24,2.08
63.9,4.3,72.4,1.24,2.09
64,4.3,72.34,1.24,2.09
64.1,4.3,72.28,1.24,2.1
64.2,4.3,72.21,1.24,2.11
64.3,4.3,72.15,1.24,2.12
64.4,4.3,72.08,1.24,2.13
64.5,4.3,72.01,1.24,2.13
64.6,4.3,71.94,1.24,2.14
64.7,4.3,71.87,1.24,2.15
64.8,4.3,71.79,1.24,2.16
64.9,4.3,71.72,1.24,2.16
65,4.3,71.64,1.24,2.17
65.1,4.3,71.56,1.24,2.18
65.2,4.3,71.47,1.24,2.19
65.3,4.3,71.39,1.24,2.2
65.4,4.3,71.3,1.24,2.2
65.5,4.3,71.21,1.24,2.21
65.6,4.3,71.12,1.23,2.22
65.7,4.3,71.02,1.23,2.23
65.8,4.3,70.92,1.23,2.24
65.9,4.3,70.82,1.23,2.24
66,4.3,70.72,1.23,2.25
66.1,4.3,70.62,1.23,2.26
58,4.4,73.47,1.26,1.65
58.1,4.4,73.46,1.26,1.65
58.2,4.4,73.45,1.26,1.66
58.3,4.4,73.44,1.26,1.67
58.4,4.4,73.44,1.26,1.67
58.5,4.4,73.43,1.26,1.68
58.6,4.4,73.42,1.26,1.69
58.7,4.4,73.41,1.26,1.69
58.8,4.4,73.41,1.26,1.7
58.9,4.4,73.4,1.26,1.71
59,4.4,73.39,1.26,1.72
59.1,4.4,73.38,1.26,1.72
59.2,4.4,73.37,1.26,1.73
59.3,4.4,73.36,1.26,1.74
59.4,4.4,73.36,1.26,1.74
59.5,4.4,73.35,1.26,1.75
59.6,4.4,73.34,1.26,1.76
59.7,4.4,73.33,1.26,1.77
59.8,4.4,73.32,1.26,1.77
59.9,4.4,73.3,1.26,1.78
60,4.4,73.29,1.26,1.79
60.1,4.4,73.28,1.26,1.79
60.2,4.4,73.27,1.25,1.8
60.3,4.4,73.26,1.25,1.81
60.4,4.4,73.24,1.25,1.82
60.5,4.4,73.23,1.25,1.82
60.6,4.4,73.21,1.25,1.83
60.7,4.4,73.2,1.25,1.84
60.8,4.4,73.18,1.25,1.84
60.9,4.4,73.16,1.25,1.85
61,4.4,73.14,1.25,1.86
61.1,4.4,73.12,1.25,1.87
61.2,4.4,73.1,1.25,1.87
61.3,4.4,73.08,1.25,1.88
61.4,4.4,73.06,1.25,1.89
61.5,4.4,73.04,1.25,1.9
61.6,4.4,73.01,1.25,1.9
61.7,4.4,72.99,1.25,1.91
61.8,4.4,72.96,1.25,1.92
61.9,4.4,72.93,1.25,1.93
62,4.4,72.91,1.25,1.93
62.1,4.4,72.88,1.25,1.94
62.2,4.4,72.85,1.25,1.95
62.3,4.4,72.81,1.25,1.95
62.4,4.4,72.78,1.24,1.96
62.5,4.4,72.74,1.24,1.97
62.6,4.4,72.71,1.24,1.98
62.7,4.4,72.67,1.24,1.98
62.8,4.4,72.63,1.24,1.99
62.9,4.4,72.59,1.24,2
63,4.4,72.55,1.24,2.01
63.1,4.4,72.51,1.24,2.02
63.2,4.4,72.46,1.24,2.02
63.3,4.4,72.41,1.24,2.03
63.4,4.4,72.37,1.24,2.04
63.5,4.4,72.32,1.24,2.05
63.6,4.4,72.26,1.24,2.05
63.7,4.4,72.21,1.24,2.06
63.8,4.4,72.15,1.24,2.07
63.9,4.4,72.1,1.24,2.08
64,4.4,72.04,1.24,2.08
64.1,4.4,71.98,1.24,2.09
64.2,4.4,71.92,1.24,2.1
64.3,4.4,71.85,1.24,2.11
64.4,4.4,71.78,1.24,2.11
64.5,4.4,71.72,1.24,2.12
64.6,4.4,71.65,1.24,2.13
64.7,4.4,71.57,1.24,2.14
64.8,4.4,71.5,1.24,2.15
64.9,4.4,71.42,1.24,2.15
65,4.4,71.34,1.24,2.16
65.1,4.4,71.26,1.23,2.17
65.2,4.4,71.18,1.23,2.18
65.3,4.4,71.09,1.23,2.19
65.4,4.4,71,1.23,2.19
65.5,4.4,70.91,1.23,2.2
65.6,4.4,70.82,1.23,2.21
65.7,4.4,70.73,1.23,2.22
65.8,4.4,70.63,1.23,2.22
65.9,4.4,70.53,1.23,2.23
66,4.4,70.43,1.23,2.24
66.1,4.4,70.32,1.23,2.25
58,4.5,73.16,1.26,1.64
58.1,4.5,73.16,1.26,1.64
58.2,4.5,73.15,1.26,1.65
58.3,4.5,73.14,1.26,1.66
58.4,4.5,73.13,1.26,1.66
58.5,4.5,73.13,1.26,1.67
58.6,4.5,73.12,1.26,1.68
58.7,4.5,73.11,1.26,1.68
58.8,4.5,73.1,1.26,1.69
58.9,4.5,73.1,1.26,1.7
59,4.5,73.09,1.26,1.71
59.1,4.5,73.08,1.26,1.71
59.2,4.5,73.07,1.26,1.72
59.3,4.5,73.06,1.26,1.73
59.4,4.5,73.06,1.26,1.73
59.5,4.5,73.05,1.26,1.74
59.6,4.5,73.04,1.26,1.75
59.7,4.5,73.03,1.26,1.76
59.8,4.5,73.02,1.26,1.76
59.9,4.5,73,1.26,1.77
60,4.5,72.99,1.25,1.78
60.1,4.5,72.98,1.25,1.78
60.2,4.5,72.97,1.25,1.79
60.3,4.5,72.96,1.25,1.8
60.4,4.5,72.94,1.25,1.81
60.5,4.5,72.93,1.25,1.81
60.6,4.5,72.91,1.25,1.82
60.7,4.5,72.9,1.25,1.83
60.8,4.5,72.88,1.25,1.83
60.9,4.5,72.86,1.25,1.84
61,4.5,72.84,1.25,1.85
61.1,4.5,72.82,1.25,1.86
61.2,4.5,72.8,1.25,1.86
61.3,4.5,72.78,1.25,1.87
61.4,4.5,72.76,1.25,1.88
61.5,4.5,72.74,1.25,1.89
61.6,4.5,72.71,1.25,1.89
61.7,4.5,72.69,1.25,1.9
61.8,4.5,72.66,1.25,1.91
61.9,4.5,72.64,1.25,1.92
62,4.5,72.61,1.25,1.92
62.1,4.5,72.58,1.25,1.93
62.2,4.5,72.55,1.24,1.94
62.3,4.5,72.52,1.24,1.95
62.4,4.5,72.48,1.24,1.95
62.5,4.5,72.45,1.24,1.96
62.6,4.5,72.41,1.24,1.97
62.7,4.5,72.37,1.24,1.97
62.8,4.5,72.33,1.24,1.98
62.9,4.5,72.29,1.24,1.99
63,4.5,72.25,1.24,2
63.1,4.5,72.21,1.24,2.01
63.2,4.5,72.16,1.24,2.01
63.3,4.5,72.12,1.24,2.02
63.4,4.5,72.07,1.24,2.03
63.5,4.5,72.02,1.24,2.04
63.6,4.5,71.97,1.24,2.04
63.7,4.5,71.91,1.24,2.05
63.8,4.5,71.86,1.24,2.06
63.9,4.5,71.8,1.24,2.07
64,4.5,71.74,1.24,2.07
64.1,4.5,71.68,1.24,2.08
64.2,4.5,71.62,1.24,2.09
64.3,4.5,71.56,1.24,2.1
64.4,4.5,71.49,1.24,2.1
64.5,4.5,71.42,1.24,2.11
64.6,4.5,71.35,1.24,2.12
64.7,4.5,71.28,1.23,2.13
64.8,4.5,71.2,1.23,2.14
64.9,4.5,71.13,1.23,2.14
65,4.5,71.05,1.23,2.15
65.1,4.5,70.97,1.23,2.16
65.2,4.5,70.88,1.23,2.17
65.3,4.5,70.8,1.23,2.17
65.4,4.5,70.71,1.23,2.18
65.5,4.5,70.62,1.23,2.19
65.6,4.5,70.53,1.23,2.2
65.7,4.5,70.43,1.23,2.21
65.8,4.5,70.34,1.23,2.21
65.9,4.5,70.24,1.23,2.22
66,4.5,70.13,1.23,2.23
66.1,4.5,70.03,1.23,2.24
58,4.6,72.86,1.26,1.63
58.1,4.6,72.86,1.26,1.63
58.2,4.6,72.85,1.26,1.64
58.3,4.6,72.84,1.26,1.65
58.4,4.6,72.84,1.26,1.65
58.5,4.6,72.83,1.26,1.66
58.6,4.6,72.82,1.26,1.67
58.7,4.6,72.81,1.26,1.68
58.8,4.6,72.81,1.26,1.68
58.9,4.6,72.8,1.26,1.69
59,4.6,72.79,1.26,1.7
59.1,4.6,72.78,1.26,1.7
59.2,4.6,72.77,1.26,1.71
59.3,4.6,72.77,1.26,1.72
59.4,4.6,72.76,1.26,1.72
59.5,4.6,72.75,1.26,1.73
59.6,4.6,72.74,1.26,1.74
59.7,4.6,72.73,1.26,1.75
59.8,4.6,72.72,1.26,1.75
59.9,4.6,72.71,1.25,1.76
60,4.6,72.7,1.25,1.77
60.1,4.6,72.68,1.25,1.77
60.2,4.6,72.67,1.25,1.78
60.3,4.6,72.66,1.25,1.79
60.4,4.6,72.64,1.25,1.8
60.5,4.6,72.63,1.25,1.8
60.6,4.6,72.61,1.25,1.81
60.7,4.6,72.6,1.25,1.82
60.8,4.6,72.58,1.25,1.82
60.9,4.6,72.56,1.25,1.83
61,4.6,72.55,1.25,1.84
61.1,4.6,72.53,1.25,1.85
61.2,4.6,72.51,1.25,1.85
61.3,4.6,72.49,1.25,1.86
61.4,4.6,72.46,1.25,1.87
61.5,4.6,72.44,1.25,1.88
61.6,4.6,72.42,1.25,1.88
61.7,4.6,72.39,1.25,1.89
61.8,4.6,72.37,1.25,1.9
61.9,4.6,72.34,1.24,1.91
62,4.6,72.31,1.24,1.91
62.1,4.6,72.28,1.24,1.92
62.2,4.6,72.25,1.24,1.93
62.3,4.6,72.22,1.24,1.94
62.4,4.6,72.19,1.24,1.94
62.5,4.6,72.15,1.24,1.95
62.6,4.6,72.12,1.24,1.96
62.7,4.6,72.08,1.24,1.96
62.8,4.6,72.04,1.24,1.97
62.9,4.6,72,1.24,1.98
63,4.6,71.96,1.24,1.99
63.1,4.6,71.91,1.24,2
63.2,4.6,71.87,1.24,2
63.3,4.6,71.82,1.24,2.01
63.4,4.6,71.77,1.24,2.02
63.5,4.6,71.72,1.24,2.03
63.6,4.6,71.67,1.24,2.03
63.7,4.6,71.62,1.24,2.04
63.8,4.6,71.56,1.24,2.05
63.9,4.6,71.51,1.24,2.06
64,4.6,71.45,1.24,2.06
64.1,4.6,71.39,1.24,2.07
64.2,4.6,71.33,1.24,2.08
64.3,4.6,71.26,1.23,2.09
64.4,4.6,71.2,1.23,2.09
64.5,4.6,71.13,1.23,2.1
64.6,4.6,71.06,1.23,2.11
64.7,4.6,70.98,1.23,2.12
64.8,4.6,70.91,1.23,2.13
64.9,4.6,70.83,1.23,2.13
65,4.6,70.75,1.23,2.14
65.1,4.6,70.67,1.23,2.15
65.2,4.6,70.59,1.23,2.16
65.3,4.6,70.51,1.23,2.16
65.4,4.6,70.42,1.23,2.17
65.5,4.6,70.33,1.23,2.18
65.6,4.6,70.24,1.23,2.19
65.7,4.6,70.14,1.23,2.2
65.8,4.6,70.04,1.23,2.2
65.9,4.6,69.94,1.23,2.21
66,4.6,69.84,1.23,2.22
66.1,4.6,69.74,1.23,2.23
58,4.7,72.57,1.26,1.62
58.1,4.7,72.56,1.26,1.62
58.2,4.7,72.55,1.26,1.63
58.3,4.7,72.54,1.26,1.64
58.4,4.7,72.54,1.26,1.65
58.5,4.7,72.53,1.26,1.65
58.6,4.7,72.52,1.26,1.66
58.7,4.7,72.52,1.26,1.67
58.8,4.7,72.51,1.26,1.67
58.9,4.7,72.5,1.26,1.68
59,4.7,72.49,1.26,1.69
59.1,4.7,72.48,1.26,1.69
59.2,4.7,72.48,1.26,1.7
59.3,4.7,72.47,1.26,1.71
59.4,4.7,72.46,1.26,1.72
59.5,4.7,72.45,1.26,1.72
59.6,4.7,72.44,1.26,1.73
59.7,4.7,72.43,1.25,1.74
59.8,4.7,72.42,1.25,1.74
59.9,4.7,72.41,1.25,1.75
60,4.7,72.4,1.25,1.76
60.1,4.7,72.39,1.25,1.76
60.2,4.7,72.37,1.25,1.77
60.3,4.7,72.36,1.25,1.78
60.4,4.7,72.35,1.25,1.79
60.5,4.7,72.33,1.25,1.79
60.6,4.7,72.32,1.25,1.8
60.7,4.7,72.3,1.25,1.81
60.8,4.7,72.29,1.25,1.82
60.9,4.7,72.27,1.25,1.82
61,4.7,72.25,1.25,1.83
61.1,4.7,72.23,1.25,1.84
61.2,4.7,72.21,1.25,1.84
61.3,4.7,72.19,1.25,1.85
61.4,4.7,72.17,1.25,1.86
61.5,4.7,72.15,1.25,1.87
61.6,4.7,72.12,1.25,1.87
61.7,4.7,72.1,1.24,1.88
61.8,4.7,72.07,1.24,1.89
61.9,4.7,72.05,1.24,1.9
62,4.7,72.02,1.24,1.9
62.1,4.7,71.99,1.24,1.91
62.2,4.7,71.96,1.24,1.92
62.3,4.7,71.92,1.24,1.93
62.4,4.7,71.89,1.24,1.93
62.5,4.7,71.86,1.24,1.94
62.6,4.7,71.82,1.24,1.95
62.7,4.7,71.78,1.24,1.95
62.8,4.7,71.75,1.24,1.96
62.9,4.7,71.7,1.24,1.97
63,4.7,71.66,1.24,1.98
63.1,4.7,71.62,1.24,1.98
63.2,4.7,71.58,1.24,1.99
63.3,4.7,71.53,1.24,2
63.4,4.7,71.48,1.24,2.01
63.5,4.7,71.43,1.24,2.02
63.6,4.7,71.38,1.24,2.02
63.7,4.7,71.33,1.24,2.03
63.8,4.7,71.27,1.24,2.04
63.9,4.7,71.21,1.23,2.05
64,4.7,71.16,1.23,2.05
64.1,4.7,71.1,1.23,2.06
64.2,4.7,71.03,1.23,2.07
64.3,4.7,70.97,1.23,2.08
64.4,4.7,70.9,1.23,2.08
64.5,4.7,70.84,1.23,2.09
64.6,4.7,70.77,1.23,2.1
64.7,4.7,70.69,1.23,2.11
64.8,4.7,70.62,1.23,2.11
64.9,4.7,70.54,1.23,2.12
65,4.7,70.46,1.23,2.13
65.1,4.7,70.38,1.23,2.14
65.2,4.7,70.3,1.23,2.15
65.3,4.7,70.21,1.23,2.15
65.4,4.7,70.13,1.23,2.16
65.5,4.7,70.04,1.23,2.17
65.6,4.7,69.95,1.23,2.18
65.7,4.7,69.85,1.23,2.19
65.8,4.7,69.75,1.23,2.19
65.9,4.7,69.65,1.23,2.2
66,4.7,69.55,1.23,2.21
66.1,4.7,69.45,1.23,2.22
58,4.8,72.27,1.26,1.61
58.1,4.8,72.26,1.26,1.62
58.2,4.8,72.26,1.26,1.62
58.3,4.8,72.25,1.26,1.63
58.4,4.8,72.24,1.26,1.64
58.5,4.8,72.23,1.26,1.64
58.6,4.8,72.23,1.26,1.65
58.7,4.8,72.22,1.26,1.66
58.8,4.8,72.21,1.26,1.66
58.9,4.8,72.2,1.26,1.67
59,4.8,72.2,1.26,1.68
59.1,4.8,72.19,1.26,1.68
59.2,4.8,72.18,1.26,1.69
59.3,4.8,72.17,1.26,1.7
59.4,4.8,72.16,1.26,1.71
59.5,4.8,72.15,1.25,1.71
59.6,4.8,72.15,1.25,1.72
59.7,4.8,72.14,1.25,1.73
59.8,4.8,72.13,1.25,1.73
59.9,4.8,72.11,1.25,1.74
60,4.8,72.1,1.25,1.75
60.1,4.8,72.09,1.25,1.76
60.2,4.8,72.08,1.25,1.76
60.3,4.8,72.07,1.25,1.77
60.4,4.8,72.05,1.25,1.78
60.5,4.8,72.04,1.25,1.78
60.6,4.8,72.02,1.25,1.79
60.7,4.8,72.01,1.25,1.8
60.8,4.8,71.99,1.25,1.81
60.9,4.8,71.98,1.25,1.81
61,4.8,71.96,1.25,1.82
61.1,4.8,71.94,1.25,1.83
61.2,4.8,71.92,1.25,1.83
61.3,4.8,71.9,1.25,1.84
61.4,4.8,71.88,1.25,1.85
61.5,4.8,71.85,1.24,1.86
61.6,4.8,71.83,1.24,1.86
61.7,4.8,71.81,1.24,1.87
61.8,4.8,71.78,1.24,1.88
61.9,4.8,71.75,1.24,1.89
62,4.8,71.72,1.24,1.89
62.1,4.8,71.69,1.24,1.9
62.2,4.8,71.66,1.24,1.91
62.3,4.8,71.63,1.24,1.92
62.4,4.8,71.6,1.24,1.92
62.5,4.8,71.56,1.24,1.93
62.6,4.8,71.53,1.24,1.94
62.7,4.8,71.49,1.24,1.95
62.8,4.8,71.45,1.24,1.95
62.9,4.8,71.41,1.24,1.96
63,4.8,71.37,1.24,1.97
63.1,4.8,71.33,1.24,1.97
63.2,4.8,71.28,1.24,1.98
63.3,4.8,71.24,1.24,1.99
63.4,4.8,71.19,1.24,2
63.5,4.8,71.14,1.24,2.01
63.6,4.8,71.09,1.23,2.01
63.7,4.8,71.04,1.23,2.02
63.8,4.8,70.98,1.23,2.03
63.9,4.8,70.92,1.23,2.04
64,4.8,70.87,1.23,2.04
64.1,4.8,70.81,1.23,2.05
64.2,4.8,70.74,1.23,2.06
64.3,4.8,70.68,1.23,2.07
64.4,4.8,70.61,1.23,2.07
64.5,4.8,70.55,1.23,2.08
64.6,4.8,70.48,1.23,2.09
64.7,4.8,70.4,1.23,2.1
64.8,4.8,70.33,1.23,2.1
64.9,4.8,70.25,1.23,2.11
65,4.8,70.17,1.23,2.12
65.1,4.8,70.09,1.23,2.13
65.2,4.8,70.01,1.23,2.14
65.3,4.8,69.93,1.23,2.14
65.4,4.8,69.84,1.23,2.15
65.5,4.8,69.75,1.23,2.16
65.6,4.8,69.66,1.23,2.17
65.7,4.8,69.56,1.23,2.17
65.8,4.8,69.47,1.23,2.18
65.9,4.8,69.37,1.23,2.19
66,4.8,69.26,1.23,2.2
66.1,4.8,69.16,1.23,2.21
58,4.9,71.98,1.26,1.6
58.1,4.9,71.97,1.26,1.61
58.2,4.9,71.96,1.26,1.61
58.3,4.9,71.95,1.26,1.62
58.4,4.9,71.95,1.26,1.63
58.5,4.9,71.94,1.26,1.63
58.6,4.9,71.93,1.26,1.64
58.7,4.9,71.93,1.26,1.65
58.8,4.9,71.92,1.26,1.65
58.9,4.9,71.91,1.26,1.66
59,4.9,71.9,1.26,1.67
59.1,4.9,71.9,1.26,1.68
59.2,4.9,71.89,1.26,1.68
59.3,4.9,71.88,1.26,1.69
59.4,4.9,71.87,1.25,1.7
59.5,4.9,71.86,1.25,1.7
59.6,4.9,71.85,1.25,1.71
59.7,4.9,71.84,1.25,1.72
59.8,4.9,71.83,1.25,1.72
59.9,4.9,71.82,1.25,1.73
60,4.9,71.81,1.25,1.74
60.1,4.9,71.8,1.25,1.75
60.2,4.9,71.79,1.25,1.75
60.3,4.9,71.77,1.25,1.76
60.4,4.9,71.76,1.25,1.77
60.5,4.9,71.75,1.25,1.77
60.6,4.9,71.73,1.25,1.78
60.7,4.9,71.72,1.25,1.79
60.8,4.9,71.7,1.25,1.8
60.9,4.9,71.68,1.25,1.8
61,4.9,71.66,1.25,1.81
61.1,4.9,71.65,1.25,1.82
61.2,4.9,71.63,1.25,1.82
61.3,4.9,71.61,1.24,1.83
61.4,4.9,71.58,1.24,1.84
61.5,4.9,71.56,1.24,1.85
61.6,4.9,71.54,1.24,1.85
61.7,4.9,71.51,1.24,1.86
61.8,4.9,71.49,1.24,1.87
61.9,4.9,71.46,1.24,1.88
62,4.9,71.43,1.24,1.88
62.1,4.9,71.4,1.24,1.89
62.2,4.9,71.37,1.24,1.9
62.3,4.9,71.34,1.24,1.91
62.4,4.9,71.31,1.24,1.91
62.5,4.9,71.27,1.24,1.92
62.6,4.9,71.24,1.24,1.93
62.7,4.9,71.2,1.24,1.94
62.8,4.9,71.16,1.24,1.94
62.9,4.9,71.12,1.24,1.95
63,4.9,71.08,1.24,1.96
63.1,4.9,71.04,1.24,1.97
63.2,4.9,70.99,1.24,1.97
63.3,4.9,70.95,1.23,1.98
63.4,4.9,70.9,1.23,1.99
63.5,4.9,70.85,1.23,2
63.6,4.9,70.8,1.23,2
63.7,4.9,70.75,1.23,2.01
63.8,4.9,70.69,1.23,2.02
63.9,4.9,70.64,1.23,2.03
64,4.9,70.58,1.23,2.03
64.1,4.9,70.52,1.23,2.04
64.2,4.9,70.45,1.23,2.05
64.3,4.9,70.39,1.23,2.06
64.4,4.9,70.32,1.23,2.06
64.5,4.9,70.26,1.23,2.07
64.6,4.9,70.19,1.23,2.08
64.7,4.9,70.12,1.23,2.09
64.8,4.9,70.04,1.23,2.09
64.9,4.9,69.96,1.23,2.1
65,4.9,69.89,1.23,2.11
65.1,4.9,69.81,1.23,2.12
65.2,4.9,69.72,1.23,2.13
65.3,4.9,69.64,1.23,2.13
65.4,4.9,69.55,1.23,2.14
65.5,4.9,69.46,1.23,2.15
65.6,4.9,69.37,1.23,2.16
65.7,4.9,69.28,1.23,2.16
65.8,4.9,69.18,1.23,2.17
65.9,4.9,69.08,1.23,2.18
66,4.9,68.98,1.23,2.19
66.1,4.9,68.87,1.23,2.2
58,5,71.68,1.26,1.59
58.1,5,71.67,1.26,1.6
58.2,5,71.67,1.26,1.6
58.3,5,71.66,1.26,1.61
58.4,5,71.65,1.26,1.62
58.5,5,71.65,1.26,1.62
58.6,5,71.64,1.26,1.63
58.7,5,71.63,1.26,1.64
58.8,5,71.63,1.26,1.65
58.9,5,71.62,1.26,1.65
59,5,71.61,1.26,1.66
59.1,5,71.6,1.26,1.67
59.2,5,71.59,1.25,1.67
59.3,5,71.59,1.25,1.68
59.4,5,71.58,1.25,1.69
59.5,5,71.57,1.25,1.69
59.6,5,71.56,1.25,1.7
59.7,5,71.55,1.25,1.71
59.8,5,71.54,1.25,1.72
59.9,5,71.53,1.25,1.72
60,5,71.52,1.25,1.73
60.1,5,71.51,1.25,1.74
60.2,5,71.5,1.25,1.74
60.3,5,71.48,1.25,1.75
60.4,5,71.47,1.25,1.76
60.5,5,71.46,1.25,1.77
60.6,5,71.44,1.25,1.77
60.7,5,71.43,1.25,1.78
60.8,5,71.41,1.25,1.79
60.9,5,71.39,1.25,1.79
61,5,71.37,1.24,1.8
61.1,5,71.36,1.24,1.81
61.2,5,71.34,1.24,1.82
61.3,5,71.32,1.24,1.82
61.4,5,71.29,1.24,1.83
61.5,5,71.27,1.24,1.84
61.6,5,71.25,1.24,1.84
61.7,5,71.22,1.24,1.85
61.8,5,71.2,1.24,1.86
61.9,5,71.17,1.24,1.87
62,5,71.14,1.24,1.87
62.1,5,71.11,1.24,1.88
62.2,5,71.08,1.24,1.89
62.3,5,71.05,1.24,1.9
62.4,5,71.02,1.24,1.9
62.5,5,70.98,1.24,1.91
62.6,5,70.95,1.24,1.92
62.7,5,70.91,1.24,1.93
62.8,5,70.87,1.24,1.93
62.9,5,70.83,1.24,1.94
63,5,70.79,1.23,1.95
63.1,5,70.75,1.23,1.96
63.2,5,70.71,1.23,1.96
63.3,5,70.66,1.23,1.97
63.4,5,70.61,1.23,1.98
63.5,5,70.56,1.23,1.99
63.6,5,70.51,1.23,1.99
63.7,5,70.46,1.23,2
63.8,5,70.4,1.23,2.01
63.9,5,70.35,1.23,2.02
64,5,70.29,1.23,2.02
64.1,5,70.23,1.23,2.03
64.2,5,70.17,1.23,2.04
64.3,5,70.1,1.23,2.05
64.4,5,70.04,1.23,2.05
64.5,5,69.97,1.23,2.06
64.6,5,69.9,1.23,2.07
64.7,5,69.83,1.23,2.08
64.8,5,69.75,1.23,2.08
64.9,5,69.68,1.23,2.09
65,5,69.6,1.23,2.1
65.1,5,69.52,1.23,2.11
65.2,5,69.44,1.23,2.12
65.3,5,69.35,1.23,2.12
65.4,5,69.27,1.23,2.13
65.5,5,69.18,1.23,2.14
65.6,5,69.08,1.22,2.15
65.7,5,68.99,1.22,2.15
65.8,5,68.89,1.22,2.16
65.9,5,68.79,1.22,2.17
66,5,68.69,1.22,2.18
66.1,5,68.59,1.22,2.19
58,5.1,71.39,1.26,1.58
58.1,5.1,71.38,1.26,1.59
58.2,5.1,71.38,1.26,1.6
58.3,5.1,71.37,1.26,1.6
58.4,5.1,71.36,1.26,1.61
58.5,5.1,71.36,1.26,1.62
58.6,5.1,71.35,1.26,1.62
58.7,5.1,71.34,1.26,1.63
58.8,5.1,71.33,1.26,1.64
58.9,5.1,71.33,1.26,1.64
59,5.1,71.32,1.26,1.65
59.1,5.1,71.31,1.25,1.66
59.2,5.1,71.3,1.25,1.66
59.3,5.1,71.3,1.25,1.67
59.4,5.1,71.29,1.25,1.68
59.5,5.1,71.28,1.25,1.69
59.6,5.1,71.27,1.25,1.69
59.7,5.1,71.26,1.25,1.7
59.8,5.1,71.25,1.25,1.71
59.9,5.1,71.24,1.25,1.71
60,5.1,71.23,1.25,1.72
60.1,5.1,71.22,1.25,1.73
60.2,5.1,71.21,1.25,1.73
60.3,5.1,71.19,1.25,1.74
60.4,5.1,71.18,1.25,1.75
60.5,5.1,71.17,1.25,1.76
60.6,5.1,71.15,1.25,1.76
60.7,5.1,71.14,1.25,1.77
60.8,5.1,71.12,1.24,1.78
60.9,5.1,71.1,1.24,1.78
61,5.1,71.09,1.24,1.79
61.1,5.1,71.07,1.24,1.8
61.2,5.1,71.05,1.24,1.81
61.3,5.1,71.03,1.24,1.81
61.4,5.1,71.01,1.24,1.82
61.5,5.1,70.98,1.24,1.83
61.6,5.1,70.96,1.24,1.83
61.7,5.1,70.94,1.24,1.84
61.8,5.1,70.91,1.24,1.85
61.9,5.1,70.88,1.24,1.86
62,5.1,70.86,1.24,1.86
62.1,5.1,70.83,1.24,1.87
62.2,5.1,70.8,1.24,1.88
62.3,5.1,70.76,1.24,1.89
62.4,5.1,70.73,1.24,1.89
62.5,5.1,70.7,1.24,1.9
62.6,5.1,70.66,1.24,1.91
62.7,5.1,70.63,1.23,1.92
62.8,5.1,70.59,1.23,1.92
62.9,5.1,70.55,1.23,1.93
63,5.1,70.51,1.23,1.94
63.1,5.1,70.46,1.23,1.95
63.2,5.1,70.42,1.23,1.95
63.3,5.1,70.37,1.23,1.96
63.4,5.1,70.33,1.23,1.97
63.5,5.1,70.28,1.23,1.98
63.6,5.1,70.23,1.23,1.98
63.7,5.1,70.17,1.23,1.99
63.8,5.1,70.12,1.23,2
63.9,5.1,70.06,1.23,2.01
64,5.1,70,1.23,2.01
64.1,5.1,69.94,1.23,2.02
64.2,5.1,69.88,1.23,2.03
64.3,5.1,69.82,1.23,2.04
64.4,5.1,69.75,1.23,2.04
64.5,5.1,69.69,1.23,2.05
64.6,5.1,69.62,1.23,2.06
64.7,5.1,69.54,1.23,2.07
64.8,5.1,69.47,1.23,2.07
64.9,5.1,69.39,1.23,2.08
65,5.1,69.32,1.22,2.09
65.1,5.1,69.24,1.22,2.1
65.2,5.1,69.15,1.22,2.1
65.3,5.1,69.07,1.22,2.11
65.4,5.1,68.98,1.22,2.12
65.5,5.1,68.89,1.22,2.13
65.6,5.1,68.8,1.22,2.14
65.7,5.1,68.71,1.22,2.14
65.8,5.1,68.61,1.22,2.15
65.9,5.1,68.51,1.22,2.16
66,5.1,68.41,1.22,2.17
66.1,5.1,68.31,1.22,2.17
58,5.2,71.1,1.26,1.57
58.1,5.2,71.09,1.26,1.58
58.2,5.2,71.09,1.26,1.59
58.3,5.2,71.08,1.26,1.59
58.4,5.2,71.07,1.26,1.6
58.5,5.2,71.07,1.26,1.61
58.6,5.2,71.06,1.26,1.61
58.7,5.2,71.05,1.26,1.62
58.8,5.2,71.05,1.26,1.63
58.9,5.2,71.04,1.25,1.63
59,5.2,71.03,1.25,1.64
59.1,5.2,71.02,1.25,1.65
59.2,5.2,71.02,1.25,1.66
59.3,5.2,71.01,1.25,1.66
59.4,5.2,71,1.25,1.67
59.5,5.2,70.99,1.25,1.68
59.6,5.2,70.98,1.25,1.68
59.7,5.2,70.97,1.25,1.69
59.8,5.2,70.96,1.25,1.7
59.9,5.2,70.95,1.25,1.7
60,5.2,70.94,1.25,1.71
60.1,5.2,70.93,1.25,1.72
60.2,5.2,70.92,1.25,1.73
60.3,5.2,70.91,1.25,1.73
60.4,5.2,70.89,1.25,1.74
60.5,5.2,70.88,1.25,1.75
60.6,5.2,70.86,1.24,1.75
60.7,5.2,70.85,1.24,1.76
60.8,5.2,70.83,1.24,1.77
60.9,5.2,70.82,1.24,1.77
61,5.2,70.8,1.24,1.78
61.1,5.2,70.78,1.24,1.79
61.2,5.2,70.76,1.24,1.8
61.3,5.2,70.74,1.24,1.8
61.4,5.2,70.72,1.24,1.81
61.5,5.2,70.7,1.24,1.82
61.6,5.2,70.67,1.24,1.83
61.7,5.2,70.65,1.24,1.83
61.8,5.2,70.62,1.24,1.84
61.9,5.2,70.6,1.24,1.85
62,5.2,70.57,1.24,1.85
62.1,5.2,70.54,1.24,1.86
62.2,5.2,70.51,1.24,1.87
62.3,5.2,70.48,1.24,1.88
62.4,5.2,70.45,1.23,1.88
62.5,5.2,70.41,1.23,1.89
62.6,5.2,70.38,1.23,1.9
62.7,5.2,70.34,1.23,1.91
62.8,5.2,70.3,1.23,1.91
62.9,5.2,70.26,1.23,1.92
63,5.2,70.22,1.23,1.93
63.1,5.2,70.18,1.23,1.94
63.2,5.2,70.13,1.23,1.94
63.3,5.2,70.09,1.23,1.95
63.4,5.2,70.04,1.23,1.96
63.5,5.2,69.99,1.23,1.97
63.6,5.2,69.94,1.23,1.97
63.7,5.2,69.89,1.23,1.98
63.8,5.2,69.83,1.23,1.99
63.9,5.2,69.78,1.23,2
64,5.2,69.72,1.23,2
64.1,5.2,69.66,1.23,2.01
64.2,5.2,69.6,1.23,2.02
64.3,5.2,69.53,1.23,2.03
64.4,5.2,69.47,1.23,2.03
64.5,5.2,69.4,1.23,2.04
64.6,5.2,69.33,1.22,2.05
64.7,5.2,69.26,1.22,2.06
64.8,5.2,69.19,1.22,2.06
64.9,5.2,69.11,1.22,2.07
65,5.2,69.03,1.22,2.08
65.1,5.2,68.95,1.22,2.09
65.2,5.2,68.87,1.22,2.09
65.3,5.2,68.79,1.22,2.1
65.4,5.2,68.7,1.22,2.11
65.5,5.2,68.61,1.22,2.12
65.6,5.2,68.52,1.22,2.13
65.7,5.2,68.42,1.22,2.13
65.8,5.2,68.33,1.22,2.14
65.9,5.2,68.23,1.22,2.15
66,5.2,68.13,1.22,2.16
66.1,5.2,68.02,1.22,2.16
58,5.3,70.81,1.26,1.56
58.1,5.3,70.81,1.26,1.57
58.2,5.3,70.8,1.26,1.58
58.3,5.3,70.79,1.26,1.58
58.4,5.3,70.79,1.26,1.59
58.5,5.3,70.78,1.26,1.6
58.6,5.3,70.77,1.26,1.6
58.7,5.3,70.77,1.25,1.61
58.8,5.3,70.76,1.25,1.62
58.9,5.3,70.75,1.25,1.63
59,5.3,70.74,1.25,1.63
59.1,5.3,70.74,1.25,1.64
59.2,5.3,70.73,1.25,1.65
59.3,5.3,70.72,1.25,1.65
59.4,5.3,70.71,1.25,1.66
59.5,5.3,70.7,1.25,1.67
59.6,5.3,70.69,1.25,1.67
59.7,5.3,70.69,1.25,1.68
59.8,5.3,70.68,1.25,1.69
59.9,5.3,70.67,1.25,1.69
60,5.3,70.65,1.25,1.7
60.1,5.3,70.64,1.25,1.71
60.2,5.3,70.63,1.25,1.72
60.3,5.3,70.62,1.25,1.72
60.4,5.3,70.61,1.25,1.73
60.5,5.3,70.59,1.24,1.74
60.6,5.3,70.58,1.24,1.74
60.7,5.3,70.56,1.24,1.75
60.8,5.3,70.55,1.24,1.76
60.9,5.3,70.53,1.24,1.77
61,5.3,70.51,1.24,1.77
61.1,5.3,70.49,1.24,1.78
61.2,5.3,70.48,1.24,1.79
61.3,5.3,70.45,1.24,1.79
61.4,5.3,70.43,1.24,1.8
61.5,5.3,70.41,1.24,1.81
61.6,5.3,70.39,1.24,1.82
61.7,5.3,70.36,1.24,1.82
61.8,5.3,70.34,1.24,1.83
61.9,5.3,70.31,1.24,1.84
62,5.3,70.28,1.24,1.84
62.1,5.3,70.26,1.24,1.85
62.2,5.3,70.23,1.23,1.86
62.3,5.3,70.19,1.23,1.87
62.4,5.3,70.16,1.23,1.87
62.5,5.3,70.13,1.23,1.88
62.6,5.3,70.09,1.23,1.89
62.7,5.3,70.06,1.23,1.9
62.8,5.3,70.02,1.23,1.9
62.9,5.3,69.98,1.23,1.91
63,5.3,69.94,1.23,1.92
63.1,5.3,69.89,1.23,1.93
63.2,5.3,69.85,1.23,1.93
63.3,5.3,69.8,1.23,1.94
63.4,5.3,69.76,1.23,1.95
63.5,5.3,69.71,1.23,1.96
63.6,5.3,69.66,1.23,1.96
63.7,5.3,69.61,1.23,1.97
63.8,5.3,69.55,1.23,1.98
63.9,5.3,69.5,1.23,1.99
64,5.3,69.44,1.23,1.99
64.1,5.3,69.38,1.23,2
64.2,5.3,69.32,1.22,2.01
64.3,5.3,69.25,1.22,2.02
64.4,5.3,69.19,1.22,2.02
64.5,5.3,69.12,1.22,2.03
64.6,5.3,69.05,1.22,2.04
64.7,5.3,68.98,1.22,2.05
64.8,5.3,68.91,1.22,2.05
64.9,5.3,68.83,1.22,2.06
65,5.3,68.75,1.22,2.07
65.1,5.3,68.67,1.22,2.08
65.2,5.3,68.59,1.22,2.08
65.3,5.3,68.51,1.22,2.09
65.4,5.3,68.42,1.22,2.1
65.5,5.3,68.33,1.22,2.11
65.6,5.3,68.24,1.22,2.12
65.7,5.3,68.14,1.22,2.12
65.8,5.3,68.05,1.22,2.13
65.9,5.3,67.95,1.22,2.14
66,5.3,67.85,1.22,2.15
66.1,5.3,67.74,1.22,2.15
58,5.4,70.53,1.26,1.55
58.1,5.4,70.52,1.26,1.56
58.2,5.4,70.51,1.26,1.57
58.3,5.4,70.51,1.26,1.58
58.4,5.4,70.5,1.26,1.58
58.5,5.4,70.49,1.26,1.59
58.6,5.4,70.49,1.25,1.6
58.7,5.4,70.48,1.25,1.6
58.8,5.4,70.47,1.25,1.61
58.9,5.4,70.47,1.25,1.62
59,5.4,70.46,1.25,1.62
59.1,5.4,70.45,1.25,1.63
59.2,5.4,70.44,1.25,1.64
59.3,5.4,70.44,1.25,1.64
59.4,5.4,70.43,1.25,1.65
59.5,5.4,70.42,1.25,1.66
59.6,5.4,70.41,1.25,1.66
59.7,5.4,70.4,1.25,1.67
59.8,5.4,70.39,1.25,1.68
59.9,5.4,70.38,1.25,1.69
60,5.4,70.37,1.25,1.69
60.1,5.4,70.36,1.25,1.7
60.2,5.4,70.35,1.25,1.71
60.3,5.4,70.33,1.24,1.71
60.4,5.4,70.32,1.24,1.72
60.5,5.4,70.31,1.24,1.73
60.6,5.4,70.29,1.24,1.73
60.7,5.4,70.28,1.24,1.74
60.8,5.4,70.26,1.24,1.75
60.9,5.4,70.25,1.24,1.76
61,5.4,70.23,1.24,1.76
61.1,5.4,70.21,1.24,1.77
61.2,5.4,70.19,1.24,1.78
61.3,5.4,70.17,1.24,1.78
61.4,5.4,70.15,1.24,1.79
61.5,5.4,70.13,1.24,1.8
61.6,5.4,70.11,1.24,1.81
61.7,5.4,70.08,1.24,1.81
61.8,5.4,70.06,1.24,1.82
61.9,5.4,70.03,1.23,1.83
62,5.4,70,1.23,1.84
62.1,5.4,69.97,1.23,1.84
62.2,5.4,69.94,1.23,1.85
62.3,5.4,69.91,1.23,1.86
62.4,5.4,69.88,1.23,1.86
62.5,5.4,69.85,1.23,1.87
62.6,5.4,69.81,1.23,1.88
62.7,5.4,69.77,1.23,1.89
62.8,5.4,69.74,1.23,1.89
62.9,5.4,69.7,1.23,1.9
63,5.4,69.66,1.23,1.91
63.1,5.4,69.61,1.23,1.92
63.2,5.4,69.57,1.23,1.92
63.3,5.4,69.52,1.23,1.93
63.4,5.4,69.48,1.23,1.94
63.5,5.4,69.43,1.23,1.95
63.6,5.4,69.38,1.23,1.95
63.7,5.4,69.32,1.23,1.96
63.8,5.4,69.27,1.22,1.97
63.9,5.4,69.21,1.22,1.98
64,5.4,69.16,1.22,1.98
64.1,5.4,69.1,1.22,1.99
64.2,5.4,69.04,1.22,2
64.3,5.4,68.97,1.22,2.01
64.4,5.4,68.91,1.22,2.01
64.5,5.4,68.84,1.22,2.02
64.6,5.4,68.77,1.22,2.03
64.7,5.4,68.7,1.22,2.04
64.8,5.4,68.63,1.22,2.04
64.9,5.4,68.55,1.22,2.05
65,5.4,68.47,1.22,2.06
65.1,5.4,68.39,1.22,2.07
65.2,5.4,68.31,1.22,2.07
65.3,5.4,68.23,1.22,2.08
65.4,5.4,68.14,1.22,2.09
65.5,5.4,68.05,1.22,2.1
65.6,5.4,67.96,1.22,2.11
65.7,5.4,67.87,1.22,2.11
65.8,5.4,67.77,1.22,2.12
65.9,5.4,67.67,1.22,2.13
66,5.4,67.57,1.22,2.14
66.1,5.4,67.47,1.22,2.14
58,5.5,70.24,1.26,1.55
58.1,5.5,70.24,1.26,1.55
58.2,5.5,70.23,1.26,1.56
58.3,5.5,70.22,1.26,1.57
58.4,5.5,70.22,1.25,1.57
58.5,5.5,70.21,1.25,1.58
58.6,5.5,70.2,1.25,1.59
58.7,5.5,70.2,1.25,1.59
58.8,5.5,70.19,1.25,1.6
58.9,5.5,70.18,1.25,1.61
59,5.5,70.17,1.25,1.61
59.1,5.5,70.17,1.25,1.62
59.2,5.5,70.16,1.25,1.63
59.3,5.5,70.15,1.25,1.63
59.4,5.5,70.14,1.25,1.64
59.5,5.5,70.14,1.25,1.65
59.6,5.5,70.13,1.25,1.66
59.7,5.5,70.12,1.25,1.66
59.8,5.5,70.11,1.25,1.67
59.9,5.5,70.1,1.25,1.68
60,5.5,70.09,1.25,1.68
60.1,5.5,70.08,1.24,1.69
60.2,5.5,70.06,1.24,1.7
60.3,5.5,70.05,1.24,1.7
60.4,5.5,70.04,1.24,1.71
60.5,5.5,70.03,1.24,1.72
60.6,5.5,70.01,1.24,1.73
60.7,5.5,70,1.24,1.73
60.8,5.5,69.98,1.24,1.74
60.9,5.5,69.96,1.24,1.75
61,5.5,69.95,1.24,1.75
61.1,5.5,69.93,1.24,1.76
61.2,5.5,69.91,1.24,1.77
61.3,5.5,69.89,1.24,1.78
61.4,5.5,69.87,1.24,1.78
61.5,5.5,69.85,1.24,1.79
61.6,5.5,69.82,1.24,1.8
61.7,5.5,69.8,1.23,1.8
61.8,5.5,69.77,1.23,1.81
61.9,5.5,69.75,1.23,1.82
62,5.5,69.72,1.23,1.83
62.1,5.5,69.69,1.23,1.83
62.2,5.5,69.66,1.23,1.84
62.3,5.5,69.63,1.23,1.85
62.4,5.5,69.6,1.23,1.85
62.5,5.5,69.56,1.23,1.86
62.6,5.5,69.53,1.23,1.87
62.7,5.5,69.49,1.23,1.88
62.8,5.5,69.46,1.23,1.88
62.9,5.5,69.42,1.23,1.89
63,5.5,69.38,1.23,1.9
63.1,5.5,69.33,1.23,1.91
63.2,5.5,69.29,1.23,1.91
63.3,5.5,69.24,1.23,1.92
63.4,5.5,69.2,1.23,1.93
63.5,5.5,69.15,1.22,1.94
63.6,5.5,69.1,1.22,1.94
63.7,5.5,69.05,1.22,1.95
63.8,5.5,68.99,1.22,1.96
63.9,5.5,68.94,1.22,1.97
64,5.5,68.88,1.22,1.97
64.1,5.5,68.82,1.22,1.98
64.2,5.5,68.76,1.22,1.99
64.3,5.5,68.69,1.22,2
64.4,5.5,68.63,1.22,2
64.5,5.5,68.56,1.22,2.01
64.6,5.5,68.49,1.22,2.02
64.7,5.5,68.42,1.22,2.03
64.8,5.5,68.35,1.22,2.03
64.9,5.5,68.27,1.22,2.04
65,5.5,68.2,1.22,2.05
65.1,5.5,68.12,1.22,2.06
65.2,5.5,68.03,1.22,2.06
65.3,5.5,67.95,1.22,2.07
65.4,5.5,67.86,1.22,2.08
65.5,5.5,67.77,1.22,2.09
65.6,5.5,67.68,1.22,2.09
65.7,5.5,67.59,1.22,2.1
65.8,5.5,67.49,1.22,2.11
65.9,5.5,67.4,1.22,2.12
66,5.5,67.29,1.22,2.13
66.1,5.5,67.19,1.21,2.13
58,5.6,69.96,1.26,1.54
58.1,5.6,69.95,1.26,1.54
58.2,5.6,69.95,1.26,1.55
58.3,5.6,69.94,1.25,1.56
58.4,5.6,69.93,1.25,1.56
58.5,5.6,69.93,1.25,1.57
58.6,5.6,69.92,1.25,1.58
58.7,5.6,69.91,1.25,1.58
58.8,5.6,69.91,1.25,1.59
58.9,5.6,69.9,1.25,1.6
59,5.6,69.89,1.25,1.61
59.1,5.6,69.88,1.25,1.61
59.2,5.6,69.88,1.25,1.62
59.3,5.6,69.87,1.25,1.63
59.4,5.6,69.86,1.25,1.63
59.5,5.6,69.85,1.25,1.64
59.6,5.6,69.84,1.25,1.65
59.7,5.6,69.84,1.25,1.65
59.8,5.6,69.83,1.25,1.66
59.9,5.6,69.82,1.24,1.67
60,5.6,69.81,1.24,1.67
60.1,5.6,69.79,1.24,1.68
60.2,5.6,69.78,1.24,1.69
60.3,5.6,69.77,1.24,1.7
60.4,5.6,69.76,1.24,1.7
60.5,5.6,69.74,1.24,1.71
60.6,5.6,69.73,1.24,1.72
60.7,5.6,69.72,1.24,1.72
60.8,5.6,69.7,1.24,1.73
60.9,5.6,69.68,1.24,1.74
61,5.6,69.67,1.24,1.74
61.1,5.6,69.65,1.24,1.75
61.2,5.6,69.63,1.24,1.76
61.3,5.6,69.61,1.24,1.77
61.4,5.6,69.59,1.24,1.77
61.5,5.6,69.57,1.23,1.78
61.6,5.6,69.54,1.23,1.79
61.7,5.6,69.52,1.23,1.79
61.8,5.6,69.49,1.23,1.8
61.9,5.6,69.47,1.23,1.81
62,5.6,69.44,1.23,1.82
62.1,5.6,69.41,1.23,1.82
62.2,5.6,69.38,1.23,1.83
62.3,5.6,69.35,1.23,1.84
62.4,5.6,69.32,1.23,1.85
62.5,5.6,69.29,1.23,1.85
62.6,5.6,69.25,1.23,1.86
62.7,5.6,69.21,1.23,1.87
62.8,5.6,69.18,1.23,1.87
62.9,5.6,69.14,1.23,1.88
63,5.6,69.1,1.23,1.89
63.1,5.6,69.05,1.23,1.9
63.2,5.6,69.01,1.22,1.9
63.3,5.6,68.97,1.22,1.91
63.4,5.6,68.92,1.22,1.92
63.5,5.6,68.87,1.22,1.93
63.6,5.6,68.82,1.22,1.93
63.7,5.6,68.77,1.22,1.94
63.8,5.6,68.71,1.22,1.95
63.9,5.6,68.66,1.22,1.96
64,5.6,68.6,1.22,1.96
64.1,5.6,68.54,1.22,1.97
64.2,5.6,68.48,1.22,1.98
64.3,5.6,68.42,1.22,1.99
64.4,5.6,68.35,1.22,1.99
64.5,5.6,68.29,1.22,2
64.6,5.6,68.22,1.22,2.01
64.7,5.6,68.15,1.22,2.02
64.8,5.6,68.07,1.22,2.02
64.9,5.6,68,1.22,2.03
65,5.6,67.92,1.22,2.04
65.1,5.6,67.84,1.22,2.05
65.2,5.6,67.76,1.22,2.05
65.3,5.6,67.67,1.22,2.06
65.4,5.6,67.59,1.22,2.07
65.5,5.6,67.5,1.21,2.08
65.6,5.6,67.41,1.21,2.08
65.7,5.6,67.31,1.21,2.09
65.8,5.6,67.22,1.21,2.1
65.9,5.6,67.12,1.21,2.11
66,5.6,67.02,1.21,2.12
66.1,5.6,66.92,1.21,2.12
58,5.7,69.68,1.26,1.53
58.1,5.7,69.67,1.26,1.54
58.2,5.7,69.66,1.25,1.54
58.3,5.7,69.66,1.25,1.55
58.4,5.7,69.65,1.25,1.56
58.5,5.7,69.65,1.25,1.56
58.6,5.7,69.64,1.25,1.57
58.7,5.7,69.63,1.25,1.58
58.8,5.7,69.63,1.25,1.58
58.9,5.7,69.62,1.25,1.59
59,5.7,69.61,1.25,1.6
59.1,5.7,69.6,1.25,1.6
59.2,5.7,69.6,1.25,1.61
59.3,5.7,69.59,1.25,1.62
59.4,5.7,69.58,1.25,1.62
59.5,5.7,69.57,1.25,1.63
59.6,5.7,69.56,1.25,1.64
59.7,5.7,69.56,1.24,1.64
59.8,5.7,69.55,1.24,1.65
59.9,5.7,69.54,1.24,1.66
60,5.7,69.53,1.24,1.66
60.1,5.7,69.51,1.24,1.67
60.2,5.7,69.5,1.24,1.68
60.3,5.7,69.49,1.24,1.69
60.4,5.7,69.48,1.24,1.69
60.5,5.7,69.47,1.24,1.7
60.6,5.7,69.45,1.24,1.71
60.7,5.7,69.44,1.24,1.71
60.8,5.7,69.42,1.24,1.72
60.9,5.7,69.4,1.24,1.73
61,5.7,69.39,1.24,1.74
61.1,5.7,69.37,1.24,1.74
61.2,5.7,69.35,1.24,1.75
61.3,5.7,69.33,1.23,1.76
61.4,5.7,69.31,1.23,1.76
61.5,5.7,69.29,1.23,1.77
61.6,5.7,69.27,1.23,1.78
61.7,5.7,69.24,1.23,1.79
61.8,5.7,69.22,1.23,1.79
61.9,5.7,69.19,1.23,1.8
62,5.7,69.16,1.23,1.81
62.1,5.7,69.13,1.23,1.81
62.2,5.7,69.11,1.23,1.82
62.3,5.7,69.07,1.23,1.83
62.4,5.7,69.04,1.23,1.84
62.5,5.7,69.01,1.23,1.84
62.6,5.7,68.97,1.23,1.85
62.7,5.7,68.94,1.23,1.86
62.8,5.7,68.9,1.23,1.86
62.9,5.7,68.86,1.22,1.87
63,5.7,68.82,1.22,1.88
63.1,5.7,68.78,1.22,1.89
63.2,5.7,68.73,1.22,1.89
63.3,5.7,68.69,1.22,1.9
63.4,5.7,68.64,1.22,1.91
63.5,5.7,68.59,1.22,1.92
63.6,5.7,68.54,1.22,1.92
63.7,5.7,68.49,1.22,1.93
63.8,5.7,68.44,1.22,1.94
63.9,5.7,68.38,1.22,1.95
64,5.7,68.33,1.22,1.95
64.1,5.7,68.27,1.22,1.96
64.2,5.7,68.2,1.22,1.97
64.3,5.7,68.14,1.22,1.98
64.4,5.7,68.08,1.22,1.98
64.5,5.7,68.01,1.22,1.99
64.6,5.7,67.94,1.22,2
64.7,5.7,67.87,1.22,2.01
64.8,5.7,67.8,1.22,2.01
64.9,5.7,67.72,1.22,2.02
65,5.7,67.64,1.21,2.03
65.1,5.7,67.57,1.21,2.04
65.2,5.7,67.48,1.21,2.04
65.3,5.7,67.4,1.21,2.05
65.4,5.7,67.31,1.21,2.06
65.5,5.7,67.23,1.21,2.07
65.6,5.7,67.13,1.21,2.07
65.7,5.7,67.04,1.21,2.08
65.8,5.7,66.95,1.21,2.09
65.9,5.7,66.85,1.21,2.1
66,5.7,66.75,1.21,2.11
66.1,5.7,66.64,1.21,2.11
58,5.8,69.4,1.25,1.52
58.1,5.8,69.39,1.25,1.53
58.2,5.8,69.39,1.25,1.53
58.3,5.8,69.38,1.25,1.54
58.4,5.8,69.37,1.25,1.55
58.5,5.8,69.37,1.25,1.55
58.6,5.8,69.36,1.25,1.56
58.7,5.8,69.35,1.25,1.57
58.8,5.8,69.35,1.25,1.57
58.9,5.8,69.34,1.25,1.58
59,5.8,69.33,1.25,1.59
59.1,5.8,69.33,1.25,1.59
59.2,5.8,69.32,1.25,1.6
59.3,5.8,69.31,1.25,1.61
59.4,5.8,69.3,1.25,1.61
59.5,5.8,69.29,1.25,1.62
59.6,5.8,69.29,1.24,1.63
59.7,5.8,69.28,1.24,1.64
59.8,5.8,69.27,1.24,1.64
59.9,5.8,69.26,1.24,1.65
60,5.8,69.25,1.24,1.66
60.1,5.8,69.24,1.24,1.66
60.2,5.8,69.23,1.24,1.67
60.3,5.8,69.21,1.24,1.68
60.4,5.8,69.2,1.24,1.68
60.5,5.8,69.19,1.24,1.69
60.6,5.8,69.17,1.24,1.7
60.7,5.8,69.16,1.24,1.7
60.8,5.8,69.14,1.24,1.71
60.9,5.8,69.13,1.24,1.72
61,5.8,69.11,1.24,1.73
61.1,5.8,69.09,1.23,1.73
61.2,5.8,69.07,1.23,1.74
61.3,5.8,69.05,1.23,1.75
61.4,5.8,69.03,1.23,1.75
61.5,5.8,69.01,1.23,1.76
61.6,5.8,68.99,1.23,1.77
61.7,5.8,68.96,1.23,1.78
61.8,5.8,68.94,1.23,1.78
61.9,5.8,68.91,1.23,1.79
62,5.8,68.89,1.23,1.8
62.1,5.8,68.86,1.23,1.8
62.2,5.8,68.83,1.23,1.81
62.3,5.8,68.8,1.23,1.82
62.4,5.8,68.77,1.23,1.83
62.5,5.8,68.73,1.23,1.83
62.6,5.8,68.7,1.22,1.84
62.7,5.8,68.66,1.22,1.85
62.8,5.8,68.62,1.22,1.86
62.9,5.8,68.59,1.22,1.86
63,5.8,68.55,1.22,1.87
63.1,5.8,68.5,1.22,1.88
63.2,5.8,68.46,1.22,1.88
63.3,5.8,68.41,1.22,1.89
63.4,5.8,68.37,1.22,1.9
63.5,5.8,68.32,1.22,1.91
63.6,5.8,68.27,1.22,1.91
63.7,5.8,68.22,1.22,1.92
63.8,5.8,68.16,1.22,1.93
63.9,5.8,68.11,1.22,1.94
64,5.8,68.05,1.22,1.94
64.1,5.8,67.99,1.22,1.95
64.2,5.8,67.93,1.22,1.96
64.3,5.8,67.87,1.22,1.97
64.4,5.8,67.8,1.22,1.97
64.5,5.8,67.74,1.21,1.98
64.6,5.8,67.67,1.21,1.99
64.7,5.8,67.6,1.21,2
64.8,5.8,67.52,1.21,2
64.9,5.8,67.45,1.21,2.01
65,5.8,67.37,1.21,2.02
65.1,5.8,67.29,1.21,2.03
65.2,5.8,67.21,1.21,2.03
65.3,5.8,67.13,1.21,2.04
65.4,5.8,67.04,1.21,2.05
65.5,5.8,66.95,1.21,2.06
65.6,5.8,66.86,1.21,2.06
65.7,5.8,66.77,1.21,2.07
65.8,5.8,66.67,1.21,2.08
65.9,5.8,66.58,1.21,2.09
66,5.8,66.47,1.21,2.1
66.1,5.8,66.37,1.21,2.1
58,5.9,69.12,1.25,1.51
58.1,5.9,69.11,1.25,1.52
58.2,5.9,69.11,1.25,1.52
58.3,5.9,69.1,1.25,1.53
58.4,5.9,69.09,1.25,1.54
58.5,5.9,69.09,1.25,1.54
58.6,5.9,69.08,1.25,1.55
58.7,5.9,69.08,1.25,1.56
58.8,5.9,69.07,1.25,1.56
58.9,5.9,69.06,1.25,1.57
59,5.9,69.06,1.25,1.58
59.1,5.9,69.05,1.25,1.59
59.2,5.9,69.04,1.25,1.59
59.3,5.9,69.03,1.25,1.6
59.4,5.9,69.03,1.24,1.61
59.5,5.9,69.02,1.24,1.61
59.6,5.9,69.01,1.24,1.62
59.7,5.9,69,1.24,1.63
59.8,5.9,68.99,1.24,1.63
59.9,5.9,68.98,1.24,1.64
60,5.9,68.97,1.24,1.65
60.1,5.9,68.96,1.24,1.65
60.2,5.9,68.95,1.24,1.66
60.3,5.9,68.94,1.24,1.67
60.4,5.9,68.92,1.24,1.67
60.5,5.9,68.91,1.24,1.68
60.6,5.9,68.9,1.24,1.69
60.7,5.9,68.88,1.24,1.7
60.8,5.9,68.87,1.23,1.7
60.9,5.9,68.85,1.23,1.71
61,5.9,68.83,1.23,1.72
61.1,5.9,68.82,1.23,1.72
61.2,5.9,68.8,1.23,1.73
61.3,5.9,68.78,1.23,1.74
61.4,5.9,68.76,1.23,1.74
61.5,5.9,68.74,1.23,1.75
61.6,5.9,68.71,1.23,1.76
61.7,5.9,68.69,1.23,1.77
61.8,5.9,68.67,1.23,1.77
61.9,5.9,68.64,1.23,1.78
62,5.9,68.61,1.23,1.79
62.1,5.9,68.58,1.23,1.79
62.2,5.9,68.55,1.23,1.8
62.3,5.9,68.52,1.23,1.81
62.4,5.9,68.49,1.22,1.82
62.5,5.9,68.46,1.22,1.82
62.6,5.9,68.42,1.22,1.83
62.7,5.9,68.39,1.22,1.84
62.8,5.9,68.35,1.22,1.85
62.9,5.9,68.31,1.22,1.85
63,5.9,68.27,1.22,1.86
63.1,5.9,68.23,1.22,1.87
63.2,5.9,68.19,1.22,1.87
63.3,5.9,68.14,1.22,1.88
63.4,5.9,68.09,1.22,1.89
63.5,5.9,68.05,1.22,1.9
63.6,5.9,68,1.22,1.9
63.7,5.9,67.94,1.22,1.91
63.8,5.9,67.89,1.22,1.92
63.9,5.9,67.84,1.22,1.93
64,5.9,67.78,1.22,1.93
64.1,5.9,67.72,1.21,1.94
64.2,5.9,67.66,1.21,1.95
64.3,5.9,67.6,1.21,1.96
64.4,5.9,67.53,1.21,1.96
64.5,5.9,67.47,1.21,1.97
64.6,5.9,67.4,1.21,1.98
64.7,5.9,67.33,1.21,1.99
64.8,5.9,67.25,1.21,1.99
64.9,5.9,67.18,1.21,2
65,5.9,67.1,1.21,2.01
65.1,5.9,67.02,1.21,2.02
65.2,5.9,66.94,1.21,2.02
65.3,5.9,66.86,1.21,2.03
65.4,5.9,66.77,1.21,2.04
65.5,5.9,66.68,1.21,2.05
65.6,5.9,66.59,1.21,2.05
65.7,5.9,66.5,1.21,2.06
65.8,5.9,66.4,1.21,2.07
65.9,5.9,66.31,1.21,2.08
66,5.9,66.21,1.21,2.09
66.1,5.9,66.1,1.21,2.09
58,6,68.84,1.25,1.5
58.1,6,68.84,1.25,1.51
58.2,6,68.83,1.25,1.52
58.3,6,68.82,1.25,1.52
58.4,6,68.82,1.25,1.53
58.5,6,68.81,1.25,1.54
58.6,6,68.81,1.25,1.54
58.7,6,68.8,1.25,1.55
58.8,6,68.79,1.25,1.56
58.9,6,68.79,1.25,1.56
59,6,68.78,1.25,1.57
59.1,6,68.77,1.25,1.58
59.2,6,68.77,1.24,1.58
59.3,6,68.76,1.24,1.59
59.4,6,68.75,1.24,1.6
59.5,6,68.74,1.24,1.6
59.6,6,68.73,1.24,1.61
59.7,6,68.73,1.24,1.62
59.8,6,68.72,1.24,1.62
59.9,6,68.71,1.24,1.63
60,6,68.7,1.24,1.64
60.1,6,68.69,1.24,1.64
60.2,6,68.67,1.24,1.65
60.3,6,68.66,1.24,1.66
60.4,6,68.65,1.24,1.67
60.5,6,68.64,1.24,1.67
60.6,6,68.62,1.23,1.68
60.7,6,68.61,1.23,1.69
60.8,6,68.59,1.23,1.69
60.9,6,68.58,1.23,1.7
61,6,68.56,1.23,1.71
61.1,6,68.54,1.23,1.71
61.2,6,68.52,1.23,1.72
61.3,6,68.5,1.23,1.73
61.4,6,68.48,1.23,1.74
61.5,6,68.46,1.23,1.74
61.6,6,68.44,1.23,1.75
61.7,6,68.42,1.23,1.76
61.8,6,68.39,1.23,1.76
61.9,6,68.37,1.23,1.77
62,6,68.34,1.23,1.78
62.1,6,68.31,1.22,1.79
62.2,6,68.28,1.22,1.79
62.3,6,68.25,1.22,1.8
62.4,6,68.22,1.22,1.81
62.5,6,68.19,1.22,1.81
62.6,6,68.15,1.22,1.82
62.7,6,68.12,1.22,1.83
62.8,6,68.08,1.22,1.84
62.9,6,68.04,1.22,1.84
63,6,68,1.22,1.85
63.1,6,67.96,1.22,1.86
63.2,6,67.91,1.22,1.87
63.3,6,67.87,1.22,1.87
63.4,6,67.82,1.22,1.88
63.5,6,67.77,1.22,1.89
63.6,6,67.73,1.22,1.89
63.7,6,67.67,1.22,1.9
63.8,6,67.62,1.21,1.91
63.9,6,67.57,1.21,1.92
64,6,67.51,1.21,1.92
64.1,6,67.45,1.21,1.93
64.2,6,67.39,1.21,1.94
64.3,6,67.33,1.21,1.95
64.4,6,67.26,1.21,1.95
64.5,6,67.2,1.21,1.96
64.6,6,67.13,1.21,1.97
64.7,6,67.06,1.21,1.98
64.8,6,66.98,1.21,1.98
64.9,6,66.91,1.21,1.99
65,6,66.83,1.21,2
65.1,6,66.75,1.21,2.01
65.2,6,66.67,1.21,2.01
65.3,6,66.59,1.21,2.02
65.4,6,66.5,1.21,2.03
65.5,6,66.41,1.21,2.04
65.6,6,66.32,1.21,2.04
65.7,6,66.23,1.21,2.05
65.8,6,66.13,1.21,2.06
65.9,6,66.04,1.21,2.07
66,6,65.94,1.21,2.08
66.1,6,65.83,1.21,2.08
58,6.1,68.57,1.25,1.49
58.1,6.1,68.56,1.25,1.5
58.2,6.1,68.56,1.25,1.51
58.3,6.1,68.55,1.25,1.51
58.4,6.1,68.54,1.25,1.52
58.5,6.1,68.54,1.25,1.53
58.6,6.1,68.53,1.25,1.53
58.7,6.1,68.53,1.25,1.54
58.8,6.1,68.52,1.25,1.55
58.9,6.1,68.51,1.25,1.55
59,6.1,68.51,1.25,1.56
59.1,6.1,68.5,1.24,1.57
59.2,6.1,68.49,1.24,1.57
59.3,6.1,68.48,1.24,1.58
59.4,6.1,68.48,1.24,1.59
59.5,6.1,68.47,1.24,1.59
59.6,6.1,68.46,1.24,1.6
59.7,6.1,68.45,1.24,1.61
59.8,6.1,68.44,1.24,1.62
59.9,6.1,68.43,1.24,1.62
60,6.1,68.42,1.24,1.63
60.1,6.1,68.41,1.24,1.64
60.2,6.1,68.4,1.24,1.64
60.3,6.1,68.39,1.24,1.65
60.4,6.1,68.38,1.23,1.66
60.5,6.1,68.36,1.23,1.66
60.6,6.1,68.35,1.23,1.67
60.7,6.1,68.34,1.23,1.68
60.8,6.1,68.32,1.23,1.68
60.9,6.1,68.31,1.23,1.69
61,6.1,68.29,1.23,1.7
61.1,6.1,68.27,1.23,1.71
61.2,6.1,68.25,1.23,1.71
61.3,6.1,68.23,1.23,1.72
61.4,6.1,68.21,1.23,1.73
61.5,6.1,68.19,1.23,1.73
61.6,6.1,68.17,1.23,1.74
61.7,6.1,68.15,1.23,1.75
61.8,6.1,68.12,1.23,1.75
61.9,6.1,68.1,1.22,1.76
62,6.1,68.07,1.22,1.77
62.1,6.1,68.04,1.22,1.78
62.2,6.1,68.01,1.22,1.78
62.3,6.1,67.98,1.22,1.79
62.4,6.1,67.95,1.22,1.8
62.5,6.1,67.92,1.22,1.81
62.6,6.1,67.88,1.22,1.81
62.7,6.1,67.85,1.22,1.82
62.8,6.1,67.81,1.22,1.83
62.9,6.1,67.77,1.22,1.83
63,6.1,67.73,1.22,1.84
63.1,6.1,67.69,1.22,1.85
63.2,6.1,67.64,1.22,1.86
63.3,6.1,67.6,1.22,1.86
63.4,6.1,67.55,1.21,1.87
63.5,6.1,67.51,1.21,1.88
63.6,6.1,67.46,1.21,1.89
63.7,6.1,67.4,1.21,1.89
63.8,6.1,67.35,1.21,1.9
63.9,6.1,67.3,1.21,1.91
64,6.1,67.24,1.21,1.91
64.1,6.1,67.18,1.21,1.92
64.2,6.1,67.12,1.21,1.93
64.3,6.1,67.06,1.21,1.94
64.4,6.1,66.99,1.21,1.94
64.5,6.1,66.93,1.21,1.95
64.6,6.1,66.86,1.21,1.96
64.7,6.1,66.79,1.21,1.97
64.8,6.1,66.72,1.21,1.97
64.9,6.1,66.64,1.21,1.98
65,6.1,66.56,1.21,1.99
65.1,6.1,66.48,1.21,2
65.2,6.1,66.4,1.21,2
65.3,6.1,66.32,1.21,2.01
65.4,6.1,66.23,1.21,2.02
65.5,6.1,66.15,1.2,2.03
65.6,6.1,66.06,1.2,2.03
65.7,6.1,65.96,1.2,2.04
65.8,6.1,65.87,1.2,2.05
65.9,6.1,65.77,1.2,2.06
66,6.1,65.67,1.2,2.07
66.1,6.1,65.57,1.2,2.07
58,6.2,68.3,1.25,1.49
58.1,6.2,68.29,1.25,1.49
58.2,6.2,68.28,1.25,1.5
58.3,6.2,68.28,1.25,1.51
58.4,6.2,68.27,1.25,1.51
58.5,6.2,68.27,1.25,1.52
58.6,6.2,68.26,1.25,1.53
58.7,6.2,68.25,1.25,1.53
58.8,6.2,68.25,1.25,1.54
58.9,6.2,68.24,1.24,1.55
59,6.2,68.23,1.24,1.55
59.1,6.2,68.23,1.24,1.56
59.2,6.2,68.22,1.24,1.57
59.3,6.2,68.21,1.24,1.57
59.4,6.2,68.2,1.24,1.58
59.5,6.2,68.2,1.24,1.59
59.6,6.2,68.19,1.24,1.59
59.7,6.2,68.18,1.24,1.6
59.8,6.2,68.17,1.24,1.61
59.9,6.2,68.16,1.24,1.61
60,6.2,68.15,1.24,1.62
60.1,6.2,68.14,1.24,1.63
60.2,6.2,68.13,1.24,1.63
60.3,6.2,68.12,1.23,1.64
60.4,6.2,68.11,1.23,1.65
60.5,6.2,68.09,1.23,1.65
60.6,6.2,68.08,1.23,1.66
60.7,6.2,68.07,1.23,1.67
60.8,6.2,68.05,1.23,1.68
60.9,6.2,68.03,1.23,1.68
61,6.2,68.02,1.23,1.69
61.1,6.2,68,1.23,1.7
61.2,6.2,67.98,1.23,1.7
61.3,6.2,67.96,1.23,1.71
61.4,6.2,67.94,1.23,1.72
61.5,6.2,67.92,1.23,1.72
61.6,6.2,67.9,1.22,1.73
61.7,6.2,67.88,1.22,1.74
61.8,6.2,67.85,1.22,1.75
61.9,6.2,67.83,1.22,1.75
62,6.2,67.8,1.22,1.76
62.1,6.2,67.77,1.22,1.77
62.2,6.2,67.74,1.22,1.77
62.3,6.2,67.71,1.22,1.78
62.4,6.2,67.68,1.22,1.79
62.5,6.2,67.65,1.22,1.8
62.6,6.2,67.61,1.22,1.8
62.7,6.2,67.58,1.22,1.81
62.8,6.2,67.54,1.22,1.82
62.9,6.2,67.5,1.22,1.82
63,6.2,67.46,1.22,1.83
63.1,6.2,67.42,1.21,1.84
63.2,6.2,67.38,1.21,1.85
63.3,6.2,67.33,1.21,1.85
63.4,6.2,67.29,1.21,1.86
63.5,6.2,67.24,1.21,1.87
63.6,6.2,67.19,1.21,1.88
63.7,6.2,67.14,1.21,1.88
63.8,6.2,67.08,1.21,1.89
63.9,6.2,67.03,1.21,1.9
64,6.2,66.97,1.21,1.91
64.1,6.2,66.91,1.21,1.91
64.2,6.2,66.85,1.21,1.92
64.3,6.2,66.79,1.21,1.93
64.4,6.2,66.73,1.21,1.93
64.5,6.2,66.66,1.21,1.94
64.6,6.2,66.59,1.21,1.95
64.7,6.2,66.52,1.21,1.96
64.8,6.2,66.45,1.21,1.96
64.9,6.2,66.37,1.21,1.97
65,6.2,66.3,1.2,1.98
65.1,6.2,66.22,1.2,1.99
65.2,6.2,66.14,1.2,1.99
65.3,6.2,66.05,1.2,2
65.4,6.2,65.97,1.2,2.01
65.5,6.2,65.88,1.2,2.02
65.6,6.2,65.79,1.2,2.03
65.7,6.2,65.7,1.2,2.03
65.8,6.2,65.6,1.2,2.04
65.9,6.2,65.51,1.2,2.05
66,6.2,65.41,1.2,2.06
66.1,6.2,65.3,1.2,2.06
58,6.3,68.02,1.25,1.48
58.1,6.3,68.02,1.25,1.48
58.2,6.3,68.01,1.25,1.49
58.3,6.3,68.01,1.25,1.5
58.4,6.3,68,1.25,1.5
58.5,6.3,67.99,1.25,1.51
58.6,6.3,67.99,1.25,1.52
58.7,6.3,67.98,1.24,1.52
58.8,6.3,67.98,1.24,1.53
58.9,6.3,67.97,1.24,1.54
59,6.3,67.96,1.24,1.54
59.1,6.3,67.96,1.24,1.55
59.2,6.3,67.95,1.24,1.56
59.3,6.3,67.94,1.24,1.56
59.4,6.3,67.93,1.24,1.57
59.5,6.3,67.93,1.24,1.58
59.6,6.3,67.92,1.24,1.58
59.7,6.3,67.91,1.24,1.59
59.8,6.3,67.9,1.24,1.6
59.9,6.3,67.89,1.24,1.6
60,6.3,67.88,1.24,1.61
60.1,6.3,67.87,1.23,1.62
60.2,6.3,67.86,1.23,1.62
60.3,6.3,67.85,1.23,1.63
60.4,6.3,67.84,1.23,1.64
60.5,6.3,67.82,1.23,1.65
60.6,6.3,67.81,1.23,1.65
60.7,6.3,67.8,1.23,1.66
60.8,6.3,67.78,1.23,1.67
60.9,6.3,67.77,1.23,1.67
61,6.3,67.75,1.23,1.68
61.1,6.3,67.73,1.23,1.69
61.2,6.3,67.71,1.23,1.69
61.3,6.3,67.69,1.23,1.7
61.4,6.3,67.67,1.22,1.71
61.5,6.3,67.65,1.22,1.72
61.6,6.3,67.63,1.22,1.72
61.7,6.3,67.61,1.22,1.73
61.8,6.3,67.58,1.22,1.74
61.9,6.3,67.56,1.22,1.74
62,6.3,67.53,1.22,1.75
62.1,6.3,67.5,1.22,1.76
62.2,6.3,67.47,1.22,1.76
62.3,6.3,67.44,1.22,1.77
62.4,6.3,67.41,1.22,1.78
62.5,6.3,67.38,1.22,1.79
62.6,6.3,67.34,1.22,1.79
62.7,6.3,67.31,1.22,1.8
62.8,6.3,67.27,1.21,1.81
62.9,6.3,67.23,1.21,1.82
63,6.3,67.19,1.21,1.82
63.1,6.3,67.15,1.21,1.83
63.2,6.3,67.11,1.21,1.84
63.3,6.3,67.06,1.21,1.84
63.4,6.3,67.02,1.21,1.85
63.5,6.3,66.97,1.21,1.86
63.6,6.3,66.92,1.21,1.87
63.7,6.3,66.87,1.21,1.87
63.8,6.3,66.82,1.21,1.88
63.9,6.3,66.76,1.21,1.89
64,6.3,66.71,1.21,1.9
64.1,6.3,66.65,1.21,1.9
64.2,6.3,66.59,1.21,1.91
64.3,6.3,66.52,1.21,1.92
64.4,6.3,66.46,1.21,1.93
64.5,6.3,66.39,1.2,1.93
64.6,6.3,66.33,1.2,1.94
64.7,6.3,66.26,1.2,1.95
64.8,6.3,66.18,1.2,1.95
64.9,6.3,66.11,1.2,1.96
65,6.3,66.03,1.2,1.97
65.1,6.3,65.95,1.2,1.98
65.2,6.3,65.87,1.2,1.98
65.3,6.3,65.79,1.2,1.99
65.4,6.3,65.7,1.2,2
65.5,6.3,65.62,1.2,2.01
65.6,6.3,65.53,1.2,2.02
65.7,6.3,65.43,1.2,2.02
65.8,6.3,65.34,1.2,2.03
65.9,6.3,65.24,1.2,2.04
66,6.3,65.14,1.2,2.05
66.1,6.3,65.04,1.2,2.05
58,6.4,67.75,1.25,1.47
58.1,6.4,67.75,1.25,1.47
58.2,6.4,67.74,1.25,1.48
58.3,6.4,67.74,1.25,1.49
58.4,6.4,67.73,1.25,1.49
58.5,6.4,67.72,1.25,1.5
58.6,6.4,67.72,1.24,1.51
58.7,6.4,67.71,1.24,1.51
58.8,6.4,67.71,1.24,1.52
58.9,6.4,67.7,1.24,1.53
59,6.4,67.69,1.24,1.53
59.1,6.4,67.69,1.24,1.54
59.2,6.4,67.68,1.24,1.55
59.3,6.4,67.67,1.24,1.55
59.4,6.4,67.67,1.24,1.56
59.5,6.4,67.66,1.24,1.57
59.6,6.4,67.65,1.24,1.57
59.7,6.4,67.64,1.24,1.58
59.8,6.4,67.63,1.24,1.59
59.9,6.4,67.62,1.23,1.6
60,6.4,67.61,1.23,1.6
60.1,6.4,67.6,1.23,1.61
60.2,6.4,67.59,1.23,1.62
60.3,6.4,67.58,1.23,1.62
60.4,6.4,67.57,1.23,1.63
60.5,6.4,67.56,1.23,1.64
60.6,6.4,67.54,1.23,1.64
60.7,6.4,67.53,1.23,1.65
60.8,6.4,67.51,1.23,1.66
60.9,6.4,67.5,1.23,1.66
61,6.4,67.48,1.23,1.67
61.1,6.4,67.46,1.23,1.68
61.2,6.4,67.45,1.22,1.69
61.3,6.4,67.43,1.22,1.69
61.4,6.4,67.41,1.22,1.7
61.5,6.4,67.39,1.22,1.71
61.6,6.4,67.36,1.22,1.71
61.7,6.4,67.34,1.22,1.72
61.8,6.4,67.32,1.22,1.73
61.9,6.4,67.29,1.22,1.73
62,6.4,67.26,1.22,1.74
62.1,6.4,67.24,1.22,1.75
62.2,6.4,67.21,1.22,1.76
62.3,6.4,67.18,1.22,1.76
62.4,6.4,67.15,1.22,1.77
62.5,6.4,67.11,1.21,1.78
62.6,6.4,67.08,1.21,1.78
62.7,6.4,67.04,1.21,1.79
62.8,6.4,67.01,1.21,1.8
62.9,6.4,66.97,1.21,1.81
63,6.4,66.93,1.21,1.81
63.1,6.4,66.89,1.21,1.82
63.2,6.4,66.84,1.21,1.83
63.3,6.4,66.8,1.21,1.83
63.4,6.4,66.75,1.21,1.84
63.5,6.4,66.71,1.21,1.85
63.6,6.4,66.66,1.21,1.86
63.7,6.4,66.61,1.21,1.86
63.8,6.4,66.55,1.21,1.87
63.9,6.4,66.5,1.21,1.88
64,6.4,66.44,1.21,1.89
64.1,6.4,66.38,1.2,1.89
64.2,6.4,66.32,1.2,1.9
64.3,6.4,66.26,1.2,1.91
64.4,6.4,66.2,1.2,1.92
64.5,6.4,66.13,1.2,1.92
64.6,6.4,66.06,1.2,1.93
64.7,6.4,65.99,1.2,1.94
64.8,6.4,65.92,1.2,1.95
64.9,6.4,65.85,1.2,1.95
65,6.4,65.77,1.2,1.96
65.1,6.4,65.69,1.2,1.97
65.2,6.4,65.61,1.2,1.98
65.3,6.4,65.53,1.2,1.98
65.4,6.4,65.44,1.2,1.99
65.5,6.4,65.35,1.2,2
65.6,6.4,65.26,1.2,2.01
65.7,6.4,65.17,1.2,2.01
65.8,6.4,65.08,1.2,2.02
65.9,6.4,64.98,1.2,2.03
66,6.4,64.88,1.2,2.04
66.1,6.4,64.78,1.2,2.04
58,6.5,67.49,1.25,1.46
58.1,6.5,67.48,1.25,1.47
58.2,6.5,67.47,1.25,1.47
58.3,6.5,67.47,1.25,1.48
58.4,6.5,67.46,1.24,1.49
58.5,6.5,67.46,1.24,1.49
58.6,6.5,67.45,1.24,1.5
58.7,6.5,67.44,1.24,1.51
58.8,6.5,67.44,1.24,1.51
58.9,6.5,67.43,1.24,1.52
59,6.5,67.43,1.24,1.53
59.1,6.5,67.42,1.24,1.53
59.2,6.5,67.41,1.24,1.54
59.3,6.5,67.41,1.24,1.55
59.4,6.5,67.4,1.24,1.55
59.5,6.5,67.39,1.24,1.56
59.6,6.5,67.38,1.24,1.57
59.7,6.5,67.37,1.23,1.57
59.8,6.5,67.37,1.23,1.58
59.9,6.5,67.36,1.23,1.59
60,6.5,67.35,1.23,1.59
60.1,6.5,67.34,1.23,1.6
60.2,6.5,67.33,1.23,1.61
60.3,6.5,67.31,1.23,1.61
60.4,6.5,67.3,1.23,1.62
60.5,6.5,67.29,1.23,1.63
60.6,6.5,67.28,1.23,1.63
60.7,6.5,67.26,1.23,1.64
60.8,6.5,67.25,1.23,1.65
60.9,6.5,67.23,1.23,1.66
61,6.5,67.22,1.22,1.66
61.1,6.5,67.2,1.22,1.67
61.2,6.5,67.18,1.22,1.68
61.3,6.5,67.16,1.22,1.68
61.4,6.5,67.14,1.22,1.69
61.5,6.5,67.12,1.22,1.7
61.6,6.5,67.1,1.22,1.7
61.7,6.5,67.08,1.22,1.71
61.8,6.5,67.05,1.22,1.72
61.9,6.5,67.03,1.22,1.73
62,6.5,67,1.22,1.73
62.1,6.5,66.97,1.22,1.74
62.2,6.5,66.94,1.22,1.75
62.3,6.5,66.91,1.21,1.75
62.4,6.5,66.88,1.21,1.76
62.5,6.5,66.85,1.21,1.77
62.6,6.5,66.81,1.21,1.78
62.7,6.5,66.78,1.21,1.78
62.8,6.5,66.74,1.21,1.79
62.9,6.5,66.7,1.21,1.8
63,6.5,66.66,1.21,1.8
63.1,6.5,66.62,1.21,1.81
63.2,6.5,66.58,1.21,1.82
63.3,6.5,66.54,1.21,1.83
63.4,6.5,66.49,1.21,1.83
63.5,6.5,66.44,1.21,1.84
63.6,6.5,66.39,1.21,1.85
63.7,6.5,66.34,1.21,1.85
63.8,6.5,66.29,1.2,1.86
63.9,6.5,66.24,1.2,1.87
64,6.5,66.18,1.2,1.88
64.1,6.5,66.12,1.2,1.88
64.2,6.5,66.06,1.2,1.89
64.3,6.5,66,1.2,1.9
64.4,6.5,65.93,1.2,1.91
64.5,6.5,65.87,1.2,1.91
64.6,6.5,65.8,1.2,1.92
64.7,6.5,65.73,1.2,1.93
64.8,6.5,65.66,1.2,1.94
64.9,6.5,65.58,1.2,1.94
65,6.5,65.51,1.2,1.95
65.1,6.5,65.43,1.2,1.96
65.2,6.5,65.35,1.2,1.97
65.3,6.5,65.27,1.2,1.97
65.4,6.5,65.18,1.2,1.98
65.5,6.5,65.09,1.2,1.99
65.6,6.5,65,1.2,2
65.7,6.5,64.91,1.2,2
65.8,6.5,64.82,1.2,2.01
65.9,6.5,64.72,1.19,2.02
66,6.5,64.62,1.19,2.03
66.1,6.5,64.52,1.19,2.03
58,6.6,67.22,1.25,1.45
58.1,6.6,67.21,1.25,1.46
58.2,6.6,67.21,1.25,1.46
58.3,6.6,67.2,1.24,1.47
58.4,6.6,67.2,1.24,1.48
58.5,6.6,67.19,1.24,1.48
58.6,6.6,67.18,1.24,1.49
58.7,6.6,67.18,1.24,1.5
58.8,6.6,67.17,1.24,1.5
58.9,6.6,67.17,1.24,1.51
59,6.6,67.16,1.24,1.52
59.1,6.6,67.15,1.24,1.52
59.2,6.6,67.15,1.24,1.53
59.3,6.6,67.14,1.24,1.54
59.4,6.6,67.13,1.24,1.54
59.5,6.6,67.13,1.23,1.55
59.6,6.6,67.12,1.23,1.56
59.7,6.6,67.11,1.23,1.56
59.8,6.6,67.1,1.23,1.57
59.9,6.6,67.09,1.23,1.58
60,6.6,67.08,1.23,1.58
60.1,6.6,67.07,1.23,1.59
60.2,6.6,67.06,1.23,1.6
60.3,6.6,67.05,1.23,1.61
60.4,6.6,67.04,1.23,1.61
60.5,6.6,67.03,1.23,1.62
60.6,6.6,67.01,1.23,1.63
60.7,6.6,67,1.23,1.63
60.8,6.6,66.98,1.22,1.64
60.9,6.6,66.97,1.22,1.65
61,6.6,66.95,1.22,1.65
61.1,6.6,66.93,1.22,1.66
61.2,6.6,66.92,1.22,1.67
61.3,6.6,66.9,1.22,1.67
61.4,6.6,66.88,1.22,1.68
61.5,6.6,66.86,1.22,1.69
61.6,6.6,66.83,1.22,1.7
61.7,6.6,66.81,1.22,1.7
61.8,6.6,66.79,1.22,1.71
61.9,6.6,66.76,1.22,1.72
62,6.6,66.74,1.21,1.72
62.1,6.6,66.71,1.21,1.73
62.2,6.6,66.68,1.21,1.74
62.3,6.6,66.65,1.21,1.74
62.4,6.6,66.62,1.21,1.75
62.5,6.6,66.59,1.21,1.76
62.6,6.6,66.55,1.21,1.77
62.7,6.6,66.52,1.21,1.77
62.8,6.6,66.48,1.21,1.78
62.9,6.6,66.44,1.21,1.79
63,6.6,66.4,1.21,1.79
63.1,6.6,66.36,1.21,1.8
63.2,6.6,66.32,1.21,1.81
63.3,6.6,66.27,1.21,1.82
63.4,6.6,66.23,1.2,1.82
63.5,6.6,66.18,1.2,1.83
63.6,6.6,66.13,1.2,1.84
63.7,6.6,66.08,1.2,1.85
63.8,6.6,66.03,1.2,1.85
63.9,6.6,65.97,1.2,1.86
64,6.6,65.92,1.2,1.87
64.1,6.6,65.86,1.2,1.87
64.2,6.6,65.8,1.2,1.88
64.3,6.6,65.74,1.2,1.89
64.4,6.6,65.67,1.2,1.9
64.5,6.6,65.61,1.2,1.9
64.6,6.6,65.54,1.2,1.91
64.7,6.6,65.47,1.2,1.92
64.8,6.6,65.4,1.2,1.93
64.9,6.6,65.33,1.2,1.93
65,6.6,65.25,1.2,1.94
65.1,6.6,65.17,1.2,1.95
65.2,6.6,65.09,1.2,1.96
65.3,6.6,65.01,1.19,1.96
65.4,6.6,64.92,1.19,1.97
65.5,6.6,64.83,1.19,1.98
65.6,6.6,64.75,1.19,1.99
65.7,6.6,64.65,1.19,1.99
65.8,6.6,64.56,1.19,2
65.9,6.6,64.46,1.19,2.01
66,6.6,64.36,1.19,2.02
66.1,6.6,64.26,1.19,2.02
58,6.7,66.96,1.25,1.44
58.1,6.7,66.95,1.24,1.45
58.2,6.7,66.94,1.24,1.46
58.3,6.7,66.94,1.24,1.46
58.4,6.7,66.93,1.24,1.47
58.5,6.7,66.93,1.24,1.48
58.6,6.7,66.92,1.24,1.48
58.7,6.7,66.91,1.24,1.49
58.8,6.7,66.91,1.24,1.5
58.9,6.7,66.9,1.24,1.5
59,6.7,66.9,1.24,1.51
59.1,6.7,66.89,1.24,1.52
59.2,6.7,66.88,1.24,1.52
59.3,6.7,66.88,1.24,1.53
59.4,6.7,66.87,1.23,1.54
59.5,6.7,66.86,1.23,1.54
59.6,6.7,66.85,1.23,1.55
59.7,6.7,66.85,1.23,1.56
59.8,6.7,66.84,1.23,1.56
59.9,6.7,66.83,1.23,1.57
60,6.7,66.82,1.23,1.58
60.1,6.7,66.81,1.23,1.58
60.2,6.7,66.8,1.23,1.59
60.3,6.7,66.79,1.23,1.6
60.4,6.7,66.77,1.23,1.6
60.5,6.7,66.76,1.23,1.61
60.6,6.7,66.75,1.22,1.62
60.7,6.7,66.74,1.22,1.62
60.8,6.7,66.72,1.22,1.63
60.9,6.7,66.71,1.22,1.64
61,6.7,66.69,1.22,1.64
61.1,6.7,66.67,1.22,1.65
61.2,6.7,66.65,1.22,1.66
61.3,6.7,66.64,1.22,1.67
61.4,6.7,66.62,1.22,1.67
61.5,6.7,66.59,1.22,1.68
61.6,6.7,66.57,1.22,1.69
61.7,6.7,66.55,1.22,1.69
61.8,6.7,66.53,1.21,1.7
61.9,6.7,66.5,1.21,1.71
62,6.7,66.47,1.21,1.71
62.1,6.7,66.45,1.21,1.72
62.2,6.7,66.42,1.21,1.73
62.3,6.7,66.39,1.21,1.74
62.4,6.7,66.36,1.21,1.74
62.5,6.7,66.33,1.21,1.75
62.6,6.7,66.29,1.21,1.76
62.7,6.7,66.26,1.21,1.76
62.8,6.7,66.22,1.21,1.77
62.9,6.7,66.18,1.21,1.78
63,6.7,66.14,1.21,1.79
63.1,6.7,66.1,1.2,1.79
63.2,6.7,66.06,1.2,1.8
63.3,6.7,66.01,1.2,1.81
63.4,6.7,65.97,1.2,1.81
63.5,6.7,65.92,1.2,1.82
63.6,6.7,65.87,1.2,1.83
63.7,6.7,65.82,1.2,1.84
63.8,6.7,65.77,1.2,1.84
63.9,6.7,65.71,1.2,1.85
64,6.7,65.66,1.2,1.86
64.1,6.7,65.6,1.2,1.86
64.2,6.7,65.54,1.2,1.87
64.3,6.7,65.48,1.2,1.88
64.4,6.7,65.42,1.2,1.89
64.5,6.7,65.35,1.2,1.89
64.6,6.7,65.28,1.2,1.9
64.7,6.7,65.21,1.2,1.91
64.8,6.7,65.14,1.19,1.92
64.9,6.7,65.07,1.19,1.92
65,6.7,64.99,1.19,1.93
65.1,6.7,64.91,1.19,1.94
65.2,6.7,64.83,1.19,1.95
65.3,6.7,64.75,1.19,1.95
65.4,6.7,64.66,1.19,1.96
65.5,6.7,64.58,1.19,1.97
65.6,6.7,64.49,1.19,1.98
65.7,6.7,64.4,1.19,1.98
65.8,6.7,64.3,1.19,1.99
65.9,6.7,64.2,1.19,2
66,6.7,64.11,1.19,2.01
66.1,6.7,64,1.19,2.01
58,6.8,66.69,1.24,1.43
58.1,6.8,66.69,1.24,1.44
58.2,6.8,66.68,1.24,1.45
58.3,6.8,66.67,1.24,1.45
58.4,6.8,66.67,1.24,1.46
58.5,6.8,66.66,1.24,1.47
58.6,6.8,66.66,1.24,1.47
58.7,6.8,66.65,1.24,1.48
58.8,6.8,66.65,1.24,1.49
58.9,6.8,66.64,1.24,1.49
59,6.8,66.63,1.24,1.5
59.1,6.8,66.63,1.24,1.51
59.2,6.8,66.62,1.23,1.51
59.3,6.8,66.61,1.23,1.52
59.4,6.8,66.61,1.23,1.53
59.5,6.8,66.6,1.23,1.53
59.6,6.8,66.59,1.23,1.54
59.7,6.8,66.58,1.23,1.55
59.8,6.8,66.58,1.23,1.55
59.9,6.8,66.57,1.23,1.56
60,6.8,66.56,1.23,1.57
60.1,6.8,66.55,1.23,1.57
60.2,6.8,66.54,1.23,1.58
60.3,6.8,66.53,1.23,1.59
60.4,6.8,66.51,1.22,1.59
60.5,6.8,66.5,1.22,1.6
60.6,6.8,66.49,1.22,1.61
60.7,6.8,66.47,1.22,1.61
60.8,6.8,66.46,1.22,1.62
60.9,6.8,66.44,1.22,1.63
61,6.8,66.43,1.22,1.64
61.1,6.8,66.41,1.22,1.64
61.2,6.8,66.39,1.22,1.65
61.3,6.8,66.37,1.22,1.66
61.4,6.8,66.35,1.22,1.66
61.5,6.8,66.33,1.22,1.67
61.6,6.8,66.31,1.21,1.68
61.7,6.8,66.29,1.21,1.68
61.8,6.8,66.27,1.21,1.69
61.9,6.8,66.24,1.21,1.7
62,6.8,66.21,1.21,1.71
62.1,6.8,66.19,1.21,1.71
62.2,6.8,66.16,1.21,1.72
62.3,6.8,66.13,1.21,1.73
62.4,6.8,66.1,1.21,1.73
62.5,6.8,66.07,1.21,1.74
62.6,6.8,66.03,1.21,1.75
62.7,6.8,66,1.21,1.75
62.8,6.8,65.96,1.2,1.76
62.9,6.8,65.92,1.2,1.77
63,6.8,65.88,1.2,1.78
63.1,6.8,65.84,1.2,1.78
63.2,6.8,65.8,1.2,1.79
63.3,6.8,65.76,1.2,1.8
63.4,6.8,65.71,1.2,1.8
63.5,6.8,65.66,1.2,1.81
63.6,6.8,65.61,1.2,1.82
63.7,6.8,65.56,1.2,1.83
63.8,6.8,65.51,1.2,1.83
63.9,6.8,65.46,1.2,1.84
64,6.8,65.4,1.2,1.85
64.1,6.8,65.34,1.2,1.86
64.2,6.8,65.28,1.2,1.86
64.3,6.8,65.22,1.2,1.87
64.4,6.8,65.16,1.19,1.88
64.5,6.8,65.09,1.19,1.88
64.6,6.8,65.03,1.19,1.89
64.7,6.8,64.96,1.19,1.9
64.8,6.8,64.88,1.19,1.91
64.9,6.8,64.81,1.19,1.91
65,6.8,64.73,1.19,1.92
65.1,6.8,64.66,1.19,1.93
65.2,6.8,64.58,1.19,1.94
65.3,6.8,64.49,1.19,1.94
65.4,6.8,64.41,1.19,1.95
65.5,6.8,64.32,1.19,1.96
65.6,6.8,64.23,1.19,1.97
65.7,6.8,64.14,1.19,1.97
65.8,6.8,64.05,1.19,1.98
65.9,6.8,63.95,1.19,1.99
66,6.8,63.85,1.19,2
66.1,6.8,63.75,1.19,2
58,6.9,66.43,1.24,1.43
58.1,6.9,66.42,1.24,1.43
58.2,6.9,66.42,1.24,1.44
58.3,6.9,66.41,1.24,1.45
58.4,6.9,66.41,1.24,1.45
58.5,6.9,66.4,1.24,1.46
58.6,6.9,66.4,1.24,1.47
58.7,6.9,66.39,1.24,1.47
58.8,6.9,66.38,1.24,1.48
58.9,6.9,66.38,1.24,1.49
59,6.9,66.37,1.23,1.49
59.1,6.9,66.37,1.23,1.5
59.2,6.9,66.36,1.23,1.51
59.3,6.9,66.35,1.23,1.51
59.4,6.9,66.35,1.23,1.52
59.5,6.9,66.34,1.23,1.53
59.6,6.9,66.33,1.23,1.53
59.7,6.9,66.32,1.23,1.54
59.8,6.9,66.31,1.23,1.55
59.9,6.9,66.31,1.23,1.55
60,6.9,66.3,1.23,1.56
60.1,6.9,66.29,1.23,1.57
60.2,6.9,66.28,1.22,1.57
60.3,6.9,66.27,1.22,1.58
60.4,6.9,66.25,1.22,1.59
60.5,6.9,66.24,1.22,1.59
60.6,6.9,66.23,1.22,1.6
60.7,6.9,66.21,1.22,1.61
60.8,6.9,66.2,1.22,1.61
60.9,6.9,66.18,1.22,1.62
61,6.9,66.17,1.22,1.63
61.1,6.9,66.15,1.22,1.63
61.2,6.9,66.13,1.22,1.64
61.3,6.9,66.12,1.21,1.65
61.4,6.9,66.1,1.21,1.65
61.5,6.9,66.08,1.21,1.66
61.6,6.9,66.05,1.21,1.67
61.7,6.9,66.03,1.21,1.68
61.8,6.9,66.01,1.21,1.68
61.9,6.9,65.98,1.21,1.69
62,6.9,65.96,1.21,1.7
62.1,6.9,65.93,1.21,1.7
62.2,6.9,65.9,1.21,1.71
62.3,6.9,65.87,1.21,1.72
62.4,6.9,65.84,1.21,1.72
62.5,6.9,65.81,1.21,1.73
62.6,6.9,65.77,1.2,1.74
62.7,6.9,65.74,1.2,1.75
62.8,6.9,65.7,1.2,1.75
62.9,6.9,65.67,1.2,1.76
63,6.9,65.63,1.2,1.77
63.1,6.9,65.59,1.2,1.77
63.2,6.9,65.54,1.2,1.78
63.3,6.9,65.5,1.2,1.79
63.4,6.9,65.45,1.2,1.8
63.5,6.9,65.41,1.2,1.8
63.6,6.9,65.36,1.2,1.81
63.7,6.9,65.31,1.2,1.82
63.8,6.9,65.25,1.2,1.82
63.9,6.9,65.2,1.2,1.83
64,6.9,65.14,1.19,1.84
64.1,6.9,65.09,1.19,1.85
64.2,6.9,65.03,1.19,1.85
64.3,6.9,64.97,1.19,1.86
64.4,6.9,64.9,1.19,1.87
64.5,6.9,64.84,1.19,1.88
64.6,6.9,64.77,1.19,1.88
64.7,6.9,64.7,1.19,1.89
64.8,6.9,64.63,1.19,1.9
64.9,6.9,64.56,1.19,1.9
65,6.9,64.48,1.19,1.91
65.1,6.9,64.4,1.19,1.92
65.2,6.9,64.32,1.19,1.93
65.3,6.9,64.24,1.19,1.93
65.4,6.9,64.15,1.19,1.94
65.5,6.9,64.07,1.19,1.95
65.6,6.9,63.98,1.19,1.96
65.7,6.9,63.89,1.19,1.96
65.8,6.9,63.79,1.19,1.97
65.9,6.9,63.7,1.19,1.98
66,6.9,63.6,1.18,1.99
66.1,6.9,63.5,1.18,1.99
58,7,66.17,1.24,1.42
58.1,7,66.16,1.24,1.42
58.2,7,66.16,1.24,1.43
58.3,7,66.15,1.24,1.44
58.4,7,66.15,1.24,1.44
58.5,7,66.14,1.24,1.45
58.6,7,66.14,1.24,1.46
58.7,7,66.13,1.24,1.46
58.8,7,66.13,1.23,1.47
58.9,7,66.12,1.23,1.48
59,7,66.11,1.23,1.48
59.1,7,66.11,1.23,1.49
59.2,7,66.1,1.23,1.5
59.3,7,66.09,1.23,1.5
59.4,7,66.09,1.23,1.51
59.5,7,66.08,1.23,1.52
59.6,7,66.07,1.23,1.52
59.7,7,66.06,1.23,1.53
59.8,7,66.06,1.23,1.54
59.9,7,66.05,1.23,1.54
60,7,66.04,1.22,1.55
60.1,7,66.03,1.22,1.56
60.2,7,66.02,1.22,1.56
60.3,7,66.01,1.22,1.57
60.4,7,66,1.22,1.58
60.5,7,65.98,1.22,1.58
60.6,7,65.97,1.22,1.59
60.7,7,65.96,1.22,1.6
60.8,7,65.94,1.22,1.6
60.9,7,65.93,1.22,1.61
61,7,65.91,1.22,1.62
61.1,7,65.89,1.21,1.62
61.2,7,65.88,1.21,1.63
61.3,7,65.86,1.21,1.64
61.4,7,65.84,1.21,1.65
61.5,7,65.82,1.21,1.65
61.6,7,65.8,1.21,1.66
61.7,7,65.77,1.21,1.67
61.8,7,65.75,1.21,1.67
61.9,7,65.73,1.21,1.68
62,7,65.7,1.21,1.69
62.1,7,65.67,1.21,1.69
62.2,7,65.64,1.21,1.7
62.3,7,65.61,1.2,1.71
62.4,7,65.58,1.2,1.72
62.5,7,65.55,1.2,1.72
62.6,7,65.52,1.2,1.73
62.7,7,65.48,1.2,1.74
62.8,7,65.45,1.2,1.74
62.9,7,65.41,1.2,1.75
63,7,65.37,1.2,1.76
63.1,7,65.33,1.2,1.76
63.2,7,65.29,1.2,1.77
63.3,7,65.24,1.2,1.78
63.4,7,65.2,1.2,1.79
63.5,7,65.15,1.2,1.79
63.6,7,65.1,1.19,1.8
63.7,7,65.05,1.19,1.81
63.8,7,65,1.19,1.82
63.9,7,64.95,1.19,1.82
64,7,64.89,1.19,1.83
64.1,7,64.83,1.19,1.84
64.2,7,64.77,1.19,1.84
64.3,7,64.71,1.19,1.85
64.4,7,64.65,1.19,1.86
64.5,7,64.58,1.19,1.87
64.6,7,64.52,1.19,1.87
64.7,7,64.45,1.19,1.88
64.8,7,64.38,1.19,1.89
64.9,7,64.3,1.19,1.9
65,7,64.23,1.19,1.9
65.1,7,64.15,1.19,1.91
65.2,7,64.07,1.19,1.92
65.3,7,63.99,1.18,1.93
65.4,7,63.9,1.18,1.93
65.5,7,63.81,1.18,1.94
65.6,7,63.73,1.18,1.95
65.7,7,63.63,1.18,1.95
65.8,7,63.54,1.18,1.96
65.9,7,63.44,1.18,1.97
66,7,63.34,1.18,1.98
66.1,7,63.24,1.18,1.98
58,7.1,65.91,1.24,1.41
58.1,7.1,65.91,1.24,1.42
58.2,7.1,65.9,1.24,1.42
58.3,7.1,65.89,1.24,1.43
58.4,7.1,65.89,1.24,1.44
58.5,7.1,65.88,1.24,1.44
58.6,7.1,65.88,1.24,1.45
58.7,7.1,65.87,1.23,1.46
58.8,7.1,65.87,1.23,1.46
58.9,7.1,65.86,1.23,1.47
59,7.1,65.86,1.23,1.47
59.1,7.1,65.85,1.23,1.48
59.2,7.1,65.84,1.23,1.49
59.3,7.1,65.84,1.23,1.49
59.4,7.1,65.83,1.23,1.5
59.5,7.1,65.82,1.23,1.51
59.6,7.1,65.82,1.23,1.51
59.7,7.1,65.81,1.23,1.52
59.8,7.1,65.8,1.22,1.53
59.9,7.1,65.79,1.22,1.53
60,7.1,65.78,1.22,1.54
60.1,7.1,65.77,1.22,1.55
60.2,7.1,65.76,1.22,1.55
60.3,7.1,65.75,1.22,1.56
60.4,7.1,65.74,1.22,1.57
60.5,7.1,65.73,1.22,1.58
60.6,7.1,65.71,1.22,1.58
60.7,7.1,65.7,1.22,1.59
60.8,7.1,65.69,1.22,1.6
60.9,7.1,65.67,1.21,1.6
61,7.1,65.66,1.21,1.61
61.1,7.1,65.64,1.21,1.62
61.2,7.1,65.62,1.21,1.62
61.3,7.1,65.6,1.21,1.63
61.4,7.1,65.58,1.21,1.64
61.5,7.1,65.56,1.21,1.64
61.6,7.1,65.54,1.21,1.65
61.7,7.1,65.52,1.21,1.66
61.8,7.1,65.5,1.21,1.66
61.9,7.1,65.47,1.21,1.67
62,7.1,65.44,1.2,1.68
62.1,7.1,65.42,1.2,1.69
62.2,7.1,65.39,1.2,1.69
62.3,7.1,65.36,1.2,1.7
62.4,7.1,65.33,1.2,1.71
62.5,7.1,65.3,1.2,1.71
62.6,7.1,65.26,1.2,1.72
62.7,7.1,65.23,1.2,1.73
62.8,7.1,65.19,1.2,1.73
62.9,7.1,65.16,1.2,1.74
63,7.1,65.12,1.2,1.75
63.1,7.1,65.08,1.2,1.76
63.2,7.1,65.03,1.2,1.76
63.3,7.1,64.99,1.19,1.77
63.4,7.1,64.94,1.19,1.78
63.5,7.1,64.9,1.19,1.78
63.6,7.1,64.85,1.19,1.79
63.7,7.1,64.8,1.19,1.8
63.8,7.1,64.75,1.19,1.81
63.9,7.1,64.69,1.19,1.81
64,7.1,64.64,1.19,1.82
64.1,7.1,64.58,1.19,1.83
64.2,7.1,64.52,1.19,1.83
64.3,7.1,64.46,1.19,1.84
64.4,7.1,64.4,1.19,1.85
64.5,7.1,64.33,1.19,1.86
64.6,7.1,64.26,1.19,1.86
64.7,7.1,64.19,1.19,1.87
64.8,7.1,64.12,1.18,1.88
64.9,7.1,64.05,1.18,1.89
65,7.1,63.97,1.18,1.89
65.1,7.1,63.9,1.18,1.9
65.2,7.1,63.82,1.18,1.91
65.3,7.1,63.73,1.18,1.92
65.4,7.1,63.65,1.18,1.92
65.5,7.1,63.56,1.18,1.93
65.6,7.1,63.47,1.18,1.94
65.7,7.1,63.38,1.18,1.95
65.8,7.1,63.29,1.18,1.95
65.9,7.1,63.19,1.18,1.96
66,7.1,63.09,1.18,1.97
66.1,7.1,62.99,1.18,1.98
58,7.2,65.66,1.24,1.4
58.1,7.2,65.65,1.24,1.41
58.2,7.2,65.64,1.24,1.41
58.3,7.2,65.64,1.24,1.42
58.4,7.2,65.63,1.24,1.43
58.5,7.2,65.63,1.23,1.43
58.6,7.2,65.62,1.23,1.44
58.7,7.2,65.62,1.23,1.45
58.8,7.2,65.61,1.23,1.45
58.9,7.2,65.61,1.23,1.46
59,7.2,65.6,1.23,1.47
59.1,7.2,65.59,1.23,1.47
59.2,7.2,65.59,1.23,1.48
59.3,7.2,65.58,1.23,1.49
59.4,7.2,65.57,1.23,1.49
59.5,7.2,65.57,1.23,1.5
59.6,7.2,65.56,1.22,1.51
59.7,7.2,65.55,1.22,1.51
59.8,7.2,65.54,1.22,1.52
59.9,7.2,65.53,1.22,1.53
60,7.2,65.53,1.22,1.53
60.1,7.2,65.52,1.22,1.54
60.2,7.2,65.51,1.22,1.55
60.3,7.2,65.5,1.22,1.55
60.4,7.2,65.48,1.22,1.56
60.5,7.2,65.47,1.22,1.57
60.6,7.2,65.46,1.22,1.57
60.7,7.2,65.45,1.21,1.58
60.8,7.2,65.43,1.21,1.59
60.9,7.2,65.42,1.21,1.59
61,7.2,65.4,1.21,1.6
61.1,7.2,65.38,1.21,1.61
61.2,7.2,65.37,1.21,1.61
61.3,7.2,65.35,1.21,1.62
61.4,7.2,65.33,1.21,1.63
61.5,7.2,65.31,1.21,1.63
61.6,7.2,65.29,1.21,1.64
61.7,7.2,65.26,1.21,1.65
61.8,7.2,65.24,1.2,1.66
61.9,7.2,65.22,1.2,1.66
62,7.2,65.19,1.2,1.67
62.1,7.2,65.16,1.2,1.68
62.2,7.2,65.14,1.2,1.68
62.3,7.2,65.11,1.2,1.69
62.4,7.2,65.08,1.2,1.7
62.5,7.2,65.04,1.2,1.7
62.6,7.2,65.01,1.2,1.71
62.7,7.2,64.98,1.2,1.72
62.8,7.2,64.94,1.2,1.73
62.9,7.2,64.9,1.2,1.73
63,7.2,64.86,1.19,1.74
63.1,7.2,64.82,1.19,1.75
63.2,7.2,64.78,1.19,1.75
63.3,7.2,64.74,1.19,1.76
63.4,7.2,64.69,1.19,1.77
63.5,7.2,64.65,1.19,1.78
63.6,7.2,64.6,1.19,1.78
63.7,7.2,64.55,1.19,1.79
63.8,7.2,64.5,1.19,1.8
63.9,7.2,64.44,1.19,1.8
64,7.2,64.39,1.19,1.81
64.1,7.2,64.33,1.19,1.82
64.2,7.2,64.27,1.19,1.83
64.3,7.2,64.21,1.19,1.83
64.4,7.2,64.15,1.18,1.84
64.5,7.2,64.08,1.18,1.85
64.6,7.2,64.01,1.18,1.85
64.7,7.2,63.94,1.18,1.86
64.8,7.2,63.87,1.18,1.87
64.9,7.2,63.8,1.18,1.88
65,7.2,63.72,1.18,1.88
65.1,7.2,63.65,1.18,1.89
65.2,7.2,63.57,1.18,1.9
65.3,7.2,63.48,1.18,1.91
65.4,7.2,63.4,1.18,1.91
65.5,7.2,63.31,1.18,1.92
65.6,7.2,63.22,1.18,1.93
65.7,7.2,63.13,1.18,1.94
65.8,7.2,63.04,1.18,1.94
65.9,7.2,62.94,1.18,1.95
66,7.2,62.85,1.18,1.96
66.1,7.2,62.74,1.18,1.97
58,7.3,65.4,1.24,1.39
58.1,7.3,65.39,1.24,1.4
58.2,7.3,65.39,1.24,1.41
58.3,7.3,65.38,1.24,1.41
58.4,7.3,65.38,1.23,1.42
58.5,7.3,65.37,1.23,1.43
58.6,7.3,65.37,1.23,1.43
58.7,7.3,65.36,1.23,1.44
58.8,7.3,65.36,1.23,1.45
58.9,7.3,65.35,1.23,1.45
59,7.3,65.34,1.23,1.46
59.1,7.3,65.34,1.23,1.46
59.2,7.3,65.33,1.23,1.47
59.3,7.3,65.33,1.23,1.48
59.4,7.3,65.32,1.22,1.48
59.5,7.3,65.31,1.22,1.49
59.6,7.3,65.31,1.22,1.5
59.7,7.3,65.3,1.22,1.5
59.8,7.3,65.29,1.22,1.51
59.9,7.3,65.28,1.22,1.52
60,7.3,65.27,1.22,1.52
60.1,7.3,65.26,1.22,1.53
60.2,7.3,65.25,1.22,1.54
60.3,7.3,65.24,1.22,1.54
60.4,7.3,65.23,1.22,1.55
60.5,7.3,65.22,1.21,1.56
60.6,7.3,65.21,1.21,1.56
60.7,7.3,65.19,1.21,1.57
60.8,7.3,65.18,1.21,1.58
60.9,7.3,65.16,1.21,1.59
61,7.3,65.15,1.21,1.59
61.1,7.3,65.13,1.21,1.6
61.2,7.3,65.11,1.21,1.61
61.3,7.3,65.1,1.21,1.61
61.4,7.3,65.08,1.21,1.62
61.5,7.3,65.06,1.21,1.63
61.6,7.3,65.03,1.2,1.63
61.7,7.3,65.01,1.2,1.64
61.8,7.3,64.99,1.2,1.65
61.9,7.3,64.96,1.2,1.65
62,7.3,64.94,1.2,1.66
62.1,7.3,64.91,1.2,1.67
62.2,7.3,64.88,1.2,1.67
62.3,7.3,64.86,1.2,1.68
62.4,7.3,64.82,1.2,1.69
62.5,7.3,64.79,1.2,1.7
62.6,7.3,64.76,1.2,1.7
62.7,7.3,64.73,1.19,1.71
62.8,7.3,64.69,1.19,1.72
62.9,7.3,64.65,1.19,1.72
63,7.3,64.61,1.19,1.73
63.1,7.3,64.57,1.19,1.74
63.2,7.3,64.53,1.19,1.74
63.3,7.3,64.49,1.19,1.75
63.4,7.3,64.44,1.19,1.76
63.5,7.3,64.4,1.19,1.77
63.6,7.3,64.35,1.19,1.77
63.7,7.3,64.3,1.19,1.78
63.8,7.3,64.25,1.19,1.79
63.9,7.3,64.19,1.19,1.79
64,7.3,64.14,1.18,1.8
64.1,7.3,64.08,1.18,1.81
64.2,7.3,64.02,1.18,1.82
64.3,7.3,63.96,1.18,1.82
64.4,7.3,63.9,1.18,1.83
64.5,7.3,63.83,1.18,1.84
64.6,7.3,63.76,1.18,1.85
64.7,7.3,63.69,1.18,1.85
64.8,7.3,63.62,1.18,1.86
64.9,7.3,63.55,1.18,1.87
65,7.3,63.48,1.18,1.87
65.1,7.3,63.4,1.18,1.88
65.2,7.3,63.32,1.18,1.89
65.3,7.3,63.24,1.18,1.9
65.4,7.3,63.15,1.18,1.9
65.5,7.3,63.07,1.18,1.91
65.6,7.3,62.98,1.18,1.92
65.7,7.3,62.89,1.18,1.93
65.8,7.3,62.79,1.17,1.93
65.9,7.3,62.7,1.17,1.94
66,7.3,62.6,1.17,1.95
66.1,7.3,62.5,1.17,1.96
58,7.4,65.15,1.24,1.39
58.1,7.4,65.14,1.24,1.39
58.2,7.4,65.14,1.23,1.4
58.3,7.4,65.13,1.23,1.4
58.4,7.4,65.12,1.23,1.41
58.5,7.4,65.12,1.23,1.42
58.6,7.4,65.11,1.23,1.42
58.7,7.4,65.11,1.23,1.43
58.8,7.4,65.1,1.23,1.44
58.9,7.4,65.1,1.23,1.44
59,7.4,65.09,1.23,1.45
59.1,7.4,65.09,1.23,1.46
59.2,7.4,65.08,1.23,1.46
59.3,7.4,65.07,1.22,1.47
59.4,7.4,65.07,1.22,1.48
59.5,7.4,65.06,1.22,1.48
59.6,7.4,65.05,1.22,1.49
59.7,7.4,65.05,1.22,1.5
59.8,7.4,65.04,1.22,1.5
59.9,7.4,65.03,1.22,1.51
60,7.4,65.02,1.22,1.52
60.1,7.4,65.01,1.22,1.52
60.2,7.4,65,1.22,1.53
60.3,7.4,64.99,1.21,1.54
60.4,7.4,64.98,1.21,1.54
60.5,7.4,64.97,1.21,1.55
60.6,7.4,64.95,1.21,1.56
60.7,7.4,64.94,1.21,1.56
60.8,7.4,64.93,1.21,1.57
60.9,7.4,64.91,1.21,1.58
61,7.4,64.9,1.21,1.58
61.1,7.4,64.88,1.21,1.59
61.2,7.4,64.86,1.21,1.6
61.3,7.4,64.84,1.2,1.6
61.4,7.4,64.83,1.2,1.61
61.5,7.4,64.81,1.2,1.62
61.6,7.4,64.78,1.2,1.62
61.7,7.4,64.76,1.2,1.63
61.8,7.4,64.74,1.2,1.64
61.9,7.4,64.71,1.2,1.64
62,7.4,64.69,1.2,1.65
62.1,7.4,64.66,1.2,1.66
62.2,7.4,64.63,1.2,1.67
62.3,7.4,64.61,1.2,1.67
62.4,7.4,64.57,1.19,1.68
62.5,7.4,64.54,1.19,1.69
62.6,7.4,64.51,1.19,1.69
62.7,7.4,64.48,1.19,1.7
62.8,7.4,64.44,1.19,1.71
62.9,7.4,64.4,1.19,1.71
63,7.4,64.36,1.19,1.72
63.1,7.4,64.32,1.19,1.73
63.2,7.4,64.28,1.19,1.74
63.3,7.4,64.24,1.19,1.74
63.4,7.4,64.19,1.19,1.75
63.5,7.4,64.15,1.19,1.76
63.6,7.4,64.1,1.19,1.76
63.7,7.4,64.05,1.18,1.77
63.8,7.4,64,1.18,1.78
63.9,7.4,63.94,1.18,1.79
64,7.4,63.89,1.18,1.79
64.1,7.4,63.83,1.18,1.8
64.2,7.4,63.77,1.18,1.81
64.3,7.4,63.71,1.18,1.81
64.4,7.4,63.65,1.18,1.82
64.5,7.4,63.58,1.18,1.83
64.6,7.4,63.52,1.18,1.84
64.7,7.4,63.45,1.18,1.84
64.8,7.4,63.38,1.18,1.85
64.9,7.4,63.3,1.18,1.86
65,7.4,63.23,1.18,1.87
65.1,7.4,63.15,1.18,1.87
65.2,7.4,63.07,1.17,1.88
65.3,7.4,62.99,1.17,1.89
65.4,7.4,62.91,1.17,1.89
65.5,7.4,62.82,1.17,1.9
65.6,7.4,62.73,1.17,1.91
65.7,7.4,62.64,1.17,1.92
65.8,7.4,62.55,1.17,1.92
65.9,7.4,62.45,1.17,1.93
66,7.4,62.35,1.17,1.94
66.1,7.4,62.25,1.17,1.95
58,7.5,64.89,1.24,1.38
58.1,7.5,64.89,1.23,1.38
58.2,7.5,64.88,1.23,1.39
58.3,7.5,64.88,1.23,1.4
58.4,7.5,64.87,1.23,1.4
58.5,7.5,64.87,1.23,1.41
58.6,7.5,64.86,1.23,1.42
58.7,7.5,64.86,1.23,1.42
58.8,7.5,64.85,1.23,1.43
58.9,7.5,64.85,1.23,1.44
59,7.5,64.84,1.23,1.44
59.1,7.5,64.83,1.22,1.45
59.2,7.5,64.83,1.22,1.45
59.3,7.5,64.82,1.22,1.46
59.4,7.5,64.82,1.22,1.47
59.5,7.5,64.81,1.22,1.47
59.6,7.5,64.8,1.22,1.48
59.7,7.5,64.79,1.22,1.49
59.8,7.5,64.79,1.22,1.49
59.9,7.5,64.78,1.22,1.5
60,7.5,64.77,1.22,1.51
60.1,7.5,64.76,1.21,1.51
60.2,7.5,64.75,1.21,1.52
60.3,7.5,64.74,1.21,1.53
60.4,7.5,64.73,1.21,1.53
60.5,7.5,64.72,1.21,1.54
60.6,7.5,64.7,1.21,1.55
60.7,7.5,64.69,1.21,1.55
60.8,7.5,64.68,1.21,1.56
60.9,7.5,64.66,1.21,1.57
61,7.5,64.65,1.21,1.57
61.1,7.5,64.63,1.2,1.58
61.2,7.5,64.61,1.2,1.59
61.3,7.5,64.59,1.2,1.59
61.4,7.5,64.58,1.2,1.6
61.5,7.5,64.56,1.2,1.61
61.6,7.5,64.53,1.2,1.62
61.7,7.5,64.51,1.2,1.62
61.8,7.5,64.49,1.2,1.63
61.9,7.5,64.47,1.2,1.64
62,7.5,64.44,1.2,1.64
62.1,7.5,64.41,1.2,1.65
62.2,7.5,64.39,1.19,1.66
62.3,7.5,64.36,1.19,1.66
62.4,7.5,64.33,1.19,1.67
62.5,7.5,64.29,1.19,1.68
62.6,7.5,64.26,1.19,1.68
62.7,7.5,64.23,1.19,1.69
62.8,7.5,64.19,1.19,1.7
62.9,7.5,64.15,1.19,1.71
63,7.5,64.12,1.19,1.71
63.1,7.5,64.08,1.19,1.72
63.2,7.5,64.03,1.19,1.73
63.3,7.5,63.99,1.18,1.73
63.4,7.5,63.95,1.18,1.74
63.5,7.5,63.9,1.18,1.75
63.6,7.5,63.85,1.18,1.76
63.7,7.5,63.8,1.18,1.76
63.8,7.5,63.75,1.18,1.77
63.9,7.5,63.7,1.18,1.78
64,7.5,63.64,1.18,1.78
64.1,7.5,63.58,1.18,1.79
64.2,7.5,63.53,1.18,1.8
64.3,7.5,63.46,1.18,1.81
64.4,7.5,63.4,1.18,1.81
64.5,7.5,63.34,1.18,1.82
64.6,7.5,63.27,1.18,1.83
64.7,7.5,63.2,1.17,1.83
64.8,7.5,63.13,1.17,1.84
64.9,7.5,63.06,1.17,1.85
65,7.5,62.98,1.17,1.86
65.1,7.5,62.91,1.17,1.86
65.2,7.5,62.83,1.17,1.87
65.3,7.5,62.74,1.17,1.88
65.4,7.5,62.66,1.17,1.89
65.5,7.5,62.57,1.17,1.89
65.6,7.5,62.49,1.17,1.9
65.7,7.5,62.4,1.17,1.91
65.8,7.5,62.3,1.17,1.91
65.9,7.5,62.21,1.17,1.92
66,7.5,62.11,1.17,1.93
66.1,7.5,62.01,1.17,1.94
58,7.6,64.64,1.23,1.37
58.1,7.6,64.64,1.23,1.38
58.2,7.6,64.63,1.23,1.38
58.3,7.6,64.63,1.23,1.39
58.4,7.6,64.62,1.23,1.39
58.5,7.6,64.62,1.23,1.4
58.6,7.6,64.61,1.23,1.41
58.7,7.6,64.61,1.23,1.41
58.8,7.6,64.6,1.23,1.42
58.9,7.6,64.6,1.22,1.43
59,7.6,64.59,1.22,1.43
59.1,7.6,64.59,1.22,1.44
59.2,7.6,64.58,1.22,1.45
59.3,7.6,64.57,1.22,1.45
59.4,7.6,64.57,1.22,1.46
59.5,7.6,64.56,1.22,1.47
59.6,7.6,64.55,1.22,1.47
59.7,7.6,64.55,1.22,1.48
59.8,7.6,64.54,1.22,1.49
59.9,7.6,64.53,1.21,1.49
60,7.6,64.52,1.21,1.5
60.1,7.6,64.51,1.21,1.51
60.2,7.6,64.5,1.21,1.51
60.3,7.6,64.49,1.21,1.52
60.4,7.6,64.48,1.21,1.53
60.5,7.6,64.47,1.21,1.53
60.6,7.6,64.46,1.21,1.54
60.7,7.6,64.44,1.21,1.55
60.8,7.6,64.43,1.21,1.55
60.9,7.6,64.41,1.2,1.56
61,7.6,64.4,1.2,1.57
61.1,7.6,64.38,1.2,1.57
61.2,7.6,64.37,1.2,1.58
61.3,7.6,64.35,1.2,1.59
61.4,7.6,64.33,1.2,1.59
61.5,7.6,64.31,1.2,1.6
61.6,7.6,64.29,1.2,1.61
61.7,7.6,64.27,1.2,1.61
61.8,7.6,64.24,1.2,1.62
61.9,7.6,64.22,1.19,1.63
62,7.6,64.19,1.19,1.63
62.1,7.6,64.17,1.19,1.64
62.2,7.6,64.14,1.19,1.65
62.3,7.6,64.11,1.19,1.66
62.4,7.6,64.08,1.19,1.66
62.5,7.6,64.05,1.19,1.67
62.6,7.6,64.02,1.19,1.68
62.7,7.6,63.98,1.19,1.68
62.8,7.6,63.95,1.19,1.69
62.9,7.6,63.91,1.19,1.7
63,7.6,63.87,1.18,1.7
63.1,7.6,63.83,1.18,1.71
63.2,7.6,63.79,1.18,1.72
63.3,7.6,63.74,1.18,1.72
63.4,7.6,63.7,1.18,1.73
63.5,7.6,63.65,1.18,1.74
63.6,7.6,63.61,1.18,1.75
63.7,7.6,63.56,1.18,1.75
63.8,7.6,63.5,1.18,1.76
63.9,7.6,63.45,1.18,1.77
64,7.6,63.4,1.18,1.77
64.1,7.6,63.34,1.18,1.78
64.2,7.6,63.28,1.18,1.79
64.3,7.6,63.22,1.17,1.8
64.4,7.6,63.16,1.17,1.8
64.5,7.6,63.09,1.17,1.81
64.6,7.6,63.03,1.17,1.82
64.7,7.6,62.96,1.17,1.83
64.8,7.6,62.89,1.17,1.83
64.9,7.6,62.81,1.17,1.84
65,7.6,62.74,1.17,1.85
65.1,7.6,62.66,1.17,1.85
65.2,7.6,62.58,1.17,1.86
65.3,7.6,62.5,1.17,1.87
65.4,7.6,62.42,1.17,1.88
65.5,7.6,62.33,1.17,1.88
65.6,7.6,62.24,1.17,1.89
65.7,7.6,62.15,1.17,1.9
65.8,7.6,62.06,1.17,1.91
65.9,7.6,61.96,1.17,1.91
66,7.6,61.87,1.17,1.92
66.1,7.6,61.76,1.17,1.93
58,7.7,64.39,1.23,1.36
58.1,7.7,64.39,1.23,1.37
58.2,7.7,64.38,1.23,1.37
58.3,7.7,64.38,1.23,1.38
58.4,7.7,64.37,1.23,1.39
58.5,7.7,64.37,1.23,1.39
58.6,7.7,64.36,1.23,1.4
58.7,7.7,64.36,1.23,1.41
58.8,7.7,64.35,1.22,1.41
58.9,7.7,64.35,1.22,1.42
59,7.7,64.34,1.22,1.43
59.1,7.7,64.34,1.22,1.43
59.2,7.7,64.33,1.22,1.44
59.3,7.7,64.32,1.22,1.44
59.4,7.7,64.32,1.22,1.45
59.5,7.7,64.31,1.22,1.46
59.6,7.7,64.3,1.22,1.46
59.7,7.7,64.3,1.21,1.47
59.8,7.7,64.29,1.21,1.48
59.9,7.7,64.28,1.21,1.48
60,7.7,64.27,1.21,1.49
60.1,7.7,64.26,1.21,1.5
60.2,7.7,64.25,1.21,1.5
60.3,7.7,64.24,1.21,1.51
60.4,7.7,64.23,1.21,1.52
60.5,7.7,64.22,1.21,1.52
60.6,7.7,64.21,1.21,1.53
60.7,7.7,64.2,1.2,1.54
60.8,7.7,64.18,1.2,1.54
60.9,7.7,64.17,1.2,1.55
61,7.7,64.15,1.2,1.56
61.1,7.7,64.14,1.2,1.56
61.2,7.7,64.12,1.2,1.57
61.3,7.7,64.1,1.2,1.58
61.4,7.7,64.08,1.2,1.58
61.5,7.7,64.06,1.2,1.59
61.6,7.7,64.04,1.2,1.6
61.7,7.7,64.02,1.19,1.61
61.8,7.7,64,1.19,1.61
61.9,7.7,63.97,1.19,1.62
62,7.7,63.95,1.19,1.63
62.1,7.7,63.92,1.19,1.63
62.2,7.7,63.89,1.19,1.64
62.3,7.7,63.86,1.19,1.65
62.4,7.7,63.83,1.19,1.65
62.5,7.7,63.8,1.19,1.66
62.6,7.7,63.77,1.19,1.67
62.7,7.7,63.74,1.18,1.67
62.8,7.7,63.7,1.18,1.68
62.9,7.7,63.66,1.18,1.69
63,7.7,63.63,1.18,1.69
63.1,7.7,63.59,1.18,1.7
63.2,7.7,63.54,1.18,1.71
63.3,7.7,63.5,1.18,1.72
63.4,7.7,63.46,1.18,1.72
63.5,7.7,63.41,1.18,1.73
63.6,7.7,63.36,1.18,1.74
63.7,7.7,63.31,1.18,1.74
63.8,7.7,63.26,1.18,1.75
63.9,7.7,63.21,1.17,1.76
64,7.7,63.15,1.17,1.77
64.1,7.7,63.1,1.17,1.77
64.2,7.7,63.04,1.17,1.78
64.3,7.7,62.98,1.17,1.79
64.4,7.7,62.91,1.17,1.79
64.5,7.7,62.85,1.17,1.8
64.6,7.7,62.78,1.17,1.81
64.7,7.7,62.71,1.17,1.82
64.8,7.7,62.64,1.17,1.82
64.9,7.7,62.57,1.17,1.83
65,7.7,62.5,1.17,1.84
65.1,7.7,62.42,1.17,1.84
65.2,7.7,62.34,1.17,1.85
65.3,7.7,62.26,1.17,1.86
65.4,7.7,62.18,1.17,1.87
65.5,7.7,62.09,1.16,1.87
65.6,7.7,62,1.16,1.88
65.7,7.7,61.91,1.16,1.89
65.8,7.7,61.82,1.16,1.9
65.9,7.7,61.72,1.16,1.9
66,7.7,61.62,1.16,1.91
66.1,7.7,61.52,1.16,1.92
58,7.8,64.15,1.23,1.35
58.1,7.8,64.14,1.23,1.36
58.2,7.8,64.14,1.23,1.37
58.3,7.8,64.13,1.23,1.37
58.4,7.8,64.13,1.23,1.38
58.5,7.8,64.12,1.23,1.39
58.6,7.8,64.12,1.22,1.39
58.7,7.8,64.11,1.22,1.4
58.8,7.8,64.11,1.22,1.4
58.9,7.8,64.1,1.22,1.41
59,7.8,64.1,1.22,1.42
59.1,7.8,64.09,1.22,1.42
59.2,7.8,64.08,1.22,1.43
59.3,7.8,64.08,1.22,1.44
59.4,7.8,64.07,1.22,1.44
59.5,7.8,64.07,1.21,1.45
59.6,7.8,64.06,1.21,1.46
59.7,7.8,64.05,1.21,1.46
59.8,7.8,64.04,1.21,1.47
59.9,7.8,64.04,1.21,1.48
60,7.8,64.03,1.21,1.48
60.1,7.8,64.02,1.21,1.49
60.2,7.8,64.01,1.21,1.5
60.3,7.8,64,1.21,1.5
60.4,7.8,63.99,1.21,1.51
60.5,7.8,63.98,1.2,1.52
60.6,7.8,63.96,1.2,1.52
60.7,7.8,63.95,1.2,1.53
60.8,7.8,63.94,1.2,1.54
60.9,7.8,63.92,1.2,1.54
61,7.8,63.91,1.2,1.55
61.1,7.8,63.89,1.2,1.56
61.2,7.8,63.87,1.2,1.56
61.3,7.8,63.86,1.2,1.57
61.4,7.8,63.84,1.19,1.58
61.5,7.8,63.82,1.19,1.58
61.6,7.8,63.8,1.19,1.59
61.7,7.8,63.77,1.19,1.6
61.8,7.8,63.75,1.19,1.6
61.9,7.8,63.73,1.19,1.61
62,7.8,63.7,1.19,1.62
62.1,7.8,63.68,1.19,1.62
62.2,7.8,63.65,1.19,1.63
62.3,7.8,63.62,1.19,1.64
62.4,7.8,63.59,1.18,1.64
62.5,7.8,63.56,1.18,1.65
62.6,7.8,63.53,1.18,1.66
62.7,7.8,63.49,1.18,1.67
62.8,7.8,63.46,1.18,1.67
62.9,7.8,63.42,1.18,1.68
63,7.8,63.38,1.18,1.69
63.1,7.8,63.34,1.18,1.69
63.2,7.8,63.3,1.18,1.7
63.3,7.8,63.26,1.18,1.71
63.4,7.8,63.21,1.18,1.71
63.5,7.8,63.17,1.18,1.72
63.6,7.8,63.12,1.17,1.73
63.7,7.8,63.07,1.17,1.74
63.8,7.8,63.02,1.17,1.74
63.9,7.8,62.97,1.17,1.75
64,7.8,62.91,1.17,1.76
64.1,7.8,62.85,1.17,1.76
64.2,7.8,62.8,1.17,1.77
64.3,7.8,62.74,1.17,1.78
64.4,7.8,62.67,1.17,1.79
64.5,7.8,62.61,1.17,1.79
64.6,7.8,62.54,1.17,1.8
64.7,7.8,62.47,1.17,1.81
64.8,7.8,62.4,1.17,1.81
64.9,7.8,62.33,1.17,1.82
65,7.8,62.26,1.16,1.83
65.1,7.8,62.18,1.16,1.84
65.2,7.8,62.1,1.16,1.84
65.3,7.8,62.02,1.16,1.85
65.4,7.8,61.94,1.16,1.86
65.5,7.8,61.85,1.16,1.86
65.6,7.8,61.76,1.16,1.87
65.7,7.8,61.67,1.16,1.88
65.8,7.8,61.58,1.16,1.89
65.9,7.8,61.48,1.16,1.89
66,7.8,61.39,1.16,1.9
66.1,7.8,61.28,1.16,1.91
58,7.9,63.9,1.23,1.35
58.1,7.9,63.9,1.23,1.35
58.2,7.9,63.89,1.23,1.36
58.3,7.9,63.89,1.23,1.36
58.4,7.9,63.88,1.22,1.37
58.5,7.9,63.88,1.22,1.38
58.6,7.9,63.87,1.22,1.38
58.7,7.9,63.87,1.22,1.39
58.8,7.9,63.86,1.22,1.4
58.9,7.9,63.86,1.22,1.4
59,7.9,63.85,1.22,1.41
59.1,7.9,63.85,1.22,1.42
59.2,7.9,63.84,1.22,1.42
59.3,7.9,63.83,1.22,1.43
59.4,7.9,63.83,1.21,1.44
59.5,7.9,63.82,1.21,1.44
59.6,7.9,63.81,1.21,1.45
59.7,7.9,63.81,1.21,1.45
59.8,7.9,63.8,1.21,1.46
59.9,7.9,63.79,1.21,1.47
60,7.9,63.78,1.21,1.47
60.1,7.9,63.77,1.21,1.48
60.2,7.9,63.76,1.21,1.49
60.3,7.9,63.75,1.2,1.49
60.4,7.9,63.74,1.2,1.5
60.5,7.9,63.73,1.2,1.51
60.6,7.9,63.72,1.2,1.51
60.7,7.9,63.71,1.2,1.52
60.8,7.9,63.69,1.2,1.53
60.9,7.9,63.68,1.2,1.53
61,7.9,63.66,1.2,1.54
61.1,7.9,63.65,1.2,1.55
61.2,7.9,63.63,1.19,1.55
61.3,7.9,63.61,1.19,1.56
61.4,7.9,63.59,1.19,1.57
61.5,7.9,63.57,1.19,1.57
61.6,7.9,63.55,1.19,1.58
61.7,7.9,63.53,1.19,1.59
61.8,7.9,63.51,1.19,1.59
61.9,7.9,63.49,1.19,1.6
62,7.9,63.46,1.19,1.61
62.1,7.9,63.43,1.19,1.62
62.2,7.9,63.41,1.18,1.62
62.3,7.9,63.38,1.18,1.63
62.4,7.9,63.35,1.18,1.64
62.5,7.9,63.32,1.18,1.64
62.6,7.9,63.28,1.18,1.65
62.7,7.9,63.25,1.18,1.66
62.8,7.9,63.22,1.18,1.66
62.9,7.9,63.18,1.18,1.67
63,7.9,63.14,1.18,1.68
63.1,7.9,63.1,1.18,1.68
63.2,7.9,63.06,1.17,1.69
63.3,7.9,63.02,1.17,1.7
63.4,7.9,62.97,1.17,1.71
63.5,7.9,62.93,1.17,1.71
63.6,7.9,62.88,1.17,1.72
63.7,7.9,62.83,1.17,1.73
63.8,7.9,62.78,1.17,1.73
63.9,7.9,62.73,1.17,1.74
64,7.9,62.67,1.17,1.75
64.1,7.9,62.61,1.17,1.75
64.2,7.9,62.56,1.17,1.76
64.3,7.9,62.5,1.17,1.77
64.4,7.9,62.43,1.17,1.78
64.5,7.9,62.37,1.16,1.78
64.6,7.9,62.3,1.16,1.79
64.7,7.9,62.23,1.16,1.8
64.8,7.9,62.16,1.16,1.8
64.9,7.9,62.09,1.16,1.81
65,7.9,62.02,1.16,1.82
65.1,7.9,61.94,1.16,1.83
65.2,7.9,61.86,1.16,1.83
65.3,7.9,61.78,1.16,1.84
65.4,7.9,61.7,1.16,1.85
65.5,7.9,61.61,1.16,1.86
65.6,7.9,61.52,1.16,1.86
65.7,7.9,61.43,1.16,1.87
65.8,7.9,61.34,1.16,1.88
65.9,7.9,61.24,1.16,1.89
66,7.9,61.15,1.16,1.89
66.1,7.9,61.05,1.16,1.9
58,8,63.66,1.23,1.34
58.1,8,63.65,1.23,1.34
58.2,8,63.65,1.23,1.35
58.3,8,63.64,1.22,1.36
58.4,8,63.64,1.22,1.36
58.5,8,63.63,1.22,1.37
58.6,8,63.63,1.22,1.38
58.7,8,63.62,1.22,1.38
58.8,8,63.62,1.22,1.39
58.9,8,63.61,1.22,1.39
59,8,63.61,1.22,1.4
59.1,8,63.6,1.22,1.41
59.2,8,63.6,1.21,1.41
59.3,8,63.59,1.21,1.42
59.4,8,63.58,1.21,1.43
59.5,8,63.58,1.21,1.43
59.6,8,63.57,1.21,1.44
59.7,8,63.56,1.21,1.45
59.8,8,63.56,1.21,1.45
59.9,8,63.55,1.21,1.46
60,8,63.54,1.21,1.47
60.1,8,63.53,1.2,1.47
60.2,8,63.52,1.2,1.48
60.3,8,63.51,1.2,1.49
60.4,8,63.5,1.2,1.49
60.5,8,63.49,1.2,1.5
60.6,8,63.48,1.2,1.51
60.7,8,63.46,1.2,1.51
60.8,8,63.45,1.2,1.52
60.9,8,63.44,1.2,1.53
61,8,63.42,1.19,1.53
61.1,8,63.41,1.19,1.54
61.2,8,63.39,1.19,1.55
61.3,8,63.37,1.19,1.55
61.4,8,63.35,1.19,1.56
61.5,8,63.33,1.19,1.57
61.6,8,63.31,1.19,1.57
61.7,8,63.29,1.19,1.58
61.8,8,63.27,1.19,1.59
61.9,8,63.24,1.18,1.59
62,8,63.22,1.18,1.6
62.1,8,63.19,1.18,1.61
62.2,8,63.17,1.18,1.61
62.3,8,63.14,1.18,1.62
62.4,8,63.11,1.18,1.63
62.5,8,63.08,1.18,1.63
62.6,8,63.04,1.18,1.64
62.7,8,63.01,1.18,1.65
62.8,8,62.98,1.18,1.65
62.9,8,62.94,1.17,1.66
63,8,62.9,1.17,1.67
63.1,8,62.86,1.17,1.68
63.2,8,62.82,1.17,1.68
63.3,8,62.78,1.17,1.69
63.4,8,62.73,1.17,1.7
63.5,8,62.69,1.17,1.7
63.6,8,62.64,1.17,1.71
63.7,8,62.59,1.17,1.72
63.8,8,62.54,1.17,1.72
63.9,8,62.49,1.17,1.73
64,8,62.43,1.17,1.74
64.1,8,62.38,1.16,1.75
64.2,8,62.32,1.16,1.75
64.3,8,62.26,1.16,1.76
64.4,8,62.19,1.16,1.77
64.5,8,62.13,1.16,1.77
64.6,8,62.06,1.16,1.78
64.7,8,62,1.16,1.79
64.8,8,61.93,1.16,1.8
64.9,8,61.85,1.16,1.8
65,8,61.78,1.16,1.81
65.1,8,61.7,1.16,1.82
65.2,8,61.62,1.16,1.82
65.3,8,61.54,1.16,1.83
65.4,8,61.46,1.16,1.84
65.5,8,61.37,1.16,1.85
65.6,8,61.29,1.16,1.85
65.7,8,61.2,1.15,1.86
65.8,8,61.1,1.15,1.87
65.9,8,61.01,1.15,1.88
66,8,60.91,1.15,1.88
66.1,8,60.81,1.15,1.89
58,8.1,63.41,1.23,1.33
58.1,8.1,63.41,1.22,1.34
58.2,8.1,63.4,1.22,1.34
58.3,8.1,63.4,1.22,1.35
58.4,8.1,63.39,1.22,1.35
58.5,8.1,63.39,1.22,1.36
58.6,8.1,63.39,1.22,1.37
58.7,8.1,63.38,1.22,1.37
58.8,8.1,63.38,1.22,1.38
58.9,8.1,63.37,1.22,1.39
59,8.1,63.37,1.21,1.39
59.1,8.1,63.36,1.21,1.4
59.2,8.1,63.35,1.21,1.41
59.3,8.1,63.35,1.21,1.41
59.4,8.1,63.34,1.21,1.42
59.5,8.1,63.34,1.21,1.43
59.6,8.1,63.33,1.21,1.43
59.7,8.1,63.32,1.21,1.44
59.8,8.1,63.31,1.21,1.44
59.9,8.1,63.31,1.2,1.45
60,8.1,63.3,1.2,1.46
60.1,8.1,63.29,1.2,1.46
60.2,8.1,63.28,1.2,1.47
60.3,8.1,63.27,1.2,1.48
60.4,8.1,63.26,1.2,1.48
60.5,8.1,63.25,1.2,1.49
60.6,8.1,63.24,1.2,1.5
60.7,8.1,63.22,1.2,1.5
60.8,8.1,63.21,1.19,1.51
60.9,8.1,63.2,1.19,1.52
61,8.1,63.18,1.19,1.52
61.1,8.1,63.17,1.19,1.53
61.2,8.1,63.15,1.19,1.54
61.3,8.1,63.13,1.19,1.54
61.4,8.1,63.11,1.19,1.55
61.5,8.1,63.09,1.19,1.56
61.6,8.1,63.07,1.19,1.56
61.7,8.1,63.05,1.18,1.57
61.8,8.1,63.03,1.18,1.58
61.9,8.1,63,1.18,1.58
62,8.1,62.98,1.18,1.59
62.1,8.1,62.95,1.18,1.6
62.2,8.1,62.93,1.18,1.6
62.3,8.1,62.9,1.18,1.61
62.4,8.1,62.87,1.18,1.62
62.5,8.1,62.84,1.18,1.63
62.6,8.1,62.81,1.18,1.63
62.7,8.1,62.77,1.17,1.64
62.8,8.1,62.74,1.17,1.65
62.9,8.1,62.7,1.17,1.65
63,8.1,62.66,1.17,1.66
63.1,8.1,62.62,1.17,1.67
63.2,8.1,62.58,1.17,1.67
63.3,8.1,62.54,1.17,1.68
63.4,8.1,62.49,1.17,1.69
63.5,8.1,62.45,1.17,1.69
63.6,8.1,62.4,1.17,1.7
63.7,8.1,62.35,1.16,1.71
63.8,8.1,62.3,1.16,1.72
63.9,8.1,62.25,1.16,1.72
64,8.1,62.19,1.16,1.73
64.1,8.1,62.14,1.16,1.74
64.2,8.1,62.08,1.16,1.74
64.3,8.1,62.02,1.16,1.75
64.4,8.1,61.96,1.16,1.76
64.5,8.1,61.89,1.16,1.77
64.6,8.1,61.83,1.16,1.77
64.7,8.1,61.76,1.16,1.78
64.8,8.1,61.69,1.16,1.79
64.9,8.1,61.62,1.16,1.79
65,8.1,61.54,1.16,1.8
65.1,8.1,61.47,1.15,1.81
65.2,8.1,61.39,1.15,1.82
65.3,8.1,61.31,1.15,1.82
65.4,8.1,61.22,1.15,1.83
65.5,8.1,61.14,1.15,1.84
65.6,8.1,61.05,1.15,1.84
65.7,8.1,60.96,1.15,1.85
65.8,8.1,60.87,1.15,1.86
65.9,8.1,60.77,1.15,1.87
66,8.1,60.68,1.15,1.87
66.1,8.1,60.58,1.15,1.88
58,8.2,63.17,1.22,1.32
58.1,8.2,63.17,1.22,1.33
58.2,8.2,63.16,1.22,1.33
58.3,8.2,63.16,1.22,1.34
58.4,8.2,63.15,1.22,1.35
58.5,8.2,63.15,1.22,1.35
58.6,8.2,63.14,1.22,1.36
58.7,8.2,63.14,1.22,1.37
58.8,8.2,63.13,1.22,1.37
58.9,8.2,63.13,1.21,1.38
59,8.2,63.12,1.21,1.39
59.1,8.2,63.12,1.21,1.39
59.2,8.2,63.11,1.21,1.4
59.3,8.2,63.11,1.21,1.4
59.4,8.2,63.1,1.21,1.41
59.5,8.2,63.1,1.21,1.42
59.6,8.2,63.09,1.21,1.42
59.7,8.2,63.08,1.2,1.43
59.8,8.2,63.08,1.2,1.44
59.9,8.2,63.07,1.2,1.44
60,8.2,63.06,1.2,1.45
60.1,8.2,63.05,1.2,1.46
60.2,8.2,63.04,1.2,1.46
60.3,8.2,63.03,1.2,1.47
60.4,8.2,63.02,1.2,1.48
60.5,8.2,63.01,1.2,1.48
60.6,8.2,63,1.19,1.49
60.7,8.2,62.98,1.19,1.5
60.8,8.2,62.97,1.19,1.5
60.9,8.2,62.96,1.19,1.51
61,8.2,62.94,1.19,1.52
61.1,8.2,62.93,1.19,1.52
61.2,8.2,62.91,1.19,1.53
61.3,8.2,62.89,1.19,1.54
61.4,8.2,62.87,1.19,1.54
61.5,8.2,62.85,1.18,1.55
61.6,8.2,62.83,1.18,1.56
61.7,8.2,62.81,1.18,1.56
61.8,8.2,62.79,1.18,1.57
61.9,8.2,62.77,1.18,1.58
62,8.2,62.74,1.18,1.58
62.1,8.2,62.72,1.18,1.59
62.2,8.2,62.69,1.18,1.6
62.3,8.2,62.66,1.18,1.6
62.4,8.2,62.63,1.17,1.61
62.5,8.2,62.6,1.17,1.62
62.6,8.2,62.57,1.17,1.62
62.7,8.2,62.53,1.17,1.63
62.8,8.2,62.5,1.17,1.64
62.9,8.2,62.46,1.17,1.64
63,8.2,62.43,1.17,1.65
63.1,8.2,62.39,1.17,1.66
63.2,8.2,62.35,1.17,1.67
63.3,8.2,62.3,1.17,1.67
63.4,8.2,62.26,1.16,1.68
63.5,8.2,62.21,1.16,1.69
63.6,8.2,62.17,1.16,1.69
63.7,8.2,62.12,1.16,1.7
63.8,8.2,62.07,1.16,1.71
63.9,8.2,62.01,1.16,1.71
64,8.2,61.96,1.16,1.72
64.1,8.2,61.9,1.16,1.73
64.2,8.2,61.84,1.16,1.74
64.3,8.2,61.78,1.16,1.74
64.4,8.2,61.72,1.16,1.75
64.5,8.2,61.66,1.16,1.76
64.6,8.2,61.59,1.15,1.76
64.7,8.2,61.52,1.15,1.77
64.8,8.2,61.45,1.15,1.78
64.9,8.2,61.38,1.15,1.79
65,8.2,61.31,1.15,1.79
65.1,8.2,61.23,1.15,1.8
65.2,8.2,61.15,1.15,1.81
65.3,8.2,61.07,1.15,1.81
65.4,8.2,60.99,1.15,1.82
65.5,8.2,60.9,1.15,1.83
65.6,8.2,60.82,1.15,1.84
65.7,8.2,60.73,1.15,1.84
65.8,8.2,60.63,1.15,1.85
65.9,8.2,60.54,1.15,1.86
66,8.2,60.44,1.15,1.86
66.1,8.2,60.34,1.15,1.87
58,8.3,62.93,1.22,1.31
58.1,8.3,62.93,1.22,1.32
58.2,8.3,62.92,1.22,1.33
58.3,8.3,62.92,1.22,1.33
58.4,8.3,62.91,1.22,1.34
58.5,8.3,62.91,1.22,1.35
58.6,8.3,62.91,1.22,1.35
58.7,8.3,62.9,1.21,1.36
58.8,8.3,62.9,1.21,1.36
58.9,8.3,62.89,1.21,1.37
59,8.3,62.89,1.21,1.38
59.1,8.3,62.88,1.21,1.38
59.2,8.3,62.88,1.21,1.39
59.3,8.3,62.87,1.21,1.4
59.4,8.3,62.86,1.21,1.4
59.5,8.3,62.86,1.2,1.41
59.6,8.3,62.85,1.2,1.42
59.7,8.3,62.84,1.2,1.42
59.8,8.3,62.84,1.2,1.43
59.9,8.3,62.83,1.2,1.44
60,8.3,62.82,1.2,1.44
60.1,8.3,62.81,1.2,1.45
60.2,8.3,62.8,1.2,1.45
60.3,8.3,62.79,1.2,1.46
60.4,8.3,62.78,1.19,1.47
60.5,8.3,62.77,1.19,1.47
60.6,8.3,62.76,1.19,1.48
60.7,8.3,62.75,1.19,1.49
60.8,8.3,62.73,1.19,1.49
60.9,8.3,62.72,1.19,1.5
61,8.3,62.71,1.19,1.51
61.1,8.3,62.69,1.19,1.51
61.2,8.3,62.67,1.18,1.52
61.3,8.3,62.66,1.18,1.53
61.4,8.3,62.64,1.18,1.53
61.5,8.3,62.62,1.18,1.54
61.6,8.3,62.6,1.18,1.55
61.7,8.3,62.58,1.18,1.55
61.8,8.3,62.55,1.18,1.56
61.9,8.3,62.53,1.18,1.57
62,8.3,62.51,1.18,1.57
62.1,8.3,62.48,1.17,1.58
62.2,8.3,62.45,1.17,1.59
62.3,8.3,62.42,1.17,1.59
62.4,8.3,62.4,1.17,1.6
62.5,8.3,62.36,1.17,1.61
62.6,8.3,62.33,1.17,1.62
62.7,8.3,62.3,1.17,1.62
62.8,8.3,62.26,1.17,1.63
62.9,8.3,62.23,1.17,1.64
63,8.3,62.19,1.17,1.64
63.1,8.3,62.15,1.16,1.65
63.2,8.3,62.11,1.16,1.66
63.3,8.3,62.07,1.16,1.66
63.4,8.3,62.02,1.16,1.67
63.5,8.3,61.98,1.16,1.68
63.6,8.3,61.93,1.16,1.68
63.7,8.3,61.88,1.16,1.69
63.8,8.3,61.83,1.16,1.7
63.9,8.3,61.78,1.16,1.71
64,8.3,61.72,1.16,1.71
64.1,8.3,61.67,1.16,1.72
64.2,8.3,61.61,1.15,1.73
64.3,8.3,61.55,1.15,1.73
64.4,8.3,61.49,1.15,1.74
64.5,8.3,61.42,1.15,1.75
64.6,8.3,61.36,1.15,1.75
64.7,8.3,61.29,1.15,1.76
64.8,8.3,61.22,1.15,1.77
64.9,8.3,61.15,1.15,1.78
65,8.3,61.08,1.15,1.78
65.1,8.3,61,1.15,1.79
65.2,8.3,60.92,1.15,1.8
65.3,8.3,60.84,1.15,1.8
65.4,8.3,60.76,1.15,1.81
65.5,8.3,60.67,1.15,1.82
65.6,8.3,60.58,1.15,1.83
65.7,8.3,60.5,1.14,1.83
65.8,8.3,60.4,1.14,1.84
65.9,8.3,60.31,1.14,1.85
66,8.3,60.21,1.14,1.86
66.1,8.3,60.11,1.14,1.86
58,8.4,62.7,1.22,1.31
58.1,8.4,62.69,1.22,1.31
58.2,8.4,62.69,1.22,1.32
58.3,8.4,62.68,1.22,1.33
58.4,8.4,62.68,1.22,1.33
58.5,8.4,62.67,1.21,1.34
58.6,8.4,62.67,1.21,1.34
58.7,8.4,62.66,1.21,1.35
58.8,8.4,62.66,1.21,1.36
58.9,8.4,62.65,1.21,1.36
59,8.4,62.65,1.21,1.37
59.1,8.4,62.64,1.21,1.38
59.2,8.4,62.64,1.21,1.38
59.3,8.4,62.63,1.21,1.39
59.4,8.4,62.63,1.2,1.39
59.5,8.4,62.62,1.2,1.4
59.6,8.4,62.61,1.2,1.41
59.7,8.4,62.61,1.2,1.41
59.8,8.4,62.6,1.2,1.42
59.9,8.4,62.59,1.2,1.43
60,8.4,62.58,1.2,1.43
60.1,8.4,62.58,1.2,1.44
60.2,8.4,62.57,1.19,1.45
60.3,8.4,62.56,1.19,1.45
60.4,8.4,62.55,1.19,1.46
60.5,8.4,62.54,1.19,1.47
60.6,8.4,62.52,1.19,1.47
60.7,8.4,62.51,1.19,1.48
60.8,8.4,62.5,1.19,1.49
60.9,8.4,62.48,1.19,1.49
61,8.4,62.47,1.18,1.5
61.1,8.4,62.45,1.18,1.51
61.2,8.4,62.44,1.18,1.51
61.3,8.4,62.42,1.18,1.52
61.4,8.4,62.4,1.18,1.53
61.5,8.4,62.38,1.18,1.53
61.6,8.4,62.36,1.18,1.54
61.7,8.4,62.34,1.18,1.55
61.8,8.4,62.32,1.18,1.55
61.9,8.4,62.3,1.17,1.56
62,8.4,62.27,1.17,1.57
62.1,8.4,62.25,1.17,1.57
62.2,8.4,62.22,1.17,1.58
62.3,8.4,62.19,1.17,1.59
62.4,8.4,62.16,1.17,1.59
62.5,8.4,62.13,1.17,1.6
62.6,8.4,62.1,1.17,1.61
62.7,8.4,62.06,1.17,1.61
62.8,8.4,62.03,1.16,1.62
62.9,8.4,61.99,1.16,1.63
63,8.4,61.96,1.16,1.63
63.1,8.4,61.92,1.16,1.64
63.2,8.4,61.88,1.16,1.65
63.3,8.4,61.83,1.16,1.65
63.4,8.4,61.79,1.16,1.66
63.5,8.4,61.74,1.16,1.67
63.6,8.4,61.7,1.16,1.68
63.7,8.4,61.65,1.16,1.68
63.8,8.4,61.6,1.15,1.69
63.9,8.4,61.55,1.15,1.7
64,8.4,61.49,1.15,1.7
64.1,8.4,61.44,1.15,1.71
64.2,8.4,61.38,1.15,1.72
64.3,8.4,61.32,1.15,1.72
64.4,8.4,61.26,1.15,1.73
64.5,8.4,61.19,1.15,1.74
64.6,8.4,61.13,1.15,1.75
64.7,8.4,61.06,1.15,1.75
64.8,8.4,60.99,1.15,1.76
64.9,8.4,60.92,1.15,1.77
65,8.4,60.84,1.15,1.77
65.1,8.4,60.77,1.15,1.78
65.2,8.4,60.69,1.14,1.79
65.3,8.4,60.61,1.14,1.8
65.4,8.4,60.53,1.14,1.8
65.5,8.4,60.44,1.14,1.81
65.6,8.4,60.35,1.14,1.82
65.7,8.4,60.26,1.14,1.82
65.8,8.4,60.17,1.14,1.83
65.9,8.4,60.08,1.14,1.84
66,8.4,59.98,1.14,1.85
66.1,8.4,59.88,1.14,1.85
58,8.5,62.46,1.22,1.3
58.1,8.5,62.45,1.22,1.3
58.2,8.5,62.45,1.22,1.31
58.3,8.5,62.45,1.22,1.32
58.4,8.5,62.44,1.21,1.32
58.5,8.5,62.44,1.21,1.33
58.6,8.5,62.43,1.21,1.34
58.7,8.5,62.43,1.21,1.34
58.8,8.5,62.42,1.21,1.35
58.9,8.5,62.42,1.21,1.36
59,8.5,62.41,1.21,1.36
59.1,8.5,62.41,1.21,1.37
59.2,8.5,62.4,1.2,1.37
59.3,8.5,62.4,1.2,1.38
59.4,8.5,62.39,1.2,1.39
59.5,8.5,62.39,1.2,1.39
59.6,8.5,62.38,1.2,1.4
59.7,8.5,62.37,1.2,1.41
59.8,8.5,62.36,1.2,1.41
59.9,8.5,62.36,1.2,1.42
60,8.5,62.35,1.19,1.43
60.1,8.5,62.34,1.19,1.43
60.2,8.5,62.33,1.19,1.44
60.3,8.5,62.32,1.19,1.45
60.4,8.5,62.31,1.19,1.45
60.5,8.5,62.3,1.19,1.46
60.6,8.5,62.29,1.19,1.46
60.7,8.5,62.28,1.19,1.47
60.8,8.5,62.26,1.18,1.48
60.9,8.5,62.25,1.18,1.48
61,8.5,62.24,1.18,1.49
61.1,8.5,62.22,1.18,1.5
61.2,8.5,62.2,1.18,1.5
61.3,8.5,62.19,1.18,1.51
61.4,8.5,62.17,1.18,1.52
61.5,8.5,62.15,1.18,1.52
61.6,8.5,62.13,1.17,1.53
61.7,8.5,62.11,1.17,1.54
61.8,8.5,62.09,1.17,1.54
61.9,8.5,62.06,1.17,1.55
62,8.5,62.04,1.17,1.56
62.1,8.5,62.01,1.17,1.56
62.2,8.5,61.99,1.17,1.57
62.3,8.5,61.96,1.17,1.58
62.4,8.5,61.93,1.17,1.58
62.5,8.5,61.9,1.16,1.59
62.6,8.5,61.87,1.16,1.6
62.7,8.5,61.83,1.16,1.61
62.8,8.5,61.8,1.16,1.61
62.9,8.5,61.76,1.16,1.62
63,8.5,61.72,1.16,1.63
63.1,8.5,61.68,1.16,1.63
63.2,8.5,61.64,1.16,1.64
63.3,8.5,61.6,1.16,1.65
63.4,8.5,61.56,1.16,1.65
63.5,8.5,61.51,1.15,1.66
63.6,8.5,61.47,1.15,1.67
63.7,8.5,61.42,1.15,1.67
63.8,8.5,61.37,1.15,1.68
63.9,8.5,61.31,1.15,1.69
64,8.5,61.26,1.15,1.69
64.1,8.5,61.2,1.15,1.7
64.2,8.5,61.15,1.15,1.71
64.3,8.5,61.09,1.15,1.72
64.4,8.5,61.03,1.15,1.72
64.5,8.5,60.96,1.15,1.73
64.6,8.5,60.9,1.15,1.74
64.7,8.5,60.83,1.14,1.74
64.8,8.5,60.76,1.14,1.75
64.9,8.5,60.69,1.14,1.76
65,8.5,60.61,1.14,1.77
65.1,8.5,60.54,1.14,1.77
65.2,8.5,60.46,1.14,1.78
65.3,8.5,60.38,1.14,1.79
65.4,8.5,60.3,1.14,1.79
65.5,8.5,60.21,1.14,1.8
65.6,8.5,60.13,1.14,1.81
65.7,8.5,60.04,1.14,1.82
65.8,8.5,59.94,1.14,1.82
65.9,8.5,59.85,1.14,1.83
66,8.5,59.75,1.14,1.84
66.1,8.5,59.65,1.14,1.84
58,8.6,62.22,1.22,1.29
58.1,8.6,62.22,1.22,1.3
58.2,8.6,62.22,1.21,1.3
58.3,8.6,62.21,1.21,1.31
58.4,8.6,62.21,1.21,1.32
58.5,8.6,62.2,1.21,1.32
58.6,8.6,62.2,1.21,1.33
58.7,8.6,62.19,1.21,1.33
58.8,8.6,62.19,1.21,1.34
58.9,8.6,62.18,1.21,1.35
59,8.6,62.18,1.2,1.35
59.1,8.6,62.17,1.2,1.36
59.2,8.6,62.17,1.2,1.37
59.3,8.6,62.16,1.2,1.37
59.4,8.6,62.16,1.2,1.38
59.5,8.6,62.15,1.2,1.39
59.6,8.6,62.15,1.2,1.39
59.7,8.6,62.14,1.2,1.4
59.8,8.6,62.13,1.19,1.4
59.9,8.6,62.12,1.19,1.41
60,8.6,62.12,1.19,1.42
60.1,8.6,62.11,1.19,1.42
60.2,8.6,62.1,1.19,1.43
60.3,8.6,62.09,1.19,1.44
60.4,8.6,62.08,1.19,1.44
60.5,8.6,62.07,1.19,1.45
60.6,8.6,62.06,1.18,1.46
60.7,8.6,62.04,1.18,1.46
60.8,8.6,62.03,1.18,1.47
60.9,8.6,62.02,1.18,1.48
61,8.6,62,1.18,1.48
61.1,8.6,61.99,1.18,1.49
61.2,8.6,61.97,1.18,1.5
61.3,8.6,61.95,1.18,1.5
61.4,8.6,61.94,1.17,1.51
61.5,8.6,61.92,1.17,1.52
61.6,8.6,61.9,1.17,1.52
61.7,8.6,61.88,1.17,1.53
61.8,8.6,61.85,1.17,1.54
61.9,8.6,61.83,1.17,1.54
62,8.6,61.81,1.17,1.55
62.1,8.6,61.78,1.17,1.56
62.2,8.6,61.75,1.17,1.56
62.3,8.6,61.73,1.16,1.57
62.4,8.6,61.7,1.16,1.58
62.5,8.6,61.67,1.16,1.58
62.6,8.6,61.63,1.16,1.59
62.7,8.6,61.6,1.16,1.6
62.8,8.6,61.57,1.16,1.6
62.9,8.6,61.53,1.16,1.61
63,8.6,61.49,1.16,1.62
63.1,8.6,61.45,1.16,1.62
63.2,8.6,61.41,1.15,1.63
63.3,8.6,61.37,1.15,1.64
63.4,8.6,61.33,1.15,1.64
63.5,8.6,61.28,1.15,1.65
63.6,8.6,61.24,1.15,1.66
63.7,8.6,61.19,1.15,1.67
63.8,8.6,61.14,1.15,1.67
63.9,8.6,61.08,1.15,1.68
64,8.6,61.03,1.15,1.69
64.1,8.6,60.98,1.15,1.69
64.2,8.6,60.92,1.14,1.7
64.3,8.6,60.86,1.14,1.71
64.4,8.6,60.8,1.14,1.71
64.5,8.6,60.73,1.14,1.72
64.6,8.6,60.67,1.14,1.73
64.7,8.6,60.6,1.14,1.74
64.8,8.6,60.53,1.14,1.74
64.9,8.6,60.46,1.14,1.75
65,8.6,60.39,1.14,1.76
65.1,8.6,60.31,1.14,1.76
65.2,8.6,60.23,1.14,1.77
65.3,8.6,60.15,1.14,1.78
65.4,8.6,60.07,1.14,1.79
65.5,8.6,59.98,1.14,1.79
65.6,8.6,59.9,1.14,1.8
65.7,8.6,59.81,1.13,1.81
65.8,8.6,59.72,1.13,1.81
65.9,8.6,59.62,1.13,1.82
66,8.6,59.52,1.13,1.83
66.1,8.6,59.43,1.13,1.84
58,8.7,61.99,1.21,1.28
58.1,8.7,61.99,1.21,1.29
58.2,8.7,61.98,1.21,1.3
58.3,8.7,61.98,1.21,1.3
58.4,8.7,61.97,1.21,1.31
58.5,8.7,61.97,1.21,1.31
58.6,8.7,61.96,1.21,1.32
58.7,8.7,61.96,1.21,1.33
58.8,8.7,61.96,1.2,1.33
58.9,8.7,61.95,1.2,1.34
59,8.7,61.95,1.2,1.35
59.1,8.7,61.94,1.2,1.35
59.2,8.7,61.94,1.2,1.36
59.3,8.7,61.93,1.2,1.36
59.4,8.7,61.92,1.2,1.37
59.5,8.7,61.92,1.2,1.38
59.6,8.7,61.91,1.19,1.38
59.7,8.7,61.91,1.19,1.39
59.8,8.7,61.9,1.19,1.4
59.9,8.7,61.89,1.19,1.4
60,8.7,61.88,1.19,1.41
60.1,8.7,61.88,1.19,1.42
60.2,8.7,61.87,1.19,1.42
60.3,8.7,61.86,1.19,1.43
60.4,8.7,61.85,1.18,1.44
60.5,8.7,61.84,1.18,1.44
60.6,8.7,61.82,1.18,1.45
60.7,8.7,61.81,1.18,1.45
60.8,8.7,61.8,1.18,1.46
60.9,8.7,61.79,1.18,1.47
61,8.7,61.77,1.18,1.47
61.1,8.7,61.76,1.18,1.48
61.2,8.7,61.74,1.17,1.49
61.3,8.7,61.72,1.17,1.49
61.4,8.7,61.71,1.17,1.5
61.5,8.7,61.69,1.17,1.51
61.6,8.7,61.67,1.17,1.51
61.7,8.7,61.65,1.17,1.52
61.8,8.7,61.62,1.17,1.53
61.9,8.7,61.6,1.17,1.53
62,8.7,61.58,1.16,1.54
62.1,8.7,61.55,1.16,1.55
62.2,8.7,61.52,1.16,1.55
62.3,8.7,61.5,1.16,1.56
62.4,8.7,61.47,1.16,1.57
62.5,8.7,61.44,1.16,1.57
62.6,8.7,61.4,1.16,1.58
62.7,8.7,61.37,1.16,1.59
62.8,8.7,61.34,1.16,1.6
62.9,8.7,61.3,1.15,1.6
63,8.7,61.26,1.15,1.61
63.1,8.7,61.23,1.15,1.62
63.2,8.7,61.18,1.15,1.62
63.3,8.7,61.14,1.15,1.63
63.4,8.7,61.1,1.15,1.64
63.5,8.7,61.05,1.15,1.64
63.6,8.7,61.01,1.15,1.65
63.7,8.7,60.96,1.15,1.66
63.8,8.7,60.91,1.15,1.66
63.9,8.7,60.86,1.14,1.67
64,8.7,60.8,1.14,1.68
64.1,8.7,60.75,1.14,1.68
64.2,8.7,60.69,1.14,1.69
64.3,8.7,60.63,1.14,1.7
64.4,8.7,60.57,1.14,1.71
64.5,8.7,60.51,1.14,1.71
64.6,8.7,60.44,1.14,1.72
64.7,8.7,60.37,1.14,1.73
64.8,8.7,60.3,1.14,1.73
64.9,8.7,60.23,1.14,1.74
65,8.7,60.16,1.14,1.75
65.1,8.7,60.08,1.13,1.76
65.2,8.7,60.01,1.13,1.76
65.3,8.7,59.93,1.13,1.77
65.4,8.7,59.84,1.13,1.78
65.5,8.7,59.76,1.13,1.78
65.6,8.7,59.67,1.13,1.79
65.7,8.7,59.58,1.13,1.8
65.8,8.7,59.49,1.13,1.81
65.9,8.7,59.4,1.13,1.81
66,8.7,59.3,1.13,1.82
66.1,8.7,59.2,1.13,1.83
58,8.8,61.76,1.21,1.28
58.1,8.8,61.75,1.21,1.28
58.2,8.8,61.75,1.21,1.29
58.3,8.8,61.75,1.21,1.29
58.4,8.8,61.74,1.21,1.3
58.5,8.8,61.74,1.21,1.31
58.6,8.8,61.73,1.21,1.31
58.7,8.8,61.73,1.2,1.32
58.8,8.8,61.72,1.2,1.33
58.9,8.8,61.72,1.2,1.33
59,8.8,61.71,1.2,1.34
59.1,8.8,61.71,1.2,1.34
59.2,8.8,61.7,1.2,1.35
59.3,8.8,61.7,1.2,1.36
59.4,8.8,61.69,1.19,1.36
59.5,8.8,61.69,1.19,1.37
59.6,8.8,61.68,1.19,1.38
59.7,8.8,61.68,1.19,1.38
59.8,8.8,61.67,1.19,1.39
59.9,8.8,61.66,1.19,1.4
60,8.8,61.65,1.19,1.4
60.1,8.8,61.64,1.19,1.41
60.2,8.8,61.64,1.18,1.41
60.3,8.8,61.63,1.18,1.42
60.4,8.8,61.62,1.18,1.43
60.5,8.8,61.61,1.18,1.43
60.6,8.8,61.59,1.18,1.44
60.7,8.8,61.58,1.18,1.45
60.8,8.8,61.57,1.18,1.45
60.9,8.8,61.56,1.18,1.46
61,8.8,61.54,1.17,1.47
61.1,8.8,61.53,1.17,1.47
61.2,8.8,61.51,1.17,1.48
61.3,8.8,61.49,1.17,1.49
61.4,8.8,61.48,1.17,1.49
61.5,8.8,61.46,1.17,1.5
61.6,8.8,61.44,1.17,1.51
61.7,8.8,61.42,1.17,1.51
61.8,8.8,61.39,1.16,1.52
61.9,8.8,61.37,1.16,1.53
62,8.8,61.35,1.16,1.53
62.1,8.8,61.32,1.16,1.54
62.2,8.8,61.3,1.16,1.55
62.3,8.8,61.27,1.16,1.55
62.4,8.8,61.24,1.16,1.56
62.5,8.8,61.21,1.16,1.57
62.6,8.8,61.18,1.15,1.57
62.7,8.8,61.14,1.15,1.58
62.8,8.8,61.11,1.15,1.59
62.9,8.8,61.07,1.15,1.59
63,8.8,61.04,1.15,1.6
63.1,8.8,61,1.15,1.61
63.2,8.8,60.96,1.15,1.61
63.3,8.8,60.92,1.15,1.62
63.4,8.8,60.87,1.15,1.63
63.5,8.8,60.83,1.14,1.63
63.6,8.8,60.78,1.14,1.64
63.7,8.8,60.73,1.14,1.65
63.8,8.8,60.68,1.14,1.66
63.9,8.8,60.63,1.14,1.66
64,8.8,60.58,1.14,1.67
64.1,8.8,60.52,1.14,1.68
64.2,8.8,60.46,1.14,1.68
64.3,8.8,60.4,1.14,1.69
64.4,8.8,60.34,1.14,1.7
64.5,8.8,60.28,1.14,1.7
64.6,8.8,60.21,1.13,1.71
64.7,8.8,60.15,1.13,1.72
64.8,8.8,60.08,1.13,1.73
64.9,8.8,60.01,1.13,1.73
65,8.8,59.93,1.13,1.74
65.1,8.8,59.86,1.13,1.75
65.2,8.8,59.78,1.13,1.75
65.3,8.8,59.7,1.13,1.76
65.4,8.8,59.62,1.13,1.77
65.5,8.8,59.53,1.13,1.77
65.6,8.8,59.45,1.13,1.78
65.7,8.8,59.36,1.13,1.79
65.8,8.8,59.27,1.13,1.8
65.9,8.8,59.17,1.13,1.8
66,8.8,59.08,1.13,1.81
66.1,8.8,58.98,1.13,1.82
58,8.9,61.53,1.21,1.27
58.1,8.9,61.52,1.21,1.27
58.2,8.9,61.52,1.21,1.28
58.3,8.9,61.52,1.21,1.29
58.4,8.9,61.51,1.21,1.29
58.5,8.9,61.51,1.2,1.3
58.6,8.9,61.5,1.2,1.31
58.7,8.9,61.5,1.2,1.31
58.8,8.9,61.49,1.2,1.32
58.9,8.9,61.49,1.2,1.32
59,8.9,61.49,1.2,1.33
59.1,8.9,61.48,1.2,1.34
59.2,8.9,61.48,1.2,1.34
59.3,8.9,61.47,1.19,1.35
59.4,8.9,61.46,1.19,1.36
59.5,8.9,61.46,1.19,1.36
59.6,8.9,61.45,1.19,1.37
59.7,8.9,61.45,1.19,1.37
59.8,8.9,61.44,1.19,1.38
59.9,8.9,61.43,1.19,1.39
60,8.9,61.42,1.18,1.39
60.1,8.9,61.42,1.18,1.4
60.2,8.9,61.41,1.18,1.41
60.3,8.9,61.4,1.18,1.41
60.4,8.9,61.39,1.18,1.42
60.5,8.9,61.38,1.18,1.43
60.6,8.9,61.37,1.18,1.43
60.7,8.9,61.35,1.18,1.44
60.8,8.9,61.34,1.17,1.45
60.9,8.9,61.33,1.17,1.45
61,8.9,61.31,1.17,1.46
61.1,8.9,61.3,1.17,1.47
61.2,8.9,61.28,1.17,1.47
61.3,8.9,61.27,1.17,1.48
61.4,8.9,61.25,1.17,1.48
61.5,8.9,61.23,1.16,1.49
61.6,8.9,61.21,1.16,1.5
61.7,8.9,61.19,1.16,1.5
61.8,8.9,61.17,1.16,1.51
61.9,8.9,61.14,1.16,1.52
62,8.9,61.12,1.16,1.52
62.1,8.9,61.09,1.16,1.53
62.2,8.9,61.07,1.16,1.54
62.3,8.9,61.04,1.15,1.54
62.4,8.9,61.01,1.15,1.55
62.5,8.9,60.98,1.15,1.56
62.6,8.9,60.95,1.15,1.56
62.7,8.9,60.92,1.15,1.57
62.8,8.9,60.88,1.15,1.58
62.9,8.9,60.85,1.15,1.59
63,8.9,60.81,1.15,1.59
63.1,8.9,60.77,1.15,1.6
63.2,8.9,60.73,1.14,1.61
63.3,8.9,60.69,1.14,1.61
63.4,8.9,60.65,1.14,1.62
63.5,8.9,60.6,1.14,1.63
63.6,8.9,60.55,1.14,1.63
63.7,8.9,60.51,1.14,1.64
63.8,8.9,60.46,1.14,1.65
63.9,8.9,60.4,1.14,1.65
64,8.9,60.35,1.14,1.66
64.1,8.9,60.3,1.14,1.67
64.2,8.9,60.24,1.13,1.67
64.3,8.9,60.18,1.13,1.68
64.4,8.9,60.12,1.13,1.69
64.5,8.9,60.06,1.13,1.7
64.6,8.9,59.99,1.13,1.7
64.7,8.9,59.92,1.13,1.71
64.8,8.9,59.85,1.13,1.72
64.9,8.9,59.78,1.13,1.72
65,8.9,59.71,1.13,1.73
65.1,8.9,59.63,1.13,1.74
65.2,8.9,59.56,1.13,1.74
65.3,8.9,59.48,1.13,1.75
65.4,8.9,59.39,1.13,1.76
65.5,8.9,59.31,1.12,1.77
65.6,8.9,59.22,1.12,1.77
65.7,8.9,59.13,1.12,1.78
65.8,8.9,59.04,1.12,1.79
65.9,8.9,58.95,1.12,1.79
66,8.9,58.85,1.12,1.8
66.1,8.9,58.75,1.12,1.81
58,9,61.3,1.21,1.26
58.1,9,61.3,1.21,1.27
58.2,9,61.29,1.21,1.27
58.3,9,61.29,1.2,1.28
58.4,9,61.28,1.2,1.29
58.5,9,61.28,1.2,1.29
58.6,9,61.27,1.2,1.3
58.7,9,61.27,1.2,1.3
58.8,9,61.27,1.2,1.31
58.9,9,61.26,1.2,1.32
59,9,61.26,1.2,1.32
59.1,9,61.25,1.19,1.33
59.2,9,61.25,1.19,1.34
59.3,9,61.24,1.19,1.34
59.4,9,61.24,1.19,1.35
59.5,9,61.23,1.19,1.35
59.6,9,61.23,1.19,1.36
59.7,9,61.22,1.19,1.37
59.8,9,61.21,1.18,1.37
59.9,9,61.2,1.18,1.38
60,9,61.2,1.18,1.39
60.1,9,61.19,1.18,1.39
60.2,9,61.18,1.18,1.4
60.3,9,61.17,1.18,1.41
60.4,9,61.16,1.18,1.41
60.5,9,61.15,1.18,1.42
60.6,9,61.14,1.17,1.42
60.7,9,61.13,1.17,1.43
60.8,9,61.11,1.17,1.44
60.9,9,61.1,1.17,1.44
61,9,61.09,1.17,1.45
61.1,9,61.07,1.17,1.46
61.2,9,61.06,1.17,1.46
61.3,9,61.04,1.16,1.47
61.4,9,61.02,1.16,1.48
61.5,9,61,1.16,1.48
61.6,9,60.98,1.16,1.49
61.7,9,60.96,1.16,1.5
61.8,9,60.94,1.16,1.5
61.9,9,60.92,1.16,1.51
62,9,60.89,1.16,1.52
62.1,9,60.87,1.15,1.52
62.2,9,60.84,1.15,1.53
62.3,9,60.82,1.15,1.54
62.4,9,60.79,1.15,1.54
62.5,9,60.76,1.15,1.55
62.6,9,60.73,1.15,1.56
62.7,9,60.69,1.15,1.56
62.8,9,60.66,1.15,1.57
62.9,9,60.62,1.14,1.58
63,9,60.59,1.14,1.58
63.1,9,60.55,1.14,1.59
63.2,9,60.51,1.14,1.6
63.3,9,60.47,1.14,1.6
63.4,9,60.42,1.14,1.61
63.5,9,60.38,1.14,1.62
63.6,9,60.33,1.14,1.62
63.7,9,60.28,1.14,1.63
63.8,9,60.23,1.13,1.64
63.9,9,60.18,1.13,1.65
64,9,60.13,1.13,1.65
64.1,9,60.07,1.13,1.66
64.2,9,60.02,1.13,1.67
64.3,9,59.96,1.13,1.67
64.4,9,59.9,1.13,1.68
64.5,9,59.83,1.13,1.69
64.6,9,59.77,1.13,1.69
64.7,9,59.7,1.13,1.7
64.8,9,59.63,1.13,1.71
64.9,9,59.56,1.13,1.71
65,9,59.49,1.12,1.72
65.1,9,59.41,1.12,1.73
65.2,9,59.33,1.12,1.74
65.3,9,59.25,1.12,1.74
65.4,9,59.17,1.12,1.75
65.5,9,59.09,1.12,1.76
65.6,9,59,1.12,1.76
65.7,9,58.91,1.12,1.77
65.8,9,58.82,1.12,1.78
65.9,9,58.73,1.12,1.79
66,9,58.63,1.12,1.79
66.1,9,58.53,1.12,1.8
58,9.1,61.07,1.21,1.25
58.1,9.1,61.07,1.21,1.26
58.2,9.1,61.06,1.2,1.27
58.3,9.1,61.06,1.2,1.27
58.4,9.1,61.06,1.2,1.28
58.5,9.1,61.05,1.2,1.28
58.6,9.1,61.05,1.2,1.29
58.7,9.1,61.04,1.2,1.3
58.8,9.1,61.04,1.2,1.3
58.9,9.1,61.03,1.19,1.31
59,9.1,61.03,1.19,1.32
59.1,9.1,61.03,1.19,1.32
59.2,9.1,61.02,1.19,1.33
59.3,9.1,61.02,1.19,1.33
59.4,9.1,61.01,1.19,1.34
59.5,9.1,61,1.19,1.35
59.6,9.1,61,1.18,1.35
59.7,9.1,60.99,1.18,1.36
59.8,9.1,60.99,1.18,1.37
59.9,9.1,60.98,1.18,1.37
60,9.1,60.97,1.18,1.38
60.1,9.1,60.96,1.18,1.38
60.2,9.1,60.95,1.18,1.39
60.3,9.1,60.95,1.18,1.4
60.4,9.1,60.94,1.17,1.4
60.5,9.1,60.92,1.17,1.41
60.6,9.1,60.91,1.17,1.42
60.7,9.1,60.9,1.17,1.42
60.8,9.1,60.89,1.17,1.43
60.9,9.1,60.88,1.17,1.44
61,9.1,60.86,1.17,1.44
61.1,9.1,60.85,1.16,1.45
61.2,9.1,60.83,1.16,1.46
61.3,9.1,60.81,1.16,1.46
61.4,9.1,60.8,1.16,1.47
61.5,9.1,60.78,1.16,1.48
61.6,9.1,60.76,1.16,1.48
61.7,9.1,60.74,1.16,1.49
61.8,9.1,60.72,1.15,1.5
61.9,9.1,60.69,1.15,1.5
62,9.1,60.67,1.15,1.51
62.1,9.1,60.65,1.15,1.51
62.2,9.1,60.62,1.15,1.52
62.3,9.1,60.59,1.15,1.53
62.4,9.1,60.56,1.15,1.53
62.5,9.1,60.53,1.15,1.54
62.6,9.1,60.5,1.14,1.55
62.7,9.1,60.47,1.14,1.55
62.8,9.1,60.44,1.14,1.56
62.9,9.1,60.4,1.14,1.57
63,9.1,60.36,1.14,1.58
63.1,9.1,60.32,1.14,1.58
63.2,9.1,60.28,1.14,1.59
63.3,9.1,60.24,1.14,1.6
63.4,9.1,60.2,1.14,1.6
63.5,9.1,60.15,1.13,1.61
63.6,9.1,60.11,1.13,1.62
63.7,9.1,60.06,1.13,1.62
63.8,9.1,60.01,1.13,1.63
63.9,9.1,59.96,1.13,1.64
64,9.1,59.91,1.13,1.64
64.1,9.1,59.85,1.13,1.65
64.2,9.1,59.79,1.13,1.66
64.3,9.1,59.73,1.13,1.66
64.4,9.1,59.67,1.13,1.67
64.5,9.1,59.61,1.12,1.68
64.6,9.1,59.55,1.12,1.69
64.7,9.1,59.48,1.12,1.69
64.8,9.1,59.41,1.12,1.7
64.9,9.1,59.34,1.12,1.71
65,9.1,59.27,1.12,1.71
65.1,9.1,59.19,1.12,1.72
65.2,9.1,59.11,1.12,1.73
65.3,9.1,59.03,1.12,1.73
65.4,9.1,58.95,1.12,1.74
65.5,9.1,58.87,1.12,1.75
65.6,9.1,58.78,1.12,1.76
65.7,9.1,58.69,1.12,1.76
65.8,9.1,58.6,1.12,1.77
65.9,9.1,58.51,1.12,1.78
66,9.1,58.41,1.11,1.78
66.1,9.1,58.31,1.11,1.79
58,9.2,60.85,1.2,1.25
58.1,9.2,60.84,1.2,1.25
58.2,9.2,60.84,1.2,1.26
58.3,9.2,60.83,1.2,1.26
58.4,9.2,60.83,1.2,1.27
58.5,9.2,60.83,1.2,1.28
58.6,9.2,60.82,1.2,1.28
58.7,9.2,60.82,1.2,1.29
58.8,9.2,60.81,1.19,1.3
58.9,9.2,60.81,1.19,1.3
59,9.2,60.81,1.19,1.31
59.1,9.2,60.8,1.19,1.31
59.2,9.2,60.8,1.19,1.32
59.3,9.2,60.79,1.19,1.33
59.4,9.2,60.79,1.19,1.33
59.5,9.2,60.78,1.18,1.34
59.6,9.2,60.77,1.18,1.35
59.7,9.2,60.77,1.18,1.35
59.8,9.2,60.76,1.18,1.36
59.9,9.2,60.75,1.18,1.36
60,9.2,60.75,1.18,1.37
60.1,9.2,60.74,1.18,1.38
60.2,9.2,60.73,1.17,1.38
60.3,9.2,60.72,1.17,1.39
60.4,9.2,60.71,1.17,1.4
60.5,9.2,60.7,1.17,1.4
60.6,9.2,60.69,1.17,1.41
60.7,9.2,60.68,1.17,1.42
60.8,9.2,60.67,1.17,1.42
60.9,9.2,60.65,1.16,1.43
61,9.2,60.64,1.16,1.43
61.1,9.2,60.62,1.16,1.44
61.2,9.2,60.61,1.16,1.45
61.3,9.2,60.59,1.16,1.45
61.4,9.2,60.57,1.16,1.46
61.5,9.2,60.56,1.16,1.47
61.6,9.2,60.54,1.15,1.47
61.7,9.2,60.52,1.15,1.48
61.8,9.2,60.49,1.15,1.49
61.9,9.2,60.47,1.15,1.49
62,9.2,60.45,1.15,1.5
62.1,9.2,60.42,1.15,1.51
62.2,9.2,60.4,1.15,1.51
62.3,9.2,60.37,1.15,1.52
62.4,9.2,60.34,1.14,1.53
62.5,9.2,60.31,1.14,1.53
62.6,9.2,60.28,1.14,1.54
62.7,9.2,60.25,1.14,1.55
62.8,9.2,60.21,1.14,1.55
62.9,9.2,60.18,1.14,1.56
63,9.2,60.14,1.14,1.57
63.1,9.2,60.1,1.14,1.57
63.2,9.2,60.06,1.13,1.58
63.3,9.2,60.02,1.13,1.59
63.4,9.2,59.98,1.13,1.59
63.5,9.2,59.93,1.13,1.6
63.6,9.2,59.89,1.13,1.61
63.7,9.2,59.84,1.13,1.61
63.8,9.2,59.79,1.13,1.62
63.9,9.2,59.74,1.13,1.63
64,9.2,59.69,1.13,1.64
64.1,9.2,59.63,1.12,1.64
64.2,9.2,59.57,1.12,1.65
64.3,9.2,59.51,1.12,1.66
64.4,9.2,59.45,1.12,1.66
64.5,9.2,59.39,1.12,1.67
64.6,9.2,59.33,1.12,1.68
64.7,9.2,59.26,1.12,1.68
64.8,9.2,59.19,1.12,1.69
64.9,9.2,59.12,1.12,1.7
65,9.2,59.05,1.12,1.7
65.1,9.2,58.97,1.12,1.71
65.2,9.2,58.89,1.12,1.72
65.3,9.2,58.82,1.11,1.73
65.4,9.2,58.73,1.11,1.73
65.5,9.2,58.65,1.11,1.74
65.6,9.2,58.56,1.11,1.75
65.7,9.2,58.47,1.11,1.75
65.8,9.2,58.38,1.11,1.76
65.9,9.2,58.29,1.11,1.77
66,9.2,58.19,1.11,1.78
66.1,9.2,58.1,1.11,1.78
58,9.3,60.62,1.2,1.24
58.1,9.3,60.62,1.2,1.24
58.2,9.3,60.61,1.2,1.25
58.3,9.3,60.61,1.2,1.26
58.4,9.3,60.61,1.2,1.26
58.5,9.3,60.6,1.2,1.27
58.6,9.3,60.6,1.19,1.28
58.7,9.3,60.59,1.19,1.28
58.8,9.3,60.59,1.19,1.29
58.9,9.3,60.59,1.19,1.29
59,9.3,60.58,1.19,1.3
59.1,9.3,60.58,1.19,1.31
59.2,9.3,60.57,1.19,1.31
59.3,9.3,60.57,1.18,1.32
59.4,9.3,60.56,1.18,1.32
59.5,9.3,60.56,1.18,1.33
59.6,9.3,60.55,1.18,1.34
59.7,9.3,60.54,1.18,1.34
59.8,9.3,60.54,1.18,1.35
59.9,9.3,60.53,1.18,1.36
60,9.3,60.52,1.17,1.36
60.1,9.3,60.52,1.17,1.37
60.2,9.3,60.51,1.17,1.38
60.3,9.3,60.5,1.17,1.38
60.4,9.3,60.49,1.17,1.39
60.5,9.3,60.48,1.17,1.39
60.6,9.3,60.47,1.17,1.4
60.7,9.3,60.46,1.16,1.41
60.8,9.3,60.44,1.16,1.41
60.9,9.3,60.43,1.16,1.42
61,9.3,60.42,1.16,1.43
61.1,9.3,60.4,1.16,1.43
61.2,9.3,60.39,1.16,1.44
61.3,9.3,60.37,1.16,1.45
61.4,9.3,60.35,1.15,1.45
61.5,9.3,60.33,1.15,1.46
61.6,9.3,60.31,1.15,1.47
61.7,9.3,60.29,1.15,1.47
61.8,9.3,60.27,1.15,1.48
61.9,9.3,60.25,1.15,1.49
62,9.3,60.23,1.15,1.49
62.1,9.3,60.2,1.14,1.5
62.2,9.3,60.18,1.14,1.51
62.3,9.3,60.15,1.14,1.51
62.4,9.3,60.12,1.14,1.52
62.5,9.3,60.09,1.14,1.53
62.6,9.3,60.06,1.14,1.53
62.7,9.3,60.03,1.14,1.54
62.8,9.3,59.99,1.14,1.55
62.9,9.3,59.96,1.13,1.55
63,9.3,59.92,1.13,1.56
63.1,9.3,59.88,1.13,1.57
63.2,9.3,59.84,1.13,1.57
63.3,9.3,59.8,1.13,1.58
63.4,9.3,59.76,1.13,1.59
63.5,9.3,59.71,1.13,1.59
63.6,9.3,59.67,1.13,1.6
63.7,9.3,59.62,1.13,1.61
63.8,9.3,59.57,1.12,1.61
63.9,9.3,59.52,1.12,1.62
64,9.3,59.47,1.12,1.63
64.1,9.3,59.41,1.12,1.63
64.2,9.3,59.35,1.12,1.64
64.3,9.3,59.3,1.12,1.65
64.4,9.3,59.24,1.12,1.65
64.5,9.3,59.17,1.12,1.66
64.6,9.3,59.11,1.12,1.67
64.7,9.3,59.04,1.12,1.68
64.8,9.3,58.97,1.11,1.68
64.9,9.3,58.9,1.11,1.69
65,9.3,58.83,1.11,1.7
65.1,9.3,58.75,1.11,1.7
65.2,9.3,58.68,1.11,1.71
65.3,9.3,58.6,1.11,1.72
65.4,9.3,58.52,1.11,1.72
65.5,9.3,58.43,1.11,1.73
65.6,9.3,58.35,1.11,1.74
65.7,9.3,58.26,1.11,1.75
65.8,9.3,58.17,1.11,1.75
65.9,9.3,58.07,1.11,1.76
66,9.3,57.98,1.11,1.77
66.1,9.3,57.88,1.11,1.77
58,9.4,60.4,1.2,1.23
58.1,9.4,60.4,1.2,1.24
58.2,9.4,60.39,1.2,1.24
58.3,9.4,60.39,1.2,1.25
58.4,9.4,60.38,1.19,1.26
58.5,9.4,60.38,1.19,1.26
58.6,9.4,60.38,1.19,1.27
58.7,9.4,60.37,1.19,1.27
58.8,9.4,60.37,1.19,1.28
58.9,9.4,60.36,1.19,1.29
59,9.4,60.36,1.19,1.29
59.1,9.4,60.36,1.18,1.3
59.2,9.4,60.35,1.18,1.3
59.3,9.4,60.35,1.18,1.31
59.4,9.4,60.34,1.18,1.32
59.5,9.4,60.34,1.18,1.32
59.6,9.4,60.33,1.18,1.33
59.7,9.4,60.32,1.18,1.34
59.8,9.4,60.32,1.17,1.34
59.9,9.4,60.31,1.17,1.35
60,9.4,60.3,1.17,1.36
60.1,9.4,60.29,1.17,1.36
60.2,9.4,60.29,1.17,1.37
60.3,9.4,60.28,1.17,1.37
60.4,9.4,60.27,1.17,1.38
60.5,9.4,60.26,1.16,1.39
60.6,9.4,60.25,1.16,1.39
60.7,9.4,60.24,1.16,1.4
60.8,9.4,60.22,1.16,1.41
60.9,9.4,60.21,1.16,1.41
61,9.4,60.2,1.16,1.42
61.1,9.4,60.18,1.15,1.43
61.2,9.4,60.17,1.15,1.43
61.3,9.4,60.15,1.15,1.44
61.4,9.4,60.13,1.15,1.44
61.5,9.4,60.11,1.15,1.45
61.6,9.4,60.09,1.15,1.46
61.7,9.4,60.07,1.15,1.46
61.8,9.4,60.05,1.15,1.47
61.9,9.4,60.03,1.14,1.48
62,9.4,60.01,1.14,1.48
62.1,9.4,59.98,1.14,1.49
62.2,9.4,59.96,1.14,1.5
62.3,9.4,59.93,1.14,1.5
62.4,9.4,59.9,1.14,1.51
62.5,9.4,59.87,1.14,1.52
62.6,9.4,59.84,1.13,1.52
62.7,9.4,59.81,1.13,1.53
62.8,9.4,59.77,1.13,1.54
62.9,9.4,59.74,1.13,1.54
63,9.4,59.7,1.13,1.55
63.1,9.4,59.66,1.13,1.56
63.2,9.4,59.62,1.13,1.56
63.3,9.4,59.58,1.13,1.57
63.4,9.4,59.54,1.12,1.58
63.5,9.4,59.5,1.12,1.58
63.6,9.4,59.45,1.12,1.59
63.7,9.4,59.4,1.12,1.6
63.8,9.4,59.35,1.12,1.6
63.9,9.4,59.3,1.12,1.61
64,9.4,59.25,1.12,1.62
64.1,9.4,59.19,1.12,1.63
64.2,9.4,59.14,1.12,1.63
64.3,9.4,59.08,1.12,1.64
64.4,9.4,59.02,1.11,1.65
64.5,9.4,58.96,1.11,1.65
64.6,9.4,58.89,1.11,1.66
64.7,9.4,58.82,1.11,1.67
64.8,9.4,58.76,1.11,1.67
64.9,9.4,58.69,1.11,1.68
65,9.4,58.61,1.11,1.69
65.1,9.4,58.54,1.11,1.69
65.2,9.4,58.46,1.11,1.7
65.3,9.4,58.38,1.11,1.71
65.4,9.4,58.3,1.11,1.72
65.5,9.4,58.22,1.11,1.72
65.6,9.4,58.13,1.1,1.73
65.7,9.4,58.04,1.1,1.74
65.8,9.4,57.95,1.1,1.74
65.9,9.4,57.86,1.1,1.75
66,9.4,57.76,1.1,1.76
66.1,9.4,57.66,1.1,1.76
58,9.5,60.18,1.2,1.22
58.1,9.5,60.17,1.2,1.23
58.2,9.5,60.17,1.2,1.24
58.3,9.5,60.17,1.19,1.24
58.4,9.5,60.16,1.19,1.25
58.5,9.5,60.16,1.19,1.25
58.6,9.5,60.15,1.19,1.26
58.7,9.5,60.15,1.19,1.27
58.8,9.5,60.15,1.19,1.27
58.9,9.5,60.14,1.18,1.28
59,9.5,60.14,1.18,1.29
59.1,9.5,60.13,1.18,1.29
59.2,9.5,60.13,1.18,1.3
59.3,9.5,60.13,1.18,1.3
59.4,9.5,60.12,1.18,1.31
59.5,9.5,60.11,1.18,1.32
59.6,9.5,60.11,1.17,1.32
59.7,9.5,60.1,1.17,1.33
59.8,9.5,60.1,1.17,1.33
59.9,9.5,60.09,1.17,1.34
60,9.5,60.08,1.17,1.35
60.1,9.5,60.07,1.17,1.35
60.2,9.5,60.07,1.17,1.36
60.3,9.5,60.06,1.16,1.37
60.4,9.5,60.05,1.16,1.37
60.5,9.5,60.04,1.16,1.38
60.6,9.5,60.03,1.16,1.39
60.7,9.5,60.02,1.16,1.39
60.8,9.5,60,1.16,1.4
60.9,9.5,59.99,1.15,1.4
61,9.5,59.98,1.15,1.41
61.1,9.5,59.96,1.15,1.42
61.2,9.5,59.95,1.15,1.42
61.3,9.5,59.93,1.15,1.43
61.4,9.5,59.91,1.15,1.44
61.5,9.5,59.9,1.15,1.44
61.6,9.5,59.88,1.14,1.45
61.7,9.5,59.86,1.14,1.46
61.8,9.5,59.83,1.14,1.46
61.9,9.5,59.81,1.14,1.47
62,9.5,59.79,1.14,1.48
62.1,9.5,59.76,1.14,1.48
62.2,9.5,59.74,1.14,1.49
62.3,9.5,59.71,1.13,1.5
62.4,9.5,59.68,1.13,1.5
62.5,9.5,59.65,1.13,1.51
62.6,9.5,59.62,1.13,1.52
62.7,9.5,59.59,1.13,1.52
62.8,9.5,59.56,1.13,1.53
62.9,9.5,59.52,1.13,1.54
63,9.5,59.49,1.13,1.54
63.1,9.5,59.45,1.12,1.55
63.2,9.5,59.41,1.12,1.56
63.3,9.5,59.37,1.12,1.56
63.4,9.5,59.32,1.12,1.57
63.5,9.5,59.28,1.12,1.58
63.6,9.5,59.23,1.12,1.58
63.7,9.5,59.19,1.12,1.59
63.8,9.5,59.14,1.12,1.6
63.9,9.5,59.09,1.12,1.6
64,9.5,59.03,1.11,1.61
64.1,9.5,58.98,1.11,1.62
64.2,9.5,58.92,1.11,1.62
64.3,9.5,58.86,1.11,1.63
64.4,9.5,58.8,1.11,1.64
64.5,9.5,58.74,1.11,1.64
64.6,9.5,58.68,1.11,1.65
64.7,9.5,58.61,1.11,1.66
64.8,9.5,58.54,1.11,1.67
64.9,9.5,58.47,1.11,1.67
65,9.5,58.4,1.11,1.68
65.1,9.5,58.32,1.1,1.69
65.2,9.5,58.25,1.1,1.69
65.3,9.5,58.17,1.1,1.7
65.4,9.5,58.09,1.1,1.71
65.5,9.5,58,1.1,1.71
65.6,9.5,57.92,1.1,1.72
65.7,9.5,57.83,1.1,1.73
65.8,9.5,57.74,1.1,1.74
65.9,9.5,57.64,1.1,1.74
66,9.5,57.55,1.1,1.75
66.1,9.5,57.45,1.1,1.76
58,9.6,59.96,1.2,1.22
58.1,9.6,59.95,1.19,1.22
58.2,9.6,59.95,1.19,1.23
58.3,9.6,59.95,1.19,1.23
58.4,9.6,59.94,1.19,1.24
58.5,9.6,59.94,1.19,1.25
58.6,9.6,59.94,1.19,1.25
58.7,9.6,59.93,1.19,1.26
58.8,9.6,59.93,1.18,1.27
58.9,9.6,59.92,1.18,1.27
59,9.6,59.92,1.18,1.28
59.1,9.6,59.92,1.18,1.28
59.2,9.6,59.91,1.18,1.29
59.3,9.6,59.91,1.18,1.3
59.4,9.6,59.9,1.17,1.3
59.5,9.6,59.9,1.17,1.31
59.6,9.6,59.89,1.17,1.31
59.7,9.6,59.88,1.17,1.32
59.8,9.6,59.88,1.17,1.33
59.9,9.6,59.87,1.17,1.33
60,9.6,59.86,1.17,1.34
60.1,9.6,59.86,1.16,1.35
60.2,9.6,59.85,1.16,1.35
60.3,9.6,59.84,1.16,1.36
60.4,9.6,59.83,1.16,1.37
60.5,9.6,59.82,1.16,1.37
60.6,9.6,59.81,1.16,1.38
60.7,9.6,59.8,1.15,1.38
60.8,9.6,59.79,1.15,1.39
60.9,9.6,59.77,1.15,1.4
61,9.6,59.76,1.15,1.4
61.1,9.6,59.74,1.15,1.41
61.2,9.6,59.73,1.15,1.42
61.3,9.6,59.71,1.15,1.42
61.4,9.6,59.7,1.14,1.43
61.5,9.6,59.68,1.14,1.44
61.6,9.6,59.66,1.14,1.44
61.7,9.6,59.64,1.14,1.45
61.8,9.6,59.62,1.14,1.46
61.9,9.6,59.6,1.14,1.46
62,9.6,59.57,1.14,1.47
62.1,9.6,59.55,1.13,1.47
62.2,9.6,59.52,1.13,1.48
62.3,9.6,59.5,1.13,1.49
62.4,9.6,59.47,1.13,1.49
62.5,9.6,59.44,1.13,1.5
62.6,9.6,59.41,1.13,1.51
62.7,9.6,59.37,1.13,1.51
62.8,9.6,59.34,1.12,1.52
62.9,9.6,59.31,1.12,1.53
63,9.6,59.27,1.12,1.53
63.1,9.6,59.23,1.12,1.54
63.2,9.6,59.19,1.12,1.55
63.3,9.6,59.15,1.12,1.55
63.4,9.6,59.11,1.12,1.56
63.5,9.6,59.06,1.12,1.57
63.6,9.6,59.02,1.11,1.57
63.7,9.6,58.97,1.11,1.58
63.8,9.6,58.92,1.11,1.59
63.9,9.6,58.87,1.11,1.59
64,9.6,58.82,1.11,1.6
64.1,9.6,58.76,1.11,1.61
64.2,9.6,58.71,1.11,1.62
64.3,9.6,58.65,1.11,1.62
64.4,9.6,58.59,1.11,1.63
64.5,9.6,58.53,1.11,1.64
64.6,9.6,58.46,1.1,1.64
64.7,9.6,58.4,1.1,1.65
64.8,9.6,58.33,1.1,1.66
64.9,9.6,58.26,1.1,1.66
65,9.6,58.18,1.1,1.67
65.1,9.6,58.11,1.1,1.68
65.2,9.6,58.03,1.1,1.68
65.3,9.6,57.95,1.1,1.69
65.4,9.6,57.87,1.1,1.7
65.5,9.6,57.79,1.1,1.71
65.6,9.6,57.7,1.1,1.71
65.7,9.6,57.62,1.1,1.72
65.8,9.6,57.52,1.1,1.73
65.9,9.6,57.43,1.09,1.73
66,9.6,57.34,1.09,1.74
66.1,9.6,57.24,1.09,1.75
58,9.7,59.74,1.19,1.21
58.1,9.7,59.74,1.19,1.22
58.2,9.7,59.73,1.19,1.22
58.3,9.7,59.73,1.19,1.23
58.4,9.7,59.73,1.19,1.23
58.5,9.7,59.72,1.19,1.24
58.6,9.7,59.72,1.18,1.25
58.7,9.7,59.71,1.18,1.25
58.8,9.7,59.71,1.18,1.26
58.9,9.7,59.71,1.18,1.26
59,9.7,59.7,1.18,1.27
59.1,9.7,59.7,1.18,1.28
59.2,9.7,59.69,1.18,1.28
59.3,9.7,59.69,1.17,1.29
59.4,9.7,59.68,1.17,1.29
59.5,9.7,59.68,1.17,1.3
59.6,9.7,59.67,1.17,1.31
59.7,9.7,59.67,1.17,1.31
59.8,9.7,59.66,1.17,1.32
59.9,9.7,59.65,1.16,1.33
60,9.7,59.65,1.16,1.33
60.1,9.7,59.64,1.16,1.34
60.2,9.7,59.63,1.16,1.34
60.3,9.7,59.62,1.16,1.35
60.4,9.7,59.61,1.16,1.36
60.5,9.7,59.6,1.15,1.36
60.6,9.7,59.59,1.15,1.37
60.7,9.7,59.58,1.15,1.38
60.8,9.7,59.57,1.15,1.38
60.9,9.7,59.56,1.15,1.39
61,9.7,59.54,1.15,1.4
61.1,9.7,59.53,1.15,1.4
61.2,9.7,59.51,1.14,1.41
61.3,9.7,59.5,1.14,1.41
61.4,9.7,59.48,1.14,1.42
61.5,9.7,59.46,1.14,1.43
61.6,9.7,59.44,1.14,1.43
61.7,9.7,59.42,1.14,1.44
61.8,9.7,59.4,1.13,1.45
61.9,9.7,59.38,1.13,1.45
62,9.7,59.36,1.13,1.46
62.1,9.7,59.33,1.13,1.47
62.2,9.7,59.31,1.13,1.47
62.3,9.7,59.28,1.13,1.48
62.4,9.7,59.25,1.13,1.49
62.5,9.7,59.22,1.12,1.49
62.6,9.7,59.19,1.12,1.5
62.7,9.7,59.16,1.12,1.51
62.8,9.7,59.13,1.12,1.51
62.9,9.7,59.09,1.12,1.52
63,9.7,59.06,1.12,1.53
63.1,9.7,59.02,1.12,1.53
63.2,9.7,58.98,1.12,1.54
63.3,9.7,58.94,1.11,1.55
63.4,9.7,58.89,1.11,1.55
63.5,9.7,58.85,1.11,1.56
63.6,9.7,58.8,1.11,1.57
63.7,9.7,58.76,1.11,1.57
63.8,9.7,58.71,1.11,1.58
63.9,9.7,58.66,1.11,1.59
64,9.7,58.6,1.11,1.59
64.1,9.7,58.55,1.11,1.6
64.2,9.7,58.49,1.1,1.61
64.3,9.7,58.44,1.1,1.61
64.4,9.7,58.38,1.1,1.62
64.5,9.7,58.31,1.1,1.63
64.6,9.7,58.25,1.1,1.63
64.7,9.7,58.18,1.1,1.64
64.8,9.7,58.12,1.1,1.65
64.9,9.7,58.04,1.1,1.66
65,9.7,57.97,1.1,1.66
65.1,9.7,57.9,1.1,1.67
65.2,9.7,57.82,1.1,1.68
65.3,9.7,57.74,1.09,1.68
65.4,9.7,57.66,1.09,1.69
65.5,9.7,57.58,1.09,1.7
65.6,9.7,57.49,1.09,1.7
65.7,9.7,57.4,1.09,1.71
65.8,9.7,57.31,1.09,1.72
65.9,9.7,57.22,1.09,1.72
66,9.7,57.13,1.09,1.73
66.1,9.7,57.03,1.09,1.74
58,9.8,59.52,1.19,1.2
58.1,9.8,59.52,1.19,1.21
58.2,9.8,59.52,1.19,1.21
58.3,9.8,59.51,1.19,1.22
58.4,9.8,59.51,1.18,1.23
58.5,9.8,59.5,1.18,1.23
58.6,9.8,59.5,1.18,1.24
58.7,9.8,59.5,1.18,1.24
58.8,9.8,59.49,1.18,1.25
58.9,9.8,59.49,1.18,1.26
59,9.8,59.49,1.18,1.26
59.1,9.8,59.48,1.17,1.27
59.2,9.8,59.48,1.17,1.28
59.3,9.8,59.47,1.17,1.28
59.4,9.8,59.47,1.17,1.29
59.5,9.8,59.46,1.17,1.29
59.6,9.8,59.46,1.17,1.3
59.7,9.8,59.45,1.16,1.31
59.8,9.8,59.45,1.16,1.31
59.9,9.8,59.44,1.16,1.32
60,9.8,59.43,1.16,1.32
60.1,9.8,59.42,1.16,1.33
60.2,9.8,59.42,1.16,1.34
60.3,9.8,59.41,1.15,1.34
60.4,9.8,59.4,1.15,1.35
60.5,9.8,59.39,1.15,1.36
60.6,9.8,59.38,1.15,1.36
60.7,9.8,59.37,1.15,1.37
60.8,9.8,59.35,1.15,1.38
60.9,9.8,59.34,1.15,1.38
61,9.8,59.33,1.14,1.39
61.1,9.8,59.31,1.14,1.39
61.2,9.8,59.3,1.14,1.4
61.3,9.8,59.28,1.14,1.41
61.4,9.8,59.27,1.14,1.41
61.5,9.8,59.25,1.14,1.42
61.6,9.8,59.23,1.13,1.43
61.7,9.8,59.21,1.13,1.43
61.8,9.8,59.19,1.13,1.44
61.9,9.8,59.17,1.13,1.45
62,9.8,59.14,1.13,1.45
62.1,9.8,59.12,1.13,1.46
62.2,9.8,59.09,1.13,1.47
62.3,9.8,59.07,1.12,1.47
62.4,9.8,59.04,1.12,1.48
62.5,9.8,59.01,1.12,1.49
62.6,9.8,58.98,1.12,1.49
62.7,9.8,58.95,1.12,1.5
62.8,9.8,58.91,1.12,1.5
62.9,9.8,58.88,1.12,1.51
63,9.8,58.84,1.11,1.52
63.1,9.8,58.8,1.11,1.52
63.2,9.8,58.77,1.11,1.53
63.3,9.8,58.72,1.11,1.54
63.4,9.8,58.68,1.11,1.54
63.5,9.8,58.64,1.11,1.55
63.6,9.8,58.59,1.11,1.56
63.7,9.8,58.55,1.11,1.57
63.8,9.8,58.5,1.1,1.57
63.9,9.8,58.45,1.1,1.58
64,9.8,58.39,1.1,1.59
64.1,9.8,58.34,1.1,1.59
64.2,9.8,58.28,1.1,1.6
64.3,9.8,58.22,1.1,1.61
64.4,9.8,58.16,1.1,1.61
64.5,9.8,58.1,1.1,1.62
64.6,9.8,58.04,1.1,1.63
64.7,9.8,57.97,1.1,1.63
64.8,9.8,57.9,1.09,1.64
64.9,9.8,57.83,1.09,1.65
65,9.8,57.76,1.09,1.65
65.1,9.8,57.69,1.09,1.66
65.2,9.8,57.61,1.09,1.67
65.3,9.8,57.53,1.09,1.67
65.4,9.8,57.45,1.09,1.68
65.5,9.8,57.37,1.09,1.69
65.6,9.8,57.28,1.09,1.7
65.7,9.8,57.19,1.09,1.7
65.8,9.8,57.1,1.09,1.71
65.9,9.8,57.01,1.09,1.72
66,9.8,56.92,1.09,1.72
66.1,9.8,56.82,1.09,1.73
58,9.9,59.31,1.19,1.2
58.1,9.9,59.3,1.19,1.2
58.2,9.9,59.3,1.19,1.21
58.3,9.9,59.3,1.18,1.21
58.4,9.9,59.29,1.18,1.22
58.5,9.9,59.29,1.18,1.23
58.6,9.9,59.29,1.18,1.23
58.7,9.9,59.28,1.18,1.24
58.8,9.9,59.28,1.18,1.24
58.9,9.9,59.28,1.17,1.25
59,9.9,59.27,1.17,1.26
59.1,9.9,59.27,1.17,1.26
59.2,9.9,59.26,1.17,1.27
59.3,9.9,59.26,1.17,1.27
59.4,9.9,59.25,1.17,1.28
59.5,9.9,59.25,1.16,1.29
59.6,9.9,59.24,1.16,1.29
59.7,9.9,59.24,1.16,1.3
59.8,9.9,59.23,1.16,1.3
59.9,9.9,59.22,1.16,1.31
60,9.9,59.22,1.16,1.32
60.1,9.9,59.21,1.15,1.32
60.2,9.9,59.2,1.15,1.33
60.3,9.9,59.19,1.15,1.34
60.4,9.9,59.18,1.15,1.34
60.5,9.9,59.18,1.15,1.35
60.6,9.9,59.16,1.15,1.35
60.7,9.9,59.15,1.14,1.36
60.8,9.9,59.14,1.14,1.37
60.9,9.9,59.13,1.14,1.37
61,9.9,59.12,1.14,1.38
61.1,9.9,59.1,1.14,1.39
61.2,9.9,59.09,1.14,1.39
61.3,9.9,59.07,1.14,1.4
61.4,9.9,59.05,1.13,1.41
61.5,9.9,59.04,1.13,1.41
61.6,9.9,59.02,1.13,1.42
61.7,9.9,59,1.13,1.43
61.8,9.9,58.98,1.13,1.43
61.9,9.9,58.95,1.13,1.44
62,9.9,58.93,1.12,1.44
62.1,9.9,58.91,1.12,1.45
62.2,9.9,58.88,1.12,1.46
62.3,9.9,58.85,1.12,1.46
62.4,9.9,58.83,1.12,1.47
62.5,9.9,58.8,1.12,1.48
62.6,9.9,58.77,1.12,1.48
62.7,9.9,58.74,1.11,1.49
62.8,9.9,58.7,1.11,1.5
62.9,9.9,58.67,1.11,1.5
63,9.9,58.63,1.11,1.51
63.1,9.9,58.59,1.11,1.52
63.2,9.9,58.55,1.11,1.52
63.3,9.9,58.51,1.11,1.53
63.4,9.9,58.47,1.11,1.54
63.5,9.9,58.43,1.1,1.54
63.6,9.9,58.38,1.1,1.55
63.7,9.9,58.34,1.1,1.56
63.8,9.9,58.29,1.1,1.56
63.9,9.9,58.24,1.1,1.57
64,9.9,58.18,1.1,1.58
64.1,9.9,58.13,1.1,1.58
64.2,9.9,58.07,1.1,1.59
64.3,9.9,58.01,1.1,1.6
64.4,9.9,57.95,1.09,1.6
64.5,9.9,57.89,1.09,1.61
64.6,9.9,57.83,1.09,1.62
64.7,9.9,57.76,1.09,1.62
64.8,9.9,57.7,1.09,1.63
64.9,9.9,57.63,1.09,1.64
65,9.9,57.55,1.09,1.65
65.1,9.9,57.48,1.09,1.65
65.2,9.9,57.4,1.09,1.66
65.3,9.9,57.32,1.09,1.67
65.4,9.9,57.24,1.09,1.67
65.5,9.9,57.16,1.08,1.68
65.6,9.9,57.07,1.08,1.69
65.7,9.9,56.99,1.08,1.69
65.8,9.9,56.9,1.08,1.7
65.9,9.9,56.8,1.08,1.71
66,9.9,56.71,1.08,1.71
66.1,9.9,56.61,1.08,1.72
58,10,59.09,1.19,1.19
58.1,10,59.09,1.18,1.19
58.2,10,59.09,1.18,1.2
58.3,10,59.08,1.18,1.21
58.4,10,59.08,1.18,1.21
58.5,10,59.08,1.18,1.22
58.6,10,59.07,1.18,1.22
58.7,10,59.07,1.17,1.23
58.8,10,59.07,1.17,1.24
58.9,10,59.06,1.17,1.24
59,10,59.06,1.17,1.25
59.1,10,59.05,1.17,1.25
59.2,10,59.05,1.17,1.26
59.3,10,59.05,1.16,1.27
59.4,10,59.04,1.16,1.27
59.5,10,59.04,1.16,1.28
59.6,10,59.03,1.16,1.29
59.7,10,59.02,1.16,1.29
59.8,10,59.02,1.16,1.3
59.9,10,59.01,1.15,1.3
60,10,59.01,1.15,1.31
60.1,10,59,1.15,1.32
60.2,10,58.99,1.15,1.32
60.3,10,58.98,1.15,1.33
60.4,10,58.97,1.15,1.33
60.5,10,58.96,1.14,1.34
60.6,10,58.95,1.14,1.35
60.7,10,58.94,1.14,1.35
60.8,10,58.93,1.14,1.36
60.9,10,58.92,1.14,1.37
61,10,58.9,1.14,1.37
61.1,10,58.89,1.14,1.38
61.2,10,58.87,1.13,1.39
61.3,10,58.86,1.13,1.39
61.4,10,58.84,1.13,1.4
61.5,10,58.82,1.13,1.4
61.6,10,58.81,1.13,1.41
61.7,10,58.79,1.13,1.42
61.8,10,58.77,1.12,1.42
61.9,10,58.74,1.12,1.43
62,10,58.72,1.12,1.44
62.1,10,58.7,1.12,1.44
62.2,10,58.67,1.12,1.45
62.3,10,58.64,1.12,1.46
62.4,10,58.62,1.12,1.46
62.5,10,58.59,1.11,1.47
62.6,10,58.56,1.11,1.48
62.7,10,58.53,1.11,1.48
62.8,10,58.49,1.11,1.49
62.9,10,58.46,1.11,1.5
63,10,58.42,1.11,1.5
63.1,10,58.38,1.11,1.51
63.2,10,58.35,1.1,1.52
63.3,10,58.3,1.1,1.52
63.4,10,58.26,1.1,1.53
63.5,10,58.22,1.1,1.54
63.6,10,58.17,1.1,1.54
63.7,10,58.13,1.1,1.55
63.8,10,58.08,1.1,1.56
63.9,10,58.03,1.1,1.56
64,10,57.97,1.09,1.57
64.1,10,57.92,1.09,1.58
64.2,10,57.86,1.09,1.58
64.3,10,57.81,1.09,1.59
64.4,10,57.75,1.09,1.6
64.5,10,57.68,1.09,1.6
64.6,10,57.62,1.09,1.61
64.7,10,57.56,1.09,1.62
64.8,10,57.49,1.09,1.62
64.9,10,57.42,1.08,1.63
65,10,57.35,1.08,1.64
65.1,10,57.27,1.08,1.64
65.2,10,57.2,1.08,1.65
65.3,10,57.12,1.08,1.66
65.4,10,57.04,1.08,1.66
65.5,10,56.95,1.08,1.67
65.6,10,56.87,1.08,1.68
65.7,10,56.78,1.08,1.69
65.8,10,56.69,1.08,1.69
65.9,10,56.6,1.08,1.7
66,10,56.5,1.08,1.71
66.1,10,56.4,1.08,1.71
58,10.1,58.88,1.18,1.18
58.1,10.1,58.88,1.18,1.19
58.2,10.1,58.87,1.18,1.19
58.3,10.1,58.87,1.18,1.2
58.4,10.1,58.87,1.18,1.2
58.5,10.1,58.86,1.18,1.21
58.6,10.1,58.86,1.17,1.22
58.7,10.1,58.86,1.17,1.22
58.8,10.1,58.85,1.17,1.23
58.9,10.1,58.85,1.17,1.24
59,10.1,58.85,1.17,1.24
59.1,10.1,58.84,1.17,1.25
59.2,10.1,58.84,1.16,1.25
59.3,10.1,58.83,1.16,1.26
59.4,10.1,58.83,1.16,1.27
59.5,10.1,58.82,1.16,1.27
59.6,10.1,58.82,1.16,1.28
59.7,10.1,58.81,1.16,1.28
59.8,10.1,58.81,1.15,1.29
59.9,10.1,58.8,1.15,1.3
60,10.1,58.79,1.15,1.3
60.1,10.1,58.79,1.15,1.31
60.2,10.1,58.78,1.15,1.31
60.3,10.1,58.77,1.14,1.32
60.4,10.1,58.76,1.14,1.33
60.5,10.1,58.75,1.14,1.33
60.6,10.1,58.74,1.14,1.34
60.7,10.1,58.73,1.14,1.35
60.8,10.1,58.72,1.14,1.35
60.9,10.1,58.71,1.13,1.36
61,10.1,58.69,1.13,1.37
61.1,10.1,58.68,1.13,1.37
61.2,10.1,58.66,1.13,1.38
61.3,10.1,58.65,1.13,1.38
61.4,10.1,58.63,1.13,1.39
61.5,10.1,58.61,1.13,1.4
61.6,10.1,58.6,1.12,1.4
61.7,10.1,58.58,1.12,1.41
61.8,10.1,58.56,1.12,1.42
61.9,10.1,58.53,1.12,1.42
62,10.1,58.51,1.12,1.43
62.1,10.1,58.49,1.12,1.44
62.2,10.1,58.46,1.11,1.44
62.3,10.1,58.44,1.11,1.45
62.4,10.1,58.41,1.11,1.46
62.5,10.1,58.38,1.11,1.46
62.6,10.1,58.35,1.11,1.47
62.7,10.1,58.32,1.11,1.47
62.8,10.1,58.28,1.11,1.48
62.9,10.1,58.25,1.1,1.49
63,10.1,58.21,1.1,1.49
63.1,10.1,58.18,1.1,1.5
63.2,10.1,58.14,1.1,1.51
63.3,10.1,58.1,1.1,1.51
63.4,10.1,58.05,1.1,1.52
63.5,10.1,58.01,1.1,1.53
63.6,10.1,57.97,1.09,1.53
63.7,10.1,57.92,1.09,1.54
63.8,10.1,57.87,1.09,1.55
63.9,10.1,57.82,1.09,1.55
64,10.1,57.77,1.09,1.56
64.1,10.1,57.71,1.09,1.57
64.2,10.1,57.66,1.09,1.57
64.3,10.1,57.6,1.09,1.58
64.4,10.1,57.54,1.09,1.59
64.5,10.1,57.48,1.08,1.59
64.6,10.1,57.41,1.08,1.6
64.7,10.1,57.35,1.08,1.61
64.8,10.1,57.28,1.08,1.62
64.9,10.1,57.21,1.08,1.62
65,10.1,57.14,1.08,1.63
65.1,10.1,57.07,1.08,1.64
65.2,10.1,56.99,1.08,1.64
65.3,10.1,56.91,1.08,1.65
65.4,10.1,56.83,1.08,1.66
65.5,10.1,56.75,1.08,1.66
65.6,10.1,56.66,1.07,1.67
65.7,10.1,56.57,1.07,1.68
65.8,10.1,56.48,1.07,1.68
65.9,10.1,56.39,1.07,1.69
66,10.1,56.3,1.07,1.7
66.1,10.1,56.2,1.07,1.71
58,10.2,58.67,1.18,1.17
58.1,10.2,58.67,1.18,1.18
58.2,10.2,58.66,1.18,1.19
58.3,10.2,58.66,1.18,1.19
58.4,10.2,58.66,1.17,1.2
58.5,10.2,58.65,1.17,1.2
58.6,10.2,58.65,1.17,1.21
58.7,10.2,58.65,1.17,1.22
58.8,10.2,58.64,1.17,1.22
58.9,10.2,58.64,1.17,1.23
59,10.2,58.64,1.16,1.23
59.1,10.2,58.63,1.16,1.24
59.2,10.2,58.63,1.16,1.25
59.3,10.2,58.62,1.16,1.25
59.4,10.2,58.62,1.16,1.26
59.5,10.2,58.61,1.16,1.26
59.6,10.2,58.61,1.15,1.27
59.7,10.2,58.6,1.15,1.28
59.8,10.2,58.6,1.15,1.28
59.9,10.2,58.59,1.15,1.29
60,10.2,58.59,1.15,1.3
60.1,10.2,58.58,1.15,1.3
60.2,10.2,58.57,1.14,1.31
60.3,10.2,58.56,1.14,1.31
60.4,10.2,58.55,1.14,1.32
60.5,10.2,58.54,1.14,1.33
60.6,10.2,58.53,1.14,1.33
60.7,10.2,58.52,1.13,1.34
60.8,10.2,58.51,1.13,1.35
60.9,10.2,58.5,1.13,1.35
61,10.2,58.49,1.13,1.36
61.1,10.2,58.47,1.13,1.36
61.2,10.2,58.46,1.13,1.37
61.3,10.2,58.44,1.12,1.38
61.4,10.2,58.42,1.12,1.38
61.5,10.2,58.41,1.12,1.39
61.6,10.2,58.39,1.12,1.4
61.7,10.2,58.37,1.12,1.4
61.8,10.2,58.35,1.12,1.41
61.9,10.2,58.33,1.11,1.41
62,10.2,58.3,1.11,1.42
62.1,10.2,58.28,1.11,1.43
62.2,10.2,58.25,1.11,1.43
62.3,10.2,58.23,1.11,1.44
62.4,10.2,58.2,1.11,1.45
62.5,10.2,58.17,1.11,1.45
62.6,10.2,58.14,1.1,1.46
62.7,10.2,58.11,1.1,1.47
62.8,10.2,58.08,1.1,1.47
62.9,10.2,58.04,1.1,1.48
63,10.2,58.01,1.1,1.49
63.1,10.2,57.97,1.1,1.49
63.2,10.2,57.93,1.1,1.5
63.3,10.2,57.89,1.09,1.51
63.4,10.2,57.85,1.09,1.51
63.5,10.2,57.8,1.09,1.52
63.6,10.2,57.76,1.09,1.53
63.7,10.2,57.71,1.09,1.53
63.8,10.2,57.66,1.09,1.54
63.9,10.2,57.61,1.09,1.55
64,10.2,57.56,1.09,1.55
64.1,10.2,57.51,1.08,1.56
64.2,10.2,57.45,1.08,1.57
64.3,10.2,57.39,1.08,1.57
64.4,10.2,57.33,1.08,1.58
64.5,10.2,57.27,1.08,1.59
64.6,10.2,57.21,1.08,1.59
64.7,10.2,57.14,1.08,1.6
64.8,10.2,57.08,1.08,1.61
64.9,10.2,57.01,1.08,1.61
65,10.2,56.93,1.08,1.62
65.1,10.2,56.86,1.07,1.63
65.2,10.2,56.78,1.07,1.63
65.3,10.2,56.71,1.07,1.64
65.4,10.2,56.63,1.07,1.65
65.5,10.2,56.54,1.07,1.65
65.6,10.2,56.46,1.07,1.66
65.7,10.2,56.37,1.07,1.67
65.8,10.2,56.28,1.07,1.68
65.9,10.2,56.19,1.07,1.68
66,10.2,56.09,1.07,1.69
66.1,10.2,56,1.07,1.7
58,10.3,58.46,1.18,1.17
58.1,10.3,58.46,1.18,1.17
58.2,10.3,58.45,1.18,1.18
58.3,10.3,58.45,1.17,1.18
58.4,10.3,58.45,1.17,1.19
58.5,10.3,58.44,1.17,1.2
58.6,10.3,58.44,1.17,1.2
58.7,10.3,58.44,1.17,1.21
58.8,10.3,58.43,1.16,1.21
58.9,10.3,58.43,1.16,1.22
59,10.3,58.43,1.16,1.23
59.1,10.3,58.42,1.16,1.23
59.2,10.3,58.42,1.16,1.24
59.3,10.3,58.42,1.16,1.24
59.4,10.3,58.41,1.15,1.25
59.5,10.3,58.41,1.15,1.26
59.6,10.3,58.4,1.15,1.26
59.7,10.3,58.4,1.15,1.27
59.8,10.3,58.39,1.15,1.28
59.9,10.3,58.38,1.15,1.28
60,10.3,58.38,1.14,1.29
60.1,10.3,58.37,1.14,1.29
60.2,10.3,58.36,1.14,1.3
60.3,10.3,58.35,1.14,1.31
60.4,10.3,58.35,1.14,1.31
60.5,10.3,58.34,1.13,1.32
60.6,10.3,58.33,1.13,1.33
60.7,10.3,58.31,1.13,1.33
60.8,10.3,58.3,1.13,1.34
60.9,10.3,58.29,1.13,1.34
61,10.3,58.28,1.13,1.35
61.1,10.3,58.26,1.12,1.36
61.2,10.3,58.25,1.12,1.36
61.3,10.3,58.23,1.12,1.37
61.4,10.3,58.22,1.12,1.38
61.5,10.3,58.2,1.12,1.38
61.6,10.3,58.18,1.12,1.39
61.7,10.3,58.16,1.11,1.39
61.8,10.3,58.14,1.11,1.4
61.9,10.3,58.12,1.11,1.41
62,10.3,58.1,1.11,1.41
62.1,10.3,58.07,1.11,1.42
62.2,10.3,58.05,1.11,1.43
62.3,10.3,58.02,1.1,1.43
62.4,10.3,57.99,1.1,1.44
62.5,10.3,57.97,1.1,1.45
62.6,10.3,57.94,1.1,1.45
62.7,10.3,57.9,1.1,1.46
62.8,10.3,57.87,1.1,1.47
62.9,10.3,57.84,1.1,1.47
63,10.3,57.8,1.09,1.48
63.1,10.3,57.76,1.09,1.49
63.2,10.3,57.73,1.09,1.49
63.3,10.3,57.68,1.09,1.5
63.4,10.3,57.64,1.09,1.51
63.5,10.3,57.6,1.09,1.51
63.6,10.3,57.55,1.09,1.52
63.7,10.3,57.51,1.08,1.52
63.8,10.3,57.46,1.08,1.53
63.9,10.3,57.41,1.08,1.54
64,10.3,57.36,1.08,1.54
64.1,10.3,57.3,1.08,1.55
64.2,10.3,57.25,1.08,1.56
64.3,10.3,57.19,1.08,1.57
64.4,10.3,57.13,1.08,1.57
64.5,10.3,57.07,1.08,1.58
64.6,10.3,57.01,1.07,1.59
64.7,10.3,56.94,1.07,1.59
64.8,10.3,56.87,1.07,1.6
64.9,10.3,56.8,1.07,1.61
65,10.3,56.73,1.07,1.61
65.1,10.3,56.66,1.07,1.62
65.2,10.3,56.58,1.07,1.63
65.3,10.3,56.5,1.07,1.63
65.4,10.3,56.42,1.07,1.64
65.5,10.3,56.34,1.07,1.65
65.6,10.3,56.26,1.07,1.65
65.7,10.3,56.17,1.07,1.66
65.8,10.3,56.08,1.06,1.67
65.9,10.3,55.99,1.06,1.67
66,10.3,55.89,1.06,1.68
66.1,10.3,55.79,1.06,1.69
58,10.4,58.25,1.18,1.16
58.1,10.4,58.25,1.17,1.17
58.2,10.4,58.25,1.17,1.17
58.3,10.4,58.24,1.17,1.18
58.4,10.4,58.24,1.17,1.18
58.5,10.4,58.24,1.17,1.19
58.6,10.4,58.23,1.17,1.2
58.7,10.4,58.23,1.16,1.2
58.8,10.4,58.23,1.16,1.21
58.9,10.4,58.22,1.16,1.21
59,10.4,58.22,1.16,1.22
59.1,10.4,58.22,1.16,1.23
59.2,10.4,58.21,1.15,1.23
59.3,10.4,58.21,1.15,1.24
59.4,10.4,58.2,1.15,1.24
59.5,10.4,58.2,1.15,1.25
59.6,10.4,58.19,1.15,1.26
59.7,10.4,58.19,1.15,1.26
59.8,10.4,58.18,1.14,1.27
59.9,10.4,58.18,1.14,1.27
60,10.4,58.17,1.14,1.28
60.1,10.4,58.16,1.14,1.29
60.2,10.4,58.16,1.14,1.29
60.3,10.4,58.15,1.13,1.3
60.4,10.4,58.14,1.13,1.31
60.5,10.4,58.13,1.13,1.31
60.6,10.4,58.12,1.13,1.32
60.7,10.4,58.11,1.13,1.32
60.8,10.4,58.1,1.13,1.33
60.9,10.4,58.08,1.12,1.34
61,10.4,58.07,1.12,1.34
61.1,10.4,58.06,1.12,1.35
61.2,10.4,58.04,1.12,1.36
61.3,10.4,58.03,1.12,1.36
61.4,10.4,58.01,1.12,1.37
61.5,10.4,57.99,1.11,1.37
61.6,10.4,57.98,1.11,1.38
61.7,10.4,57.96,1.11,1.39
61.8,10.4,57.94,1.11,1.39
61.9,10.4,57.91,1.11,1.4
62,10.4,57.89,1.11,1.41
62.1,10.4,57.87,1.1,1.41
62.2,10.4,57.84,1.1,1.42
62.3,10.4,57.82,1.1,1.43
62.4,10.4,57.79,1.1,1.43
62.5,10.4,57.76,1.1,1.44
62.6,10.4,57.73,1.1,1.44
62.7,10.4,57.7,1.09,1.45
62.8,10.4,57.67,1.09,1.46
62.9,10.4,57.63,1.09,1.46
63,10.4,57.6,1.09,1.47
63.1,10.4,57.56,1.09,1.48
63.2,10.4,57.52,1.09,1.48
63.3,10.4,57.48,1.09,1.49
63.4,10.4,57.44,1.08,1.5
63.5,10.4,57.4,1.08,1.5
63.6,10.4,57.35,1.08,1.51
63.7,10.4,57.3,1.08,1.52
63.8,10.4,57.26,1.08,1.52
63.9,10.4,57.21,1.08,1.53
64,10.4,57.15,1.08,1.54
64.1,10.4,57.1,1.08,1.54
64.2,10.4,57.04,1.07,1.55
64.3,10.4,56.99,1.07,1.56
64.4,10.4,56.93,1.07,1.56
64.5,10.4,56.87,1.07,1.57
64.6,10.4,56.8,1.07,1.58
64.7,10.4,56.74,1.07,1.58
64.8,10.4,56.67,1.07,1.59
64.9,10.4,56.6,1.07,1.6
65,10.4,56.53,1.07,1.6
65.1,10.4,56.46,1.07,1.61
65.2,10.4,56.38,1.06,1.62
65.3,10.4,56.3,1.06,1.62
65.4,10.4,56.22,1.06,1.63
65.5,10.4,56.14,1.06,1.64
65.6,10.4,56.05,1.06,1.65
65.7,10.4,55.97,1.06,1.65
65.8,10.4,55.88,1.06,1.66
65.9,10.4,55.79,1.06,1.67
66,10.4,55.69,1.06,1.67
66.1,10.4,55.59,1.06,1.68
58,10.5,58.05,1.17,1.15
58.1,10.5,58.04,1.17,1.16
58.2,10.5,58.04,1.17,1.17
58.3,10.5,58.04,1.17,1.17
58.4,10.5,58.03,1.17,1.18
58.5,10.5,58.03,1.16,1.18
58.6,10.5,58.03,1.16,1.19
58.7,10.5,58.02,1.16,1.19
58.8,10.5,58.02,1.16,1.2
58.9,10.5,58.02,1.16,1.21
59,10.5,58.01,1.16,1.21
59.1,10.5,58.01,1.15,1.22
59.2,10.5,58.01,1.15,1.22
59.3,10.5,58,1.15,1.23
59.4,10.5,58,1.15,1.24
59.5,10.5,57.99,1.15,1.24
59.6,10.5,57.99,1.14,1.25
59.7,10.5,57.98,1.14,1.25
59.8,10.5,57.98,1.14,1.26
59.9,10.5,57.97,1.14,1.27
60,10.5,57.97,1.14,1.27
60.1,10.5,57.96,1.14,1.28
60.2,10.5,57.95,1.13,1.29
60.3,10.5,57.94,1.13,1.29
60.4,10.5,57.93,1.13,1.3
60.5,10.5,57.92,1.13,1.3
60.6,10.5,57.91,1.13,1.31
60.7,10.5,57.9,1.12,1.32
60.8,10.5,57.89,1.12,1.32
60.9,10.5,57.88,1.12,1.33
61,10.5,57.87,1.12,1.34
61.1,10.5,57.85,1.12,1.34
61.2,10.5,57.84,1.12,1.35
61.3,10.5,57.82,1.11,1.35
61.4,10.5,57.81,1.11,1.36
61.5,10.5,57.79,1.11,1.37
61.6,10.5,57.77,1.11,1.37
61.7,10.5,57.75,1.11,1.38
61.8,10.5,57.73,1.1,1.39
61.9,10.5,57.71,1.1,1.39
62,10.5,57.69,1.1,1.4
62.1,10.5,57.66,1.1,1.4
62.2,10.5,57.64,1.1,1.41
62.3,10.5,57.61,1.1,1.42
62.4,10.5,57.59,1.1,1.42
62.5,10.5,57.56,1.09,1.43
62.6,10.5,57.53,1.09,1.44
62.7,10.5,57.5,1.09,1.44
62.8,10.5,57.46,1.09,1.45
62.9,10.5,57.43,1.09,1.46
63,10.5,57.39,1.09,1.46
63.1,10.5,57.36,1.08,1.47
63.2,10.5,57.32,1.08,1.48
63.3,10.5,57.28,1.08,1.48
63.4,10.5,57.24,1.08,1.49
63.5,10.5,57.19,1.08,1.5
63.6,10.5,57.15,1.08,1.5
63.7,10.5,57.1,1.08,1.51
63.8,10.5,57.05,1.07,1.52
63.9,10.5,57,1.07,1.52
64,10.5,56.95,1.07,1.53
64.1,10.5,56.9,1.07,1.54
64.2,10.5,56.84,1.07,1.54
64.3,10.5,56.79,1.07,1.55
64.4,10.5,56.73,1.07,1.56
64.5,10.5,56.67,1.07,1.56
64.6,10.5,56.6,1.07,1.57
64.7,10.5,56.54,1.06,1.58
64.8,10.5,56.47,1.06,1.58
64.9,10.5,56.4,1.06,1.59
65,10.5,56.33,1.06,1.6
65.1,10.5,56.26,1.06,1.6
65.2,10.5,56.18,1.06,1.61
65.3,10.5,56.1,1.06,1.62
65.4,10.5,56.02,1.06,1.62
65.5,10.5,55.94,1.06,1.63
65.6,10.5,55.86,1.06,1.64
65.7,10.5,55.77,1.06,1.64
65.8,10.5,55.68,1.05,1.65
65.9,10.5,55.59,1.05,1.66
66,10.5,55.49,1.05,1.66
66.1,10.5,55.4,1.05,1.67
58,10.6,57.84,1.17,1.15
58.1,10.6,57.84,1.17,1.15
58.2,10.6,57.84,1.17,1.16
58.3,10.6,57.83,1.16,1.16
58.4,10.6,57.83,1.16,1.17
58.5,10.6,57.83,1.16,1.18
58.6,10.6,57.82,1.16,1.18
58.7,10.6,57.82,1.16,1.19
58.8,10.6,57.82,1.16,1.19
58.9,10.6,57.81,1.15,1.2
59,10.6,57.81,1.15,1.21
59.1,10.6,57.81,1.15,1.21
59.2,10.6,57.8,1.15,1.22
59.3,10.6,57.8,1.15,1.22
59.4,10.6,57.79,1.14,1.23
59.5,10.6,57.79,1.14,1.24
59.6,10.6,57.78,1.14,1.24
59.7,10.6,57.78,1.14,1.25
59.8,10.6,57.77,1.14,1.25
59.9,10.6,57.77,1.14,1.26
60,10.6,57.76,1.13,1.27
60.1,10.6,57.75,1.13,1.27
60.2,10.6,57.75,1.13,1.28
60.3,10.6,57.74,1.13,1.28
60.4,10.6,57.73,1.13,1.29
60.5,10.6,57.72,1.12,1.3
60.6,10.6,57.71,1.12,1.3
60.7,10.6,57.7,1.12,1.31
60.8,10.6,57.69,1.12,1.32
60.9,10.6,57.68,1.12,1.32
61,10.6,57.66,1.12,1.33
61.1,10.6,57.65,1.11,1.33
61.2,10.6,57.64,1.11,1.34
61.3,10.6,57.62,1.11,1.35
61.4,10.6,57.61,1.11,1.35
61.5,10.6,57.59,1.11,1.36
61.6,10.6,57.57,1.1,1.37
61.7,10.6,57.55,1.1,1.37
61.8,10.6,57.53,1.1,1.38
61.9,10.6,57.51,1.1,1.38
62,10.6,57.49,1.1,1.39
62.1,10.6,57.46,1.1,1.4
62.2,10.6,57.44,1.09,1.4
62.3,10.6,57.41,1.09,1.41
62.4,10.6,57.38,1.09,1.42
62.5,10.6,57.36,1.09,1.42
62.6,10.6,57.33,1.09,1.43
62.7,10.6,57.3,1.09,1.44
62.8,10.6,57.26,1.08,1.44
62.9,10.6,57.23,1.08,1.45
63,10.6,57.19,1.08,1.46
63.1,10.6,57.16,1.08,1.46
63.2,10.6,57.12,1.08,1.47
63.3,10.6,57.08,1.08,1.47
63.4,10.6,57.04,1.08,1.48
63.5,10.6,56.99,1.07,1.49
63.6,10.6,56.95,1.07,1.49
63.7,10.6,56.9,1.07,1.5
63.8,10.6,56.85,1.07,1.51
63.9,10.6,56.8,1.07,1.51
64,10.6,56.75,1.07,1.52
64.1,10.6,56.7,1.07,1.53
64.2,10.6,56.64,1.07,1.53
64.3,10.6,56.59,1.06,1.54
64.4,10.6,56.53,1.06,1.55
64.5,10.6,56.47,1.06,1.55
64.6,10.6,56.4,1.06,1.56
64.7,10.6,56.34,1.06,1.57
64.8,10.6,56.27,1.06,1.57
64.9,10.6,56.2,1.06,1.58
65,10.6,56.13,1.06,1.59
65.1,10.6,56.06,1.06,1.59
65.2,10.6,55.98,1.05,1.6
65.3,10.6,55.9,1.05,1.61
65.4,10.6,55.82,1.05,1.62
65.5,10.6,55.74,1.05,1.62
65.6,10.6,55.66,1.05,1.63
65.7,10.6,55.57,1.05,1.64
65.8,10.6,55.48,1.05,1.64
65.9,10.6,55.39,1.05,1.65
66,10.6,55.29,1.05,1.66
66.1,10.6,55.2,1.05,1.66
58,10.7,57.64,1.17,1.14
58.1,10.7,57.64,1.17,1.15
58.2,10.7,57.63,1.16,1.15
58.3,10.7,57.63,1.16,1.16
58.4,10.7,57.63,1.16,1.16
58.5,10.7,57.62,1.16,1.17
58.6,10.7,57.62,1.16,1.17
58.7,10.7,57.62,1.15,1.18
58.8,10.7,57.61,1.15,1.19
58.9,10.7,57.61,1.15,1.19
59,10.7,57.61,1.15,1.2
59.1,10.7,57.6,1.15,1.2
59.2,10.7,57.6,1.15,1.21
59.3,10.7,57.6,1.14,1.22
59.4,10.7,57.59,1.14,1.22
59.5,10.7,57.59,1.14,1.23
59.6,10.7,57.58,1.14,1.23
59.7,10.7,57.58,1.14,1.24
59.8,10.7,57.57,1.13,1.25
59.9,10.7,57.57,1.13,1.25
60,10.7,57.56,1.13,1.26
60.1,10.7,57.55,1.13,1.27
60.2,10.7,57.54,1.13,1.27
60.3,10.7,57.54,1.12,1.28
60.4,10.7,57.53,1.12,1.28
60.5,10.7,57.52,1.12,1.29
60.6,10.7,57.51,1.12,1.3
60.7,10.7,57.5,1.12,1.3
60.8,10.7,57.49,1.11,1.31
60.9,10.7,57.48,1.11,1.31
61,10.7,57.46,1.11,1.32
61.1,10.7,57.45,1.11,1.33
61.2,10.7,57.44,1.11,1.33
61.3,10.7,57.42,1.11,1.34
61.4,10.7,57.4,1.1,1.35
61.5,10.7,57.39,1.1,1.35
61.6,10.7,57.37,1.1,1.36
61.7,10.7,57.35,1.1,1.36
61.8,10.7,57.33,1.1,1.37
61.9,10.7,57.31,1.1,1.38
62,10.7,57.29,1.09,1.38
62.1,10.7,57.26,1.09,1.39
62.2,10.7,57.24,1.09,1.4
62.3,10.7,57.21,1.09,1.4
62.4,10.7,57.18,1.09,1.41
62.5,10.7,57.16,1.08,1.42
62.6,10.7,57.13,1.08,1.42
62.7,10.7,57.1,1.08,1.43
62.8,10.7,57.06,1.08,1.43
62.9,10.7,57.03,1.08,1.44
63,10.7,56.99,1.08,1.45
63.1,10.7,56.96,1.08,1.45
63.2,10.7,56.92,1.07,1.46
63.3,10.7,56.88,1.07,1.47
63.4,10.7,56.84,1.07,1.47
63.5,10.7,56.79,1.07,1.48
63.6,10.7,56.75,1.07,1.49
63.7,10.7,56.7,1.07,1.49
63.8,10.7,56.66,1.07,1.5
63.9,10.7,56.61,1.06,1.51
64,10.7,56.55,1.06,1.51
64.1,10.7,56.5,1.06,1.52
64.2,10.7,56.45,1.06,1.53
64.3,10.7,56.39,1.06,1.53
64.4,10.7,56.33,1.06,1.54
64.5,10.7,56.27,1.06,1.55
64.6,10.7,56.21,1.06,1.55
64.7,10.7,56.14,1.05,1.56
64.8,10.7,56.07,1.05,1.57
64.9,10.7,56,1.05,1.57
65,10.7,55.93,1.05,1.58
65.1,10.7,55.86,1.05,1.59
65.2,10.7,55.78,1.05,1.59
65.3,10.7,55.71,1.05,1.6
65.4,10.7,55.63,1.05,1.61
65.5,10.7,55.54,1.05,1.61
65.6,10.7,55.46,1.05,1.62
65.7,10.7,55.37,1.05,1.63
65.8,10.7,55.28,1.05,1.63
65.9,10.7,55.19,1.04,1.64
66,10.7,55.1,1.04,1.65
66.1,10.7,55,1.04,1.66
58,10.8,57.44,1.16,1.13
58.1,10.8,57.43,1.16,1.14
58.2,10.8,57.43,1.16,1.14
58.3,10.8,57.43,1.16,1.15
58.4,10.8,57.42,1.16,1.16
58.5,10.8,57.42,1.16,1.16
58.6,10.8,57.42,1.15,1.17
58.7,10.8,57.41,1.15,1.17
58.8,10.8,57.41,1.15,1.18
58.9,10.8,57.41,1.15,1.19
59,10.8,57.41,1.15,1.19
59.1,10.8,57.4,1.14,1.2
59.2,10.8,57.4,1.14,1.2
59.3,10.8,57.39,1.14,1.21
59.4,10.8,57.39,1.14,1.22
59.5,10.8,57.39,1.14,1.22
59.6,10.8,57.38,1.13,1.23
59.7,10.8,57.38,1.13,1.23
59.8,10.8,57.37,1.13,1.24
59.9,10.8,57.36,1.13,1.25
60,10.8,57.36,1.13,1.25
60.1,10.8,57.35,1.12,1.26
60.2,10.8,57.34,1.12,1.26
60.3,10.8,57.34,1.12,1.27
60.4,10.8,57.33,1.12,1.28
60.5,10.8,57.32,1.12,1.28
60.6,10.8,57.31,1.11,1.29
60.7,10.8,57.3,1.11,1.29
60.8,10.8,57.29,1.11,1.3
60.9,10.8,57.28,1.11,1.31
61,10.8,57.26,1.11,1.31
61.1,10.8,57.25,1.11,1.32
61.2,10.8,57.24,1.1,1.33
61.3,10.8,57.22,1.1,1.33
61.4,10.8,57.2,1.1,1.34
61.5,10.8,57.19,1.1,1.34
61.6,10.8,57.17,1.1,1.35
61.7,10.8,57.15,1.09,1.36
61.8,10.8,57.13,1.09,1.36
61.9,10.8,57.11,1.09,1.37
62,10.8,57.09,1.09,1.38
62.1,10.8,57.06,1.09,1.38
62.2,10.8,57.04,1.09,1.39
62.3,10.8,57.01,1.08,1.4
62.4,10.8,56.99,1.08,1.4
62.5,10.8,56.96,1.08,1.41
62.6,10.8,56.93,1.08,1.41
62.7,10.8,56.9,1.08,1.42
62.8,10.8,56.86,1.08,1.43
62.9,10.8,56.83,1.07,1.43
63,10.8,56.8,1.07,1.44
63.1,10.8,56.76,1.07,1.45
63.2,10.8,56.72,1.07,1.45
63.3,10.8,56.68,1.07,1.46
63.4,10.8,56.64,1.07,1.47
63.5,10.8,56.6,1.07,1.47
63.6,10.8,56.55,1.06,1.48
63.7,10.8,56.51,1.06,1.49
63.8,10.8,56.46,1.06,1.49
63.9,10.8,56.41,1.06,1.5
64,10.8,56.36,1.06,1.51
64.1,10.8,56.3,1.06,1.51
64.2,10.8,56.25,1.06,1.52
64.3,10.8,56.19,1.05,1.53
64.4,10.8,56.13,1.05,1.53
64.5,10.8,56.07,1.05,1.54
64.6,10.8,56.01,1.05,1.55
64.7,10.8,55.94,1.05,1.55
64.8,10.8,55.88,1.05,1.56
64.9,10.8,55.81,1.05,1.57
65,10.8,55.74,1.05,1.57
65.1,10.8,55.66,1.05,1.58
65.2,10.8,55.59,1.05,1.59
65.3,10.8,55.51,1.04,1.59
65.4,10.8,55.43,1.04,1.6
65.5,10.8,55.35,1.04,1.61
65.6,10.8,55.27,1.04,1.61
65.7,10.8,55.18,1.04,1.62
65.8,10.8,55.09,1.04,1.63
65.9,10.8,55,1.04,1.63
66,10.8,54.9,1.04,1.64
66.1,10.8,54.81,1.04,1.65
58,10.9,57.24,1.16,1.13
58.1,10.9,57.23,1.16,1.13
58.2,10.9,57.23,1.16,1.14
58.3,10.9,57.23,1.16,1.14
58.4,10.9,57.22,1.15,1.15
58.5,10.9,57.22,1.15,1.16
58.6,10.9,57.22,1.15,1.16
58.7,10.9,57.21,1.15,1.17
58.8,10.9,57.21,1.15,1.17
58.9,10.9,57.21,1.14,1.18
59,10.9,57.21,1.14,1.18
59.1,10.9,57.2,1.14,1.19
59.2,10.9,57.2,1.14,1.2
59.3,10.9,57.19,1.14,1.2
59.4,10.9,57.19,1.13,1.21
59.5,10.9,57.19,1.13,1.21
59.6,10.9,57.18,1.13,1.22
59.7,10.9,57.18,1.13,1.23
59.8,10.9,57.17,1.13,1.23
59.9,10.9,57.17,1.12,1.24
60,10.9,57.16,1.12,1.24
60.1,10.9,57.15,1.12,1.25
60.2,10.9,57.14,1.12,1.26
60.3,10.9,57.14,1.12,1.26
60.4,10.9,57.13,1.11,1.27
60.5,10.9,57.12,1.11,1.28
60.6,10.9,57.11,1.11,1.28
60.7,10.9,57.1,1.11,1.29
60.8,10.9,57.09,1.11,1.29
60.9,10.9,57.08,1.11,1.3
61,10.9,57.06,1.1,1.31
61.1,10.9,57.05,1.1,1.31
61.2,10.9,57.04,1.1,1.32
61.3,10.9,57.02,1.1,1.32
61.4,10.9,57.01,1.1,1.33
61.5,10.9,56.99,1.09,1.34
61.6,10.9,56.97,1.09,1.34
61.7,10.9,56.95,1.09,1.35
61.8,10.9,56.93,1.09,1.36
61.9,10.9,56.91,1.09,1.36
62,10.9,56.89,1.08,1.37
62.1,10.9,56.87,1.08,1.37
62.2,10.9,56.84,1.08,1.38
62.3,10.9,56.82,1.08,1.39
62.4,10.9,56.79,1.08,1.39
62.5,10.9,56.76,1.08,1.4
62.6,10.9,56.73,1.07,1.41
62.7,10.9,56.7,1.07,1.41
62.8,10.9,56.67,1.07,1.42
62.9,10.9,56.63,1.07,1.43
63,10.9,56.6,1.07,1.43
63.1,10.9,56.56,1.07,1.44
63.2,10.9,56.52,1.06,1.45
63.3,10.9,56.48,1.06,1.45
63.4,10.9,56.44,1.06,1.46
63.5,10.9,56.4,1.06,1.46
63.6,10.9,56.36,1.06,1.47
63.7,10.9,56.31,1.06,1.48
63.8,10.9,56.26,1.06,1.48
63.9,10.9,56.21,1.05,1.49
64,10.9,56.16,1.05,1.5
64.1,10.9,56.11,1.05,1.5
64.2,10.9,56.05,1.05,1.51
64.3,10.9,56,1.05,1.52
64.4,10.9,55.94,1.05,1.52
64.5,10.9,55.88,1.05,1.53
64.6,10.9,55.81,1.05,1.54
64.7,10.9,55.75,1.05,1.54
64.8,10.9,55.68,1.04,1.55
64.9,10.9,55.61,1.04,1.56
65,10.9,55.54,1.04,1.56
65.1,10.9,55.47,1.04,1.57
65.2,10.9,55.39,1.04,1.58
65.3,10.9,55.32,1.04,1.58
65.4,10.9,55.24,1.04,1.59
65.5,10.9,55.16,1.04,1.6
65.6,10.9,55.07,1.04,1.6
65.7,10.9,54.98,1.04,1.61
65.8,10.9,54.9,1.04,1.62
65.9,10.9,54.8,1.03,1.63
66,10.9,54.71,1.03,1.63
66.1,10.9,54.61,1.03,1.64
58,11,57.04,1.16,1.12
58.1,11,57.03,1.16,1.13
58.2,11,57.03,1.15,1.13
58.3,11,57.03,1.15,1.14
58.4,11,57.02,1.15,1.14
58.5,11,57.02,1.15,1.15
58.6,11,57.02,1.15,1.15
58.7,11,57.02,1.15,1.16
58.8,11,57.01,1.14,1.17
58.9,11,57.01,1.14,1.17
59,11,57.01,1.14,1.18
59.1,11,57,1.14,1.18
59.2,11,57,1.14,1.19
59.3,11,57,1.13,1.2
59.4,11,56.99,1.13,1.2
59.5,11,56.99,1.13,1.21
59.6,11,56.98,1.13,1.21
59.7,11,56.98,1.13,1.22
59.8,11,56.97,1.12,1.23
59.9,11,56.97,1.12,1.23
60,11,56.96,1.12,1.24
60.1,11,56.95,1.12,1.24
60.2,11,56.95,1.12,1.25
60.3,11,56.94,1.11,1.26
60.4,11,56.93,1.11,1.26
60.5,11,56.92,1.11,1.27
60.6,11,56.91,1.11,1.27
60.7,11,56.9,1.11,1.28
60.8,11,56.89,1.1,1.29
60.9,11,56.88,1.1,1.29
61,11,56.87,1.1,1.3
61.1,11,56.85,1.1,1.3
61.2,11,56.84,1.1,1.31
61.3,11,56.83,1.09,1.32
61.4,11,56.81,1.09,1.32
61.5,11,56.79,1.09,1.33
61.6,11,56.77,1.09,1.34
61.7,11,56.76,1.09,1.34
61.8,11,56.74,1.08,1.35
61.9,11,56.71,1.08,1.35
62,11,56.69,1.08,1.36
62.1,11,56.67,1.08,1.37
62.2,11,56.65,1.08,1.37
62.3,11,56.62,1.08,1.38
62.4,11,56.59,1.07,1.39
62.5,11,56.56,1.07,1.39
62.6,11,56.54,1.07,1.4
62.7,11,56.5,1.07,1.41
62.8,11,56.47,1.07,1.41
62.9,11,56.44,1.07,1.42
63,11,56.4,1.06,1.42
63.1,11,56.37,1.06,1.43
63.2,11,56.33,1.06,1.44
63.3,11,56.29,1.06,1.44
63.4,11,56.25,1.06,1.45
63.5,11,56.21,1.06,1.46
63.6,11,56.16,1.05,1.46
63.7,11,56.12,1.05,1.47
63.8,11,56.07,1.05,1.48
63.9,11,56.02,1.05,1.48
64,11,55.97,1.05,1.49
64.1,11,55.91,1.05,1.5
64.2,11,55.86,1.05,1.5
64.3,11,55.8,1.04,1.51
64.4,11,55.74,1.04,1.52
64.5,11,55.68,1.04,1.52
64.6,11,55.62,1.04,1.53
64.7,11,55.56,1.04,1.54
64.8,11,55.49,1.04,1.54
64.9,11,55.42,1.04,1.55
65,11,55.35,1.04,1.56
65.1,11,55.28,1.04,1.56
65.2,11,55.2,1.03,1.57
65.3,11,55.12,1.03,1.58
65.4,11,55.04,1.03,1.58
65.5,11,54.96,1.03,1.59
65.6,11,54.88,1.03,1.6
65.7,11,54.79,1.03,1.6
65.8,11,54.7,1.03,1.61
65.9,11,54.61,1.03,1.62
66,11,54.52,1.03,1.62
66.1,11,54.42,1.03,1.63
58,11.1,56.84,1.16,1.11
58.1,11.1,56.84,1.15,1.12
58.2,11.1,56.83,1.15,1.12
58.3,11.1,56.83,1.15,1.13
58.4,11.1,56.83,1.15,1.14
58.5,11.1,56.82,1.15,1.14
58.6,11.1,56.82,1.14,1.15
58.7,11.1,56.82,1.14,1.15
58.8,11.1,56.82,1.14,1.16
58.9,11.1,56.81,1.14,1.17
59,11.1,56.81,1.14,1.17
59.1,11.1,56.81,1.13,1.18
59.2,11.1,56.8,1.13,1.18
59.3,11.1,56.8,1.13,1.19
59.4,11.1,56.79,1.13,1.19
59.5,11.1,56.79,1.13,1.2
59.6,11.1,56.79,1.12,1.21
59.7,11.1,56.78,1.12,1.21
59.8,11.1,56.78,1.12,1.22
59.9,11.1,56.77,1.12,1.22
60,11.1,56.76,1.12,1.23
60.1,11.1,56.76,1.11,1.24
60.2,11.1,56.75,1.11,1.24
60.3,11.1,56.74,1.11,1.25
60.4,11.1,56.73,1.11,1.25
60.5,11.1,56.73,1.11,1.26
60.6,11.1,56.72,1.1,1.27
60.7,11.1,56.71,1.1,1.27
60.8,11.1,56.7,1.1,1.28
60.9,11.1,56.68,1.1,1.29
61,11.1,56.67,1.1,1.29
61.1,11.1,56.66,1.09,1.3
61.2,11.1,56.64,1.09,1.3
61.3,11.1,56.63,1.09,1.31
61.4,11.1,56.61,1.09,1.32
61.5,11.1,56.6,1.09,1.32
61.6,11.1,56.58,1.08,1.33
61.7,11.1,56.56,1.08,1.34
61.8,11.1,56.54,1.08,1.34
61.9,11.1,56.52,1.08,1.35
62,11.1,56.5,1.08,1.35
62.1,11.1,56.47,1.07,1.36
62.2,11.1,56.45,1.07,1.37
62.3,11.1,56.42,1.07,1.37
62.4,11.1,56.4,1.07,1.38
62.5,11.1,56.37,1.07,1.39
62.6,11.1,56.34,1.07,1.39
62.7,11.1,56.31,1.06,1.4
62.8,11.1,56.28,1.06,1.4
62.9,11.1,56.24,1.06,1.41
63,11.1,56.21,1.06,1.42
63.1,11.1,56.17,1.06,1.42
63.2,11.1,56.14,1.06,1.43
63.3,11.1,56.1,1.05,1.44
63.4,11.1,56.05,1.05,1.44
63.5,11.1,56.01,1.05,1.45
63.6,11.1,55.97,1.05,1.46
63.7,11.1,55.92,1.05,1.46
63.8,11.1,55.87,1.05,1.47
63.9,11.1,55.83,1.05,1.48
64,11.1,55.77,1.04,1.48
64.1,11.1,55.72,1.04,1.49
64.2,11.1,55.67,1.04,1.5
64.3,11.1,55.61,1.04,1.5
64.4,11.1,55.55,1.04,1.51
64.5,11.1,55.49,1.04,1.52
64.6,11.1,55.43,1.04,1.52
64.7,11.1,55.36,1.04,1.53
64.8,11.1,55.3,1.03,1.54
64.9,11.1,55.23,1.03,1.54
65,11.1,55.16,1.03,1.55
65.1,11.1,55.09,1.03,1.56
65.2,11.1,55.01,1.03,1.56
65.3,11.1,54.93,1.03,1.57
65.4,11.1,54.85,1.03,1.58
65.5,11.1,54.77,1.03,1.58
65.6,11.1,54.69,1.03,1.59
65.7,11.1,54.6,1.03,1.6
65.8,11.1,54.51,1.02,1.6
65.9,11.1,54.42,1.02,1.61
66,11.1,54.33,1.02,1.62
66.1,11.1,54.23,1.02,1.62
58,11.2,56.64,1.15,1.11
58.1,11.2,56.64,1.15,1.11
58.2,11.2,56.64,1.15,1.12
58.3,11.2,56.63,1.15,1.12
58.4,11.2,56.63,1.14,1.13
58.5,11.2,56.63,1.14,1.14
58.6,11.2,56.62,1.14,1.14
58.7,11.2,56.62,1.14,1.15
58.8,11.2,56.62,1.14,1.15
58.9,11.2,56.62,1.13,1.16
59,11.2,56.61,1.13,1.16
59.1,11.2,56.61,1.13,1.17
59.2,11.2,56.61,1.13,1.18
59.3,11.2,56.6,1.13,1.18
59.4,11.2,56.6,1.12,1.19
59.5,11.2,56.6,1.12,1.19
59.6,11.2,56.59,1.12,1.2
59.7,11.2,56.59,1.12,1.21
59.8,11.2,56.58,1.12,1.21
59.9,11.2,56.58,1.11,1.22
60,11.2,56.57,1.11,1.22
60.1,11.2,56.56,1.11,1.23
60.2,11.2,56.56,1.11,1.24
60.3,11.2,56.55,1.11,1.24
60.4,11.2,56.54,1.1,1.25
60.5,11.2,56.53,1.1,1.25
60.6,11.2,56.52,1.1,1.26
60.7,11.2,56.51,1.1,1.27
60.8,11.2,56.5,1.1,1.27
60.9,11.2,56.49,1.09,1.28
61,11.2,56.48,1.09,1.28
61.1,11.2,56.46,1.09,1.29
61.2,11.2,56.45,1.09,1.3
61.3,11.2,56.44,1.09,1.3
61.4,11.2,56.42,1.08,1.31
61.5,11.2,56.4,1.08,1.32
61.6,11.2,56.39,1.08,1.32
61.7,11.2,56.37,1.08,1.33
61.8,11.2,56.35,1.08,1.33
61.9,11.2,56.33,1.07,1.34
62,11.2,56.3,1.07,1.35
62.1,11.2,56.28,1.07,1.35
62.2,11.2,56.26,1.07,1.36
62.3,11.2,56.23,1.07,1.37
62.4,11.2,56.21,1.06,1.37
62.5,11.2,56.18,1.06,1.38
62.6,11.2,56.15,1.06,1.38
62.7,11.2,56.12,1.06,1.39
62.8,11.2,56.09,1.06,1.4
62.9,11.2,56.05,1.06,1.4
63,11.2,56.02,1.05,1.41
63.1,11.2,55.98,1.05,1.42
63.2,11.2,55.94,1.05,1.42
63.3,11.2,55.9,1.05,1.43
63.4,11.2,55.86,1.05,1.44
63.5,11.2,55.82,1.05,1.44
63.6,11.2,55.78,1.04,1.45
63.7,11.2,55.73,1.04,1.46
63.8,11.2,55.68,1.04,1.46
63.9,11.2,55.63,1.04,1.47
64,11.2,55.58,1.04,1.47
64.1,11.2,55.53,1.04,1.48
64.2,11.2,55.48,1.04,1.49
64.3,11.2,55.42,1.03,1.49
64.4,11.2,55.36,1.03,1.5
64.5,11.2,55.3,1.03,1.51
64.6,11.2,55.24,1.03,1.51
64.7,11.2,55.17,1.03,1.52
64.8,11.2,55.11,1.03,1.53
64.9,11.2,55.04,1.03,1.53
65,11.2,54.97,1.03,1.54
65.1,11.2,54.89,1.03,1.55
65.2,11.2,54.82,1.02,1.55
65.3,11.2,54.74,1.02,1.56
65.4,11.2,54.66,1.02,1.57
65.5,11.2,54.58,1.02,1.57
65.6,11.2,54.5,1.02,1.58
65.7,11.2,54.41,1.02,1.59
65.8,11.2,54.32,1.02,1.59
65.9,11.2,54.23,1.02,1.6
66,11.2,54.14,1.02,1.61
66.1,11.2,54.04,1.02,1.61
58,11.3,56.45,1.15,1.1
58.1,11.3,56.44,1.15,1.11
58.2,11.3,56.44,1.15,1.11
58.3,11.3,56.44,1.14,1.12
58.4,11.3,56.44,1.14,1.12
58.5,11.3,56.43,1.14,1.13
58.6,11.3,56.43,1.14,1.13
58.7,11.3,56.43,1.14,1.14
58.8,11.3,56.42,1.13,1.15
58.9,11.3,56.42,1.13,1.15
59,11.3,56.42,1.13,1.16
59.1,11.3,56.42,1.13,1.16
59.2,11.3,56.41,1.12,1.17
59.3,11.3,56.41,1.12,1.18
59.4,11.3,56.41,1.12,1.18
59.5,11.3,56.4,1.12,1.19
59.6,11.3,56.4,1.12,1.19
59.7,11.3,56.39,1.11,1.2
59.8,11.3,56.39,1.11,1.2
59.9,11.3,56.38,1.11,1.21
60,11.3,56.38,1.11,1.22
60.1,11.3,56.37,1.11,1.22
60.2,11.3,56.36,1.1,1.23
60.3,11.3,56.35,1.1,1.23
60.4,11.3,56.35,1.1,1.24
60.5,11.3,56.34,1.1,1.25
60.6,11.3,56.33,1.1,1.25
60.7,11.3,56.32,1.09,1.26
60.8,11.3,56.31,1.09,1.27
60.9,11.3,56.3,1.09,1.27
61,11.3,56.28,1.09,1.28
61.1,11.3,56.27,1.08,1.28
61.2,11.3,56.26,1.08,1.29
61.3,11.3,56.24,1.08,1.3
61.4,11.3,56.23,1.08,1.3
61.5,11.3,56.21,1.08,1.31
61.6,11.3,56.19,1.07,1.31
61.7,11.3,56.17,1.07,1.32
61.8,11.3,56.15,1.07,1.33
61.9,11.3,56.13,1.07,1.33
62,11.3,56.11,1.07,1.34
62.1,11.3,56.09,1.07,1.35
62.2,11.3,56.07,1.06,1.35
62.3,11.3,56.04,1.06,1.36
62.4,11.3,56.01,1.06,1.36
62.5,11.3,55.99,1.06,1.37
62.6,11.3,55.96,1.06,1.38
62.7,11.3,55.93,1.05,1.38
62.8,11.3,55.89,1.05,1.39
62.9,11.3,55.86,1.05,1.4
63,11.3,55.83,1.05,1.4
63.1,11.3,55.79,1.05,1.41
63.2,11.3,55.75,1.05,1.42
63.3,11.3,55.71,1.04,1.42
63.4,11.3,55.67,1.04,1.43
63.5,11.3,55.63,1.04,1.43
63.6,11.3,55.59,1.04,1.44
63.7,11.3,55.54,1.04,1.45
63.8,11.3,55.49,1.04,1.45
63.9,11.3,55.44,1.04,1.46
64,11.3,55.39,1.03,1.47
64.1,11.3,55.34,1.03,1.47
64.2,11.3,55.29,1.03,1.48
64.3,11.3,55.23,1.03,1.49
64.4,11.3,55.17,1.03,1.49
64.5,11.3,55.11,1.03,1.5
64.6,11.3,55.05,1.03,1.51
64.7,11.3,54.98,1.02,1.51
64.8,11.3,54.92,1.02,1.52
64.9,11.3,54.85,1.02,1.53
65,11.3,54.78,1.02,1.53
65.1,11.3,54.71,1.02,1.54
65.2,11.3,54.63,1.02,1.55
65.3,11.3,54.55,1.02,1.55
65.4,11.3,54.48,1.02,1.56
65.5,11.3,54.39,1.02,1.57
65.6,11.3,54.31,1.02,1.57
65.7,11.3,54.22,1.02,1.58
65.8,11.3,54.14,1.01,1.59
65.9,11.3,54.04,1.01,1.59
66,11.3,53.95,1.01,1.6
66.1,11.3,53.86,1.01,1.61
58,11.4,56.25,1.15,1.09
58.1,11.4,56.25,1.14,1.1
58.2,11.4,56.25,1.14,1.1
58.3,11.4,56.24,1.14,1.11
58.4,11.4,56.24,1.14,1.12
58.5,11.4,56.24,1.14,1.12
58.6,11.4,56.24,1.13,1.13
58.7,11.4,56.23,1.13,1.13
58.8,11.4,56.23,1.13,1.14
58.9,11.4,56.23,1.13,1.14
59,11.4,56.23,1.13,1.15
59.1,11.4,56.22,1.12,1.16
59.2,11.4,56.22,1.12,1.16
59.3,11.4,56.22,1.12,1.17
59.4,11.4,56.21,1.12,1.17
59.5,11.4,56.21,1.11,1.18
59.6,11.4,56.2,1.11,1.19
59.7,11.4,56.2,1.11,1.19
59.8,11.4,56.19,1.11,1.2
59.9,11.4,56.19,1.11,1.2
60,11.4,56.18,1.1,1.21
60.1,11.4,56.18,1.1,1.22
60.2,11.4,56.17,1.1,1.22
60.3,11.4,56.16,1.1,1.23
60.4,11.4,56.15,1.1,1.23
60.5,11.4,56.15,1.09,1.24
60.6,11.4,56.14,1.09,1.25
60.7,11.4,56.13,1.09,1.25
60.8,11.4,56.12,1.09,1.26
60.9,11.4,56.11,1.08,1.26
61,11.4,56.09,1.08,1.27
61.1,11.4,56.08,1.08,1.28
61.2,11.4,56.07,1.08,1.28
61.3,11.4,56.05,1.08,1.29
61.4,11.4,56.04,1.07,1.29
61.5,11.4,56.02,1.07,1.3
61.6,11.4,56,1.07,1.31
61.7,11.4,55.98,1.07,1.31
61.8,11.4,55.96,1.07,1.32
61.9,11.4,55.94,1.06,1.33
62,11.4,55.92,1.06,1.33
62.1,11.4,55.9,1.06,1.34
62.2,11.4,55.87,1.06,1.34
62.3,11.4,55.85,1.06,1.35
62.4,11.4,55.82,1.06,1.36
62.5,11.4,55.8,1.05,1.36
62.6,11.4,55.77,1.05,1.37
62.7,11.4,55.74,1.05,1.38
62.8,11.4,55.7,1.05,1.38
62.9,11.4,55.67,1.05,1.39
63,11.4,55.64,1.04,1.4
63.1,11.4,55.6,1.04,1.4
63.2,11.4,55.56,1.04,1.41
63.3,11.4,55.52,1.04,1.41
63.4,11.4,55.48,1.04,1.42
63.5,11.4,55.44,1.04,1.43
63.6,11.4,55.4,1.03,1.43
63.7,11.4,55.35,1.03,1.44
63.8,11.4,55.3,1.03,1.45
63.9,11.4,55.25,1.03,1.45
64,11.4,55.2,1.03,1.46
64.1,11.4,55.15,1.03,1.47
64.2,11.4,55.1,1.03,1.47
64.3,11.4,55.04,1.02,1.48
64.4,11.4,54.98,1.02,1.49
64.5,11.4,54.92,1.02,1.49
64.6,11.4,54.86,1.02,1.5
64.7,11.4,54.8,1.02,1.51
64.8,11.4,54.73,1.02,1.51
64.9,11.4,54.66,1.02,1.52
65,11.4,54.59,1.02,1.53
65.1,11.4,54.52,1.02,1.53
65.2,11.4,54.44,1.01,1.54
65.3,11.4,54.37,1.01,1.55
65.4,11.4,54.29,1.01,1.55
65.5,11.4,54.21,1.01,1.56
65.6,11.4,54.12,1.01,1.57
65.7,11.4,54.04,1.01,1.57
65.8,11.4,53.95,1.01,1.58
65.9,11.4,53.86,1.01,1.59
66,11.4,53.76,1.01,1.59
66.1,11.4,53.67,1.01,1.6
58,11.5,56.06,1.14,1.09
58.1,11.5,56.06,1.14,1.09
58.2,11.5,56.06,1.14,1.1
58.3,11.5,56.05,1.14,1.1
58.4,11.5,56.05,1.13,1.11
58.5,11.5,56.05,1.13,1.12
58.6,11.5,56.05,1.13,1.12
58.7,11.5,56.04,1.13,1.13
58.8,11.5,56.04,1.13,1.13
58.9,11.5,56.04,1.12,1.14
59,11.5,56.03,1.12,1.14
59.1,11.5,56.03,1.12,1.15
59.2,11.5,56.03,1.12,1.16
59.3,11.5,56.02,1.12,1.16
59.4,11.5,56.02,1.11,1.17
59.5,11.5,56.02,1.11,1.17
59.6,11.5,56.01,1.11,1.18
59.7,11.5,56.01,1.11,1.19
59.8,11.5,56,1.1,1.19
59.9,11.5,56,1.1,1.2
60,11.5,55.99,1.1,1.2
60.1,11.5,55.99,1.1,1.21
60.2,11.5,55.98,1.1,1.21
60.3,11.5,55.97,1.09,1.22
60.4,11.5,55.96,1.09,1.23
60.5,11.5,55.96,1.09,1.23
60.6,11.5,55.95,1.09,1.24
60.7,11.5,55.94,1.08,1.25
60.8,11.5,55.93,1.08,1.25
60.9,11.5,55.91,1.08,1.26
61,11.5,55.9,1.08,1.26
61.1,11.5,55.89,1.08,1.27
61.2,11.5,55.88,1.07,1.28
61.3,11.5,55.86,1.07,1.28
61.4,11.5,55.85,1.07,1.29
61.5,11.5,55.83,1.07,1.29
61.6,11.5,55.81,1.07,1.3
61.7,11.5,55.79,1.06,1.31
61.8,11.5,55.77,1.06,1.31
61.9,11.5,55.75,1.06,1.32
62,11.5,55.73,1.06,1.32
62.1,11.5,55.71,1.06,1.33
62.2,11.5,55.69,1.05,1.34
62.3,11.5,55.66,1.05,1.34
62.4,11.5,55.63,1.05,1.35
62.5,11.5,55.61,1.05,1.36
62.6,11.5,55.58,1.05,1.36
62.7,11.5,55.55,1.04,1.37
62.8,11.5,55.52,1.04,1.38
62.9,11.5,55.48,1.04,1.38
63,11.5,55.45,1.04,1.39
63.1,11.5,55.41,1.04,1.39
63.2,11.5,55.37,1.04,1.4
63.3,11.5,55.34,1.03,1.41
63.4,11.5,55.3,1.03,1.41
63.5,11.5,55.25,1.03,1.42
63.6,11.5,55.21,1.03,1.43
63.7,11.5,55.16,1.03,1.43
63.8,11.5,55.12,1.03,1.44
63.9,11.5,55.07,1.02,1.45
64,11.5,55.02,1.02,1.45
64.1,11.5,54.96,1.02,1.46
64.2,11.5,54.91,1.02,1.46
64.3,11.5,54.85,1.02,1.47
64.4,11.5,54.8,1.02,1.48
64.5,11.5,54.74,1.02,1.48
64.6,11.5,54.67,1.02,1.49
64.7,11.5,54.61,1.01,1.5
64.8,11.5,54.54,1.01,1.5
64.9,11.5,54.48,1.01,1.51
65,11.5,54.41,1.01,1.52
65.1,11.5,54.33,1.01,1.52
65.2,11.5,54.26,1.01,1.53
65.3,11.5,54.18,1.01,1.54
65.4,11.5,54.1,1.01,1.54
65.5,11.5,54.02,1.01,1.55
65.6,11.5,53.94,1.01,1.56
65.7,11.5,53.85,1,1.56
65.8,11.5,53.76,1,1.57
65.9,11.5,53.67,1,1.58
66,11.5,53.58,1,1.58
66.1,11.5,53.48,1,1.59
58,11.6,55.87,1.14,1.08
58.1,11.6,55.87,1.14,1.09
58.2,11.6,55.86,1.14,1.09
58.3,11.6,55.86,1.13,1.1
58.4,11.6,55.86,1.13,1.1
58.5,11.6,55.86,1.13,1.11
58.6,11.6,55.85,1.13,1.11
58.7,11.6,55.85,1.12,1.12
58.8,11.6,55.85,1.12,1.13
58.9,11.6,55.85,1.12,1.13
59,11.6,55.84,1.12,1.14
59.1,11.6,55.84,1.12,1.14
59.2,11.6,55.84,1.11,1.15
59.3,11.6,55.83,1.11,1.15
59.4,11.6,55.83,1.11,1.16
59.5,11.6,55.83,1.11,1.17
59.6,11.6,55.82,1.1,1.17
59.7,11.6,55.82,1.1,1.18
59.8,11.6,55.81,1.1,1.18
59.9,11.6,55.81,1.1,1.19
60,11.6,55.8,1.1,1.2
60.1,11.6,55.8,1.09,1.2
60.2,11.6,55.79,1.09,1.21
60.3,11.6,55.78,1.09,1.21
60.4,11.6,55.77,1.09,1.22
60.5,11.6,55.77,1.09,1.23
60.6,11.6,55.76,1.08,1.23
60.7,11.6,55.75,1.08,1.24
60.8,11.6,55.74,1.08,1.24
60.9,11.6,55.73,1.08,1.25
61,11.6,55.71,1.07,1.26
61.1,11.6,55.7,1.07,1.26
61.2,11.6,55.69,1.07,1.27
61.3,11.6,55.67,1.07,1.27
61.4,11.6,55.66,1.07,1.28
61.5,11.6,55.64,1.06,1.29
61.6,11.6,55.62,1.06,1.29
61.7,11.6,55.61,1.06,1.3
61.8,11.6,55.59,1.06,1.31
61.9,11.6,55.57,1.06,1.31
62,11.6,55.54,1.05,1.32
62.1,11.6,55.52,1.05,1.32
62.2,11.6,55.5,1.05,1.33
62.3,11.6,55.47,1.05,1.34
62.4,11.6,55.45,1.05,1.34
62.5,11.6,55.42,1.04,1.35
62.6,11.6,55.39,1.04,1.36
62.7,11.6,55.36,1.04,1.36
62.8,11.6,55.33,1.04,1.37
62.9,11.6,55.3,1.04,1.37
63,11.6,55.26,1.03,1.38
63.1,11.6,55.23,1.03,1.39
63.2,11.6,55.19,1.03,1.39
63.3,11.6,55.15,1.03,1.4
63.4,11.6,55.11,1.03,1.41
63.5,11.6,55.07,1.03,1.41
63.6,11.6,55.02,1.02,1.42
63.7,11.6,54.98,1.02,1.43
63.8,11.6,54.93,1.02,1.43
63.9,11.6,54.88,1.02,1.44
64,11.6,54.83,1.02,1.44
64.1,11.6,54.78,1.02,1.45
64.2,11.6,54.72,1.02,1.46
64.3,11.6,54.67,1.01,1.46
64.4,11.6,54.61,1.01,1.47
64.5,11.6,54.55,1.01,1.48
64.6,11.6,54.49,1.01,1.48
64.7,11.6,54.42,1.01,1.49
64.8,11.6,54.36,1.01,1.5
64.9,11.6,54.29,1.01,1.5
65,11.6,54.22,1.01,1.51
65.1,11.6,54.15,1,1.52
65.2,11.6,54.07,1,1.52
65.3,11.6,54,1,1.53
65.4,11.6,53.92,1,1.54
65.5,11.6,53.84,1,1.54
65.6,11.6,53.75,1,1.55
65.7,11.6,53.67,1,1.56
65.8,11.6,53.58,1,1.56
65.9,11.6,53.49,1,1.57
66,11.6,53.4,1,1.58
66.1,11.6,53.3,1,1.58
58,11.7,55.68,1.14,1.07
58.1,11.7,55.68,1.13,1.08
58.2,11.7,55.68,1.13,1.08
58.3,11.7,55.67,1.13,1.09
58.4,11.7,55.67,1.13,1.1
58.5,11.7,55.67,1.13,1.1
58.6,11.7,55.67,1.12,1.11
58.7,11.7,55.66,1.12,1.11
58.8,11.7,55.66,1.12,1.12
58.9,11.7,55.66,1.12,1.13
59,11.7,55.66,1.11,1.13
59.1,11.7,55.65,1.11,1.14
59.2,11.7,55.65,1.11,1.14
59.3,11.7,55.65,1.11,1.15
59.4,11.7,55.64,1.11,1.15
59.5,11.7,55.64,1.1,1.16
59.6,11.7,55.63,1.1,1.17
59.7,11.7,55.63,1.1,1.17
59.8,11.7,55.63,1.1,1.18
59.9,11.7,55.62,1.09,1.18
60,11.7,55.61,1.09,1.19
60.1,11.7,55.61,1.09,1.2
60.2,11.7,55.6,1.09,1.2
60.3,11.7,55.59,1.09,1.21
60.4,11.7,55.59,1.08,1.21
60.5,11.7,55.58,1.08,1.22
60.6,11.7,55.57,1.08,1.23
60.7,11.7,55.56,1.08,1.23
60.8,11.7,55.55,1.07,1.24
60.9,11.7,55.54,1.07,1.24
61,11.7,55.53,1.07,1.25
61.1,11.7,55.51,1.07,1.26
61.2,11.7,55.5,1.07,1.26
61.3,11.7,55.49,1.06,1.27
61.4,11.7,55.47,1.06,1.27
61.5,11.7,55.45,1.06,1.28
61.6,11.7,55.44,1.06,1.29
61.7,11.7,55.42,1.05,1.29
61.8,11.7,55.4,1.05,1.3
61.9,11.7,55.38,1.05,1.3
62,11.7,55.36,1.05,1.31
62.1,11.7,55.34,1.05,1.32
62.2,11.7,55.31,1.04,1.32
62.3,11.7,55.29,1.04,1.33
62.4,11.7,55.26,1.04,1.34
62.5,11.7,55.23,1.04,1.34
62.6,11.7,55.2,1.04,1.35
62.7,11.7,55.17,1.03,1.35
62.8,11.7,55.14,1.03,1.36
62.9,11.7,55.11,1.03,1.37
63,11.7,55.08,1.03,1.37
63.1,11.7,55.04,1.03,1.38
63.2,11.7,55,1.03,1.39
63.3,11.7,54.96,1.02,1.39
63.4,11.7,54.92,1.02,1.4
63.5,11.7,54.88,1.02,1.4
63.6,11.7,54.84,1.02,1.41
63.7,11.7,54.79,1.02,1.42
63.8,11.7,54.75,1.02,1.42
63.9,11.7,54.7,1.01,1.43
64,11.7,54.65,1.01,1.44
64.1,11.7,54.59,1.01,1.44
64.2,11.7,54.54,1.01,1.45
64.3,11.7,54.48,1.01,1.46
64.4,11.7,54.43,1.01,1.46
64.5,11.7,54.37,1.01,1.47
64.6,11.7,54.3,1,1.48
64.7,11.7,54.24,1,1.48
64.8,11.7,54.17,1,1.49
64.9,11.7,54.11,1,1.5
65,11.7,54.04,1,1.5
65.1,11.7,53.96,1,1.51
65.2,11.7,53.89,1,1.52
65.3,11.7,53.81,1,1.52
65.4,11.7,53.74,1,1.53
65.5,11.7,53.65,0.99,1.54
65.6,11.7,53.57,0.99,1.54
65.7,11.7,53.49,0.99,1.55
65.8,11.7,53.4,0.99,1.56
65.9,11.7,53.31,0.99,1.56
66,11.7,53.21,0.99,1.57
66.1,11.7,53.12,0.99,1.58
58,11.8,55.49,1.13,1.07
58.1,11.8,55.49,1.13,1.07
58.2,11.8,55.49,1.13,1.08
58.3,11.8,55.49,1.13,1.08
58.4,11.8,55.48,1.12,1.09
58.5,11.8,55.48,1.12,1.1
58.6,11.8,55.48,1.12,1.1
58.7,11.8,55.48,1.12,1.11
58.8,11.8,55.47,1.12,1.11
58.9,11.8,55.47,1.11,1.12
59,11.8,55.47,1.11,1.12
59.1,11.8,55.47,1.11,1.13
59.2,11.8,55.46,1.11,1.14
59.3,11.8,55.46,1.1,1.14
59.4,11.8,55.46,1.1,1.15
59.5,11.8,55.45,1.1,1.15
59.6,11.8,55.45,1.1,1.16
59.7,11.8,55.44,1.09,1.17
59.8,11.8,55.44,1.09,1.17
59.9,11.8,55.43,1.09,1.18
60,11.8,55.43,1.09,1.18
60.1,11.8,55.42,1.09,1.19
60.2,11.8,55.42,1.08,1.19
60.3,11.8,55.41,1.08,1.2
60.4,11.8,55.4,1.08,1.21
60.5,11.8,55.39,1.08,1.21
60.6,11.8,55.38,1.07,1.22
60.7,11.8,55.37,1.07,1.22
60.8,11.8,55.36,1.07,1.23
60.9,11.8,55.35,1.07,1.24
61,11.8,55.34,1.07,1.24
61.1,11.8,55.33,1.06,1.25
61.2,11.8,55.31,1.06,1.25
61.3,11.8,55.3,1.06,1.26
61.4,11.8,55.29,1.06,1.27
61.5,11.8,55.27,1.05,1.27
61.6,11.8,55.25,1.05,1.28
61.7,11.8,55.23,1.05,1.29
61.8,11.8,55.21,1.05,1.29
61.9,11.8,55.19,1.05,1.3
62,11.8,55.17,1.04,1.3
62.1,11.8,55.15,1.04,1.31
62.2,11.8,55.13,1.04,1.32
62.3,11.8,55.1,1.04,1.32
62.4,11.8,55.08,1.04,1.33
62.5,11.8,55.05,1.03,1.33
62.6,11.8,55.02,1.03,1.34
62.7,11.8,54.99,1.03,1.35
62.8,11.8,54.96,1.03,1.35
62.9,11.8,54.93,1.03,1.36
63,11.8,54.89,1.02,1.37
63.1,11.8,54.86,1.02,1.37
63.2,11.8,54.82,1.02,1.38
63.3,11.8,54.78,1.02,1.38
63.4,11.8,54.74,1.02,1.39
63.5,11.8,54.7,1.02,1.4
63.6,11.8,54.65,1.01,1.4
63.7,11.8,54.61,1.01,1.41
63.8,11.8,54.56,1.01,1.42
63.9,11.8,54.51,1.01,1.42
64,11.8,54.46,1.01,1.43
64.1,11.8,54.41,1.01,1.44
64.2,11.8,54.36,1,1.44
64.3,11.8,54.3,1,1.45
64.4,11.8,54.24,1,1.46
64.5,11.8,54.18,1,1.46
64.6,11.8,54.12,1,1.47
64.7,11.8,54.06,1,1.47
64.8,11.8,53.99,1,1.48
64.9,11.8,53.92,1,1.49
65,11.8,53.86,0.99,1.49
65.1,11.8,53.78,0.99,1.5
65.2,11.8,53.71,0.99,1.51
65.3,11.8,53.63,0.99,1.51
65.4,11.8,53.55,0.99,1.52
65.5,11.8,53.47,0.99,1.53
65.6,11.8,53.39,0.99,1.53
65.7,11.8,53.3,0.99,1.54
65.8,11.8,53.22,0.99,1.55
65.9,11.8,53.13,0.99,1.55
66,11.8,53.03,0.99,1.56
66.1,11.8,52.94,0.98,1.57
58,11.9,55.31,1.13,1.06
58.1,11.9,55.3,1.13,1.07
58.2,11.9,55.3,1.13,1.07
58.3,11.9,55.3,1.12,1.08
58.4,11.9,55.3,1.12,1.08
58.5,11.9,55.29,1.12,1.09
58.6,11.9,55.29,1.12,1.09
58.7,11.9,55.29,1.11,1.1
58.8,11.9,55.29,1.11,1.11
58.9,11.9,55.28,1.11,1.11
59,11.9,55.28,1.11,1.12
59.1,11.9,55.28,1.1,1.12
59.2,11.9,55.28,1.1,1.13
59.3,11.9,55.27,1.1,1.14
59.4,11.9,55.27,1.1,1.14
59.5,11.9,55.27,1.1,1.15
59.6,11.9,55.26,1.09,1.15
59.7,11.9,55.26,1.09,1.16
59.8,11.9,55.25,1.09,1.16
59.9,11.9,55.25,1.09,1.17
60,11.9,55.24,1.08,1.18
60.1,11.9,55.24,1.08,1.18
60.2,11.9,55.23,1.08,1.19
60.3,11.9,55.22,1.08,1.19
60.4,11.9,55.22,1.07,1.2
60.5,11.9,55.21,1.07,1.21
60.6,11.9,55.2,1.07,1.21
60.7,11.9,55.19,1.07,1.22
60.8,11.9,55.18,1.07,1.22
60.9,11.9,55.17,1.06,1.23
61,11.9,55.16,1.06,1.24
61.1,11.9,55.14,1.06,1.24
61.2,11.9,55.13,1.06,1.25
61.3,11.9,55.12,1.05,1.25
61.4,11.9,55.1,1.05,1.26
61.5,11.9,55.09,1.05,1.27
61.6,11.9,55.07,1.05,1.27
61.7,11.9,55.05,1.05,1.28
61.8,11.9,55.03,1.04,1.28
61.9,11.9,55.01,1.04,1.29
62,11.9,54.99,1.04,1.3
62.1,11.9,54.97,1.04,1.3
62.2,11.9,54.94,1.03,1.31
62.3,11.9,54.92,1.03,1.32
62.4,11.9,54.89,1.03,1.32
62.5,11.9,54.87,1.03,1.33
62.6,11.9,54.84,1.03,1.33
62.7,11.9,54.81,1.02,1.34
62.8,11.9,54.78,1.02,1.35
62.9,11.9,54.74,1.02,1.35
63,11.9,54.71,1.02,1.36
63.1,11.9,54.67,1.02,1.36
63.2,11.9,54.64,1.02,1.37
63.3,11.9,54.6,1.01,1.38
63.4,11.9,54.56,1.01,1.38
63.5,11.9,54.52,1.01,1.39
63.6,11.9,54.47,1.01,1.4
63.7,11.9,54.43,1.01,1.4
63.8,11.9,54.38,1.01,1.41
63.9,11.9,54.33,1,1.42
64,11.9,54.28,1,1.42
64.1,11.9,54.23,1,1.43
64.2,11.9,54.18,1,1.44
64.3,11.9,54.12,1,1.44
64.4,11.9,54.06,1,1.45
64.5,11.9,54,1,1.45
64.6,11.9,53.94,0.99,1.46
64.7,11.9,53.88,0.99,1.47
64.8,11.9,53.81,0.99,1.47
64.9,11.9,53.74,0.99,1.48
65,11.9,53.67,0.99,1.49
65.1,11.9,53.6,0.99,1.49
65.2,11.9,53.53,0.99,1.5
65.3,11.9,53.45,0.99,1.51
65.4,11.9,53.37,0.98,1.51
65.5,11.9,53.29,0.98,1.52
65.6,11.9,53.21,0.98,1.53
65.7,11.9,53.12,0.98,1.53
65.8,11.9,53.04,0.98,1.54
65.9,11.9,52.95,0.98,1.55
66,11.9,52.85,0.98,1.55
66.1,11.9,52.76,0.98,1.56
58,12,55.12,1.13,1.05
58.1,12,55.12,1.12,1.06
58.2,12,55.12,1.12,1.07
58.3,12,55.11,1.12,1.07
58.4,12,55.11,1.12,1.08
58.5,12,55.11,1.11,1.08
58.6,12,55.11,1.11,1.09
58.7,12,55.1,1.11,1.09
58.8,12,55.1,1.11,1.1
58.9,12,55.1,1.11,1.11
59,12,55.1,1.1,1.11
59.1,12,55.09,1.1,1.12
59.2,12,55.09,1.1,1.12
59.3,12,55.09,1.1,1.13
59.4,12,55.09,1.09,1.13
59.5,12,55.08,1.09,1.14
59.6,12,55.08,1.09,1.15
59.7,12,55.07,1.09,1.15
59.8,12,55.07,1.08,1.16
59.9,12,55.06,1.08,1.16
60,12,55.06,1.08,1.17
60.1,12,55.05,1.08,1.18
60.2,12,55.05,1.07,1.18
60.3,12,55.04,1.07,1.19
60.4,12,55.03,1.07,1.19
60.5,12,55.02,1.07,1.2
60.6,12,55.02,1.07,1.2
60.7,12,55.01,1.06,1.21
60.8,12,55,1.06,1.22
60.9,12,54.98,1.06,1.22
61,12,54.97,1.06,1.23
61.1,12,54.96,1.05,1.23
61.2,12,54.95,1.05,1.24
61.3,12,54.93,1.05,1.25
61.4,12,54.92,1.05,1.25
61.5,12,54.9,1.04,1.26
61.6,12,54.89,1.04,1.27
61.7,12,54.87,1.04,1.27
61.8,12,54.85,1.04,1.28
61.9,12,54.83,1.04,1.28
62,12,54.81,1.03,1.29
62.1,12,54.78,1.03,1.3
62.2,12,54.76,1.03,1.3
62.3,12,54.74,1.03,1.31
62.4,12,54.71,1.03,1.31
62.5,12,54.68,1.02,1.32
62.6,12,54.66,1.02,1.33
62.7,12,54.63,1.02,1.33
62.8,12,54.59,1.02,1.34
62.9,12,54.56,1.02,1.35
63,12,54.53,1.01,1.35
63.1,12,54.49,1.01,1.36
63.2,12,54.46,1.01,1.36
63.3,12,54.42,1.01,1.37
63.4,12,54.38,1.01,1.38
63.5,12,54.33,1,1.38
63.6,12,54.29,1,1.39
63.7,12,54.25,1,1.4
63.8,12,54.2,1,1.4
63.9,12,54.15,1,1.41
64,12,54.1,1,1.41
64.1,12,54.05,1,1.42
64.2,12,54,0.99,1.43
64.3,12,53.94,0.99,1.43
64.4,12,53.88,0.99,1.44
64.5,12,53.82,0.99,1.45
64.6,12,53.76,0.99,1.45
64.7,12,53.7,0.99,1.46
64.8,12,53.63,0.99,1.47
64.9,12,53.56,0.98,1.47
65,12,53.5,0.98,1.48
65.1,12,53.42,0.98,1.49
65.2,12,53.35,0.98,1.49
65.3,12,53.27,0.98,1.5
65.4,12,53.2,0.98,1.51
65.5,12,53.11,0.98,1.51
65.6,12,53.03,0.98,1.52
65.7,12,52.95,0.98,1.53
65.8,12,52.86,0.98,1.53
65.9,12,52.77,0.97,1.54
66,12,52.68,0.97,1.55
66.1,12,52.58,0.97,1.55
58,12.1,54.94,1.12,1.05
58.1,12.1,54.93,1.12,1.05
58.2,12.1,54.93,1.12,1.06
58.3,12.1,54.93,1.12,1.07
58.4,12.1,54.93,1.11,1.07
58.5,12.1,54.93,1.11,1.08
58.6,12.1,54.92,1.11,1.08
58.7,12.1,54.92,1.11,1.09
58.8,12.1,54.92,1.1,1.09
58.9,12.1,54.92,1.1,1.1
59,12.1,54.91,1.1,1.1
59.1,12.1,54.91,1.1,1.11
59.2,12.1,54.91,1.09,1.12
59.3,12.1,54.91,1.09,1.12
59.4,12.1,54.9,1.09,1.13
59.5,12.1,54.9,1.09,1.13
59.6,12.1,54.9,1.08,1.14
59.7,12.1,54.89,1.08,1.15
59.8,12.1,54.89,1.08,1.15
59.9,12.1,54.88,1.08,1.16
60,12.1,54.88,1.08,1.16
60.1,12.1,54.87,1.07,1.17
60.2,12.1,54.86,1.07,1.17
60.3,12.1,54.86,1.07,1.18
60.4,12.1,54.85,1.07,1.19
60.5,12.1,54.84,1.06,1.19
60.6,12.1,54.83,1.06,1.2
60.7,12.1,54.82,1.06,1.2
60.8,12.1,54.81,1.06,1.21
60.9,12.1,54.8,1.05,1.22
61,12.1,54.79,1.05,1.22
61.1,12.1,54.78,1.05,1.23
61.2,12.1,54.77,1.05,1.23
61.3,12.1,54.75,1.04,1.24
61.4,12.1,54.74,1.04,1.25
61.5,12.1,54.72,1.04,1.25
61.6,12.1,54.7,1.04,1.26
61.7,12.1,54.69,1.04,1.26
61.8,12.1,54.67,1.03,1.27
61.9,12.1,54.65,1.03,1.28
62,12.1,54.63,1.03,1.28
62.1,12.1,54.6,1.03,1.29
62.2,12.1,54.58,1.02,1.29
62.3,12.1,54.56,1.02,1.3
62.4,12.1,54.53,1.02,1.31
62.5,12.1,54.5,1.02,1.31
62.6,12.1,54.47,1.02,1.32
62.7,12.1,54.45,1.01,1.33
62.8,12.1,54.41,1.01,1.33
62.9,12.1,54.38,1.01,1.34
63,12.1,54.35,1.01,1.34
63.1,12.1,54.31,1.01,1.35
63.2,12.1,54.28,1,1.36
63.3,12.1,54.24,1,1.36
63.4,12.1,54.2,1,1.37
63.5,12.1,54.16,1,1.38
63.6,12.1,54.11,1,1.38
63.7,12.1,54.07,1,1.39
63.8,12.1,54.02,0.99,1.39
63.9,12.1,53.97,0.99,1.4
64,12.1,53.92,0.99,1.41
64.1,12.1,53.87,0.99,1.41
64.2,12.1,53.82,0.99,1.42
64.3,12.1,53.76,0.99,1.43
64.4,12.1,53.7,0.99,1.43
64.5,12.1,53.64,0.98,1.44
64.6,12.1,53.58,0.98,1.45
64.7,12.1,53.52,0.98,1.45
64.8,12.1,53.45,0.98,1.46
64.9,12.1,53.39,0.98,1.47
65,12.1,53.32,0.98,1.47
65.1,12.1,53.25,0.98,1.48
65.2,12.1,53.17,0.98,1.49
65.3,12.1,53.1,0.97,1.49
65.4,12.1,53.02,0.97,1.5
65.5,12.1,52.94,0.97,1.5
65.6,12.1,52.85,0.97,1.51
65.7,12.1,52.77,0.97,1.52
65.8,12.1,52.68,0.97,1.52
65.9,12.1,52.59,0.97,1.53
66,12.1,52.5,0.97,1.54
66.1,12.1,52.4,0.97,1.54
58,12.2,54.76,1.12,1.04
58.1,12.2,54.75,1.12,1.05
58.2,12.2,54.75,1.11,1.05
58.3,12.2,54.75,1.11,1.06
58.4,12.2,54.75,1.11,1.06
58.5,12.2,54.74,1.11,1.07
58.6,12.2,54.74,1.1,1.08
58.7,12.2,54.74,1.1,1.08
58.8,12.2,54.74,1.1,1.09
58.9,12.2,54.73,1.1,1.09
59,12.2,54.73,1.1,1.1
59.1,12.2,54.73,1.09,1.1
59.2,12.2,54.73,1.09,1.11
59.3,12.2,54.72,1.09,1.12
59.4,12.2,54.72,1.09,1.12
59.5,12.2,54.72,1.08,1.13
59.6,12.2,54.71,1.08,1.13
59.7,12.2,54.71,1.08,1.14
59.8,12.2,54.71,1.08,1.14
59.9,12.2,54.7,1.07,1.15
60,12.2,54.7,1.07,1.16
60.1,12.2,54.69,1.07,1.16
60.2,12.2,54.68,1.07,1.17
60.3,12.2,54.68,1.06,1.17
60.4,12.2,54.67,1.06,1.18
60.5,12.2,54.66,1.06,1.19
60.6,12.2,54.65,1.06,1.19
60.7,12.2,54.64,1.05,1.2
60.8,12.2,54.63,1.05,1.2
60.9,12.2,54.62,1.05,1.21
61,12.2,54.61,1.05,1.22
61.1,12.2,54.6,1.04,1.22
61.2,12.2,54.59,1.04,1.23
61.3,12.2,54.57,1.04,1.23
61.4,12.2,54.56,1.04,1.24
61.5,12.2,54.54,1.04,1.25
61.6,12.2,54.52,1.03,1.25
61.7,12.2,54.51,1.03,1.26
61.8,12.2,54.49,1.03,1.26
61.9,12.2,54.47,1.03,1.27
62,12.2,54.45,1.02,1.28
62.1,12.2,54.42,1.02,1.28
62.2,12.2,54.4,1.02,1.29
62.3,12.2,54.38,1.02,1.29
62.4,12.2,54.35,1.02,1.3
62.5,12.2,54.32,1.01,1.31
62.6,12.2,54.3,1.01,1.31
62.7,12.2,54.27,1.01,1.32
62.8,12.2,54.24,1.01,1.32
62.9,12.2,54.2,1.01,1.33
63,12.2,54.17,1,1.34
63.1,12.2,54.13,1,1.34
63.2,12.2,54.1,1,1.35
63.3,12.2,54.06,1,1.36
63.4,12.2,54.02,1,1.36
63.5,12.2,53.98,0.99,1.37
63.6,12.2,53.93,0.99,1.37
63.7,12.2,53.89,0.99,1.38
63.8,12.2,53.84,0.99,1.39
63.9,12.2,53.79,0.99,1.39
64,12.2,53.74,0.99,1.4
64.1,12.2,53.69,0.98,1.41
64.2,12.2,53.64,0.98,1.41
64.3,12.2,53.58,0.98,1.42
64.4,12.2,53.53,0.98,1.43
64.5,12.2,53.47,0.98,1.43
64.6,12.2,53.41,0.98,1.44
64.7,12.2,53.34,0.98,1.45
64.8,12.2,53.28,0.97,1.45
64.9,12.2,53.21,0.97,1.46
65,12.2,53.14,0.97,1.46
65.1,12.2,53.07,0.97,1.47
65.2,12.2,53,0.97,1.48
65.3,12.2,52.92,0.97,1.48
65.4,12.2,52.84,0.97,1.49
65.5,12.2,52.76,0.97,1.5
65.6,12.2,52.68,0.97,1.5
65.7,12.2,52.59,0.96,1.51
65.8,12.2,52.51,0.96,1.52
65.9,12.2,52.42,0.96,1.52
66,12.2,52.32,0.96,1.53
66.1,12.2,52.23,0.96,1.54
58,12.3,54.57,1.12,1.04
58.1,12.3,54.57,1.11,1.04
58.2,12.3,54.57,1.11,1.05
58.3,12.3,54.57,1.11,1.05
58.4,12.3,54.56,1.11,1.06
58.5,12.3,54.56,1.1,1.06
58.6,12.3,54.56,1.1,1.07
58.7,12.3,54.56,1.1,1.08
58.8,12.3,54.56,1.1,1.08
58.9,12.3,54.55,1.09,1.09
59,12.3,54.55,1.09,1.09
59.1,12.3,54.55,1.09,1.1
59.2,12.3,54.55,1.09,1.1
59.3,12.3,54.54,1.08,1.11
59.4,12.3,54.54,1.08,1.11
59.5,12.3,54.54,1.08,1.12
59.6,12.3,54.53,1.08,1.13
59.7,12.3,54.53,1.07,1.13
59.8,12.3,54.53,1.07,1.14
59.9,12.3,54.52,1.07,1.14
60,12.3,54.52,1.07,1.15
60.1,12.3,54.51,1.06,1.16
60.2,12.3,54.5,1.06,1.16
60.3,12.3,54.5,1.06,1.17
60.4,12.3,54.49,1.06,1.17
60.5,12.3,54.48,1.05,1.18
60.6,12.3,54.47,1.05,1.18
60.7,12.3,54.46,1.05,1.19
60.8,12.3,54.45,1.05,1.2
60.9,12.3,54.44,1.04,1.2
61,12.3,54.43,1.04,1.21
61.1,12.3,54.42,1.04,1.21
61.2,12.3,54.41,1.04,1.22
61.3,12.3,54.39,1.04,1.23
61.4,12.3,54.38,1.03,1.23
61.5,12.3,54.36,1.03,1.24
61.6,12.3,54.35,1.03,1.24
61.7,12.3,54.33,1.03,1.25
61.8,12.3,54.31,1.02,1.26
61.9,12.3,54.29,1.02,1.26
62,12.3,54.27,1.02,1.27
62.1,12.3,54.25,1.02,1.27
62.2,12.3,54.22,1.01,1.28
62.3,12.3,54.2,1.01,1.29
62.4,12.3,54.17,1.01,1.29
62.5,12.3,54.15,1.01,1.3
62.6,12.3,54.12,1.01,1.31
62.7,12.3,54.09,1,1.31
62.8,12.3,54.06,1,1.32
62.9,12.3,54.03,1,1.32
63,12.3,53.99,1,1.33
63.1,12.3,53.96,1,1.34
63.2,12.3,53.92,0.99,1.34
63.3,12.3,53.88,0.99,1.35
63.4,12.3,53.84,0.99,1.36
63.5,12.3,53.8,0.99,1.36
63.6,12.3,53.76,0.99,1.37
63.7,12.3,53.71,0.98,1.37
63.8,12.3,53.67,0.98,1.38
63.9,12.3,53.62,0.98,1.39
64,12.3,53.57,0.98,1.39
64.1,12.3,53.52,0.98,1.4
64.2,12.3,53.46,0.98,1.41
64.3,12.3,53.41,0.98,1.41
64.4,12.3,53.35,0.97,1.42
64.5,12.3,53.29,0.97,1.42
64.6,12.3,53.23,0.97,1.43
64.7,12.3,53.17,0.97,1.44
64.8,12.3,53.1,0.97,1.44
64.9,12.3,53.04,0.97,1.45
65,12.3,52.97,0.97,1.46
65.1,12.3,52.89,0.96,1.46
65.2,12.3,52.82,0.96,1.47
65.3,12.3,52.75,0.96,1.48
65.4,12.3,52.67,0.96,1.48
65.5,12.3,52.59,0.96,1.49
65.6,12.3,52.5,0.96,1.5
65.7,12.3,52.42,0.96,1.5
65.8,12.3,52.33,0.96,1.51
65.9,12.3,52.24,0.96,1.52
66,12.3,52.15,0.96,1.52
66.1,12.3,52.06,0.96,1.53
58,12.4,54.39,1.11,1.03
58.1,12.4,54.39,1.11,1.04
58.2,12.4,54.39,1.11,1.04
58.3,12.4,54.39,1.1,1.05
58.4,12.4,54.39,1.1,1.05
58.5,12.4,54.38,1.1,1.06
58.6,12.4,54.38,1.1,1.06
58.7,12.4,54.38,1.09,1.07
58.8,12.4,54.38,1.09,1.07
58.9,12.4,54.37,1.09,1.08
59,12.4,54.37,1.09,1.09
59.1,12.4,54.37,1.08,1.09
59.2,12.4,54.37,1.08,1.1
59.3,12.4,54.36,1.08,1.1
59.4,12.4,54.36,1.08,1.11
59.5,12.4,54.36,1.07,1.11
59.6,12.4,54.35,1.07,1.12
59.7,12.4,54.35,1.07,1.13
59.8,12.4,54.35,1.07,1.13
59.9,12.4,54.34,1.06,1.14
60,12.4,54.34,1.06,1.14
60.1,12.4,54.33,1.06,1.15
60.2,12.4,54.33,1.06,1.15
60.3,12.4,54.32,1.05,1.16
60.4,12.4,54.31,1.05,1.17
60.5,12.4,54.3,1.05,1.17
60.6,12.4,54.3,1.05,1.18
60.7,12.4,54.29,1.04,1.18
60.8,12.4,54.28,1.04,1.19
60.9,12.4,54.27,1.04,1.2
61,12.4,54.25,1.04,1.2
61.1,12.4,54.24,1.03,1.21
61.2,12.4,54.23,1.03,1.21
61.3,12.4,54.22,1.03,1.22
61.4,12.4,54.2,1.03,1.23
61.5,12.4,54.19,1.03,1.23
61.6,12.4,54.17,1.02,1.24
61.7,12.4,54.15,1.02,1.24
61.8,12.4,54.13,1.02,1.25
61.9,12.4,54.11,1.02,1.26
62,12.4,54.09,1.01,1.26
62.1,12.4,54.07,1.01,1.27
62.2,12.4,54.05,1.01,1.27
62.3,12.4,54.02,1.01,1.28
62.4,12.4,54,1,1.29
62.5,12.4,53.97,1,1.29
62.6,12.4,53.94,1,1.3
62.7,12.4,53.91,1,1.3
62.8,12.4,53.88,1,1.31
62.9,12.4,53.85,0.99,1.32
63,12.4,53.82,0.99,1.32
63.1,12.4,53.78,0.99,1.33
63.2,12.4,53.74,0.99,1.34
63.3,12.4,53.71,0.99,1.34
63.4,12.4,53.67,0.98,1.35
63.5,12.4,53.63,0.98,1.35
63.6,12.4,53.58,0.98,1.36
63.7,12.4,53.54,0.98,1.37
63.8,12.4,53.49,0.98,1.37
63.9,12.4,53.44,0.98,1.38
64,12.4,53.39,0.97,1.39
64.1,12.4,53.34,0.97,1.39
64.2,12.4,53.29,0.97,1.4
64.3,12.4,53.23,0.97,1.4
64.4,12.4,53.18,0.97,1.41
64.5,12.4,53.12,0.97,1.42
64.6,12.4,53.06,0.97,1.42
64.7,12.4,52.99,0.96,1.43
64.8,12.4,52.93,0.96,1.44
64.9,12.4,52.86,0.96,1.44
65,12.4,52.79,0.96,1.45
65.1,12.4,52.72,0.96,1.46
65.2,12.4,52.65,0.96,1.46
65.3,12.4,52.57,0.96,1.47
65.4,12.4,52.49,0.96,1.48
65.5,12.4,52.41,0.95,1.48
65.6,12.4,52.33,0.95,1.49
65.7,12.4,52.25,0.95,1.5
65.8,12.4,52.16,0.95,1.5
65.9,12.4,52.07,0.95,1.51
66,12.4,51.98,0.95,1.52
66.1,12.4,51.88,0.95,1.52
58,12.5,54.22,1.11,1.02
58.1,12.5,54.21,1.11,1.03
58.2,12.5,54.21,1.1,1.03
58.3,12.5,54.21,1.1,1.04
58.4,12.5,54.21,1.1,1.05
58.5,12.5,54.21,1.1,1.05
58.6,12.5,54.2,1.09,1.06
58.7,12.5,54.2,1.09,1.06
58.8,12.5,54.2,1.09,1.07
58.9,12.5,54.2,1.09,1.07
59,12.5,54.19,1.08,1.08
59.1,12.5,54.19,1.08,1.09
59.2,12.5,54.19,1.08,1.09
59.3,12.5,54.19,1.08,1.1
59.4,12.5,54.18,1.07,1.1
59.5,12.5,54.18,1.07,1.11
59.6,12.5,54.18,1.07,1.11
59.7,12.5,54.17,1.07,1.12
59.8,12.5,54.17,1.06,1.13
59.9,12.5,54.16,1.06,1.13
60,12.5,54.16,1.06,1.14
60.1,12.5,54.15,1.06,1.14
60.2,12.5,54.15,1.05,1.15
60.3,12.5,54.14,1.05,1.15
60.4,12.5,54.13,1.05,1.16
60.5,12.5,54.13,1.04,1.17
60.6,12.5,54.12,1.04,1.17
60.7,12.5,54.11,1.04,1.18
60.8,12.5,54.1,1.04,1.18
60.9,12.5,54.09,1.03,1.19
61,12.5,54.08,1.03,1.2
61.1,12.5,54.07,1.03,1.2
61.2,12.5,54.05,1.03,1.21
61.3,12.5,54.04,1.03,1.21
61.4,12.5,54.02,1.02,1.22
61.5,12.5,54.01,1.02,1.23
61.6,12.5,53.99,1.02,1.23
61.7,12.5,53.98,1.02,1.24
61.8,12.5,53.96,1.01,1.24
61.9,12.5,53.94,1.01,1.25
62,12.5,53.92,1.01,1.26
62.1,12.5,53.89,1.01,1.26
62.2,12.5,53.87,1,1.27
62.3,12.5,53.85,1,1.27
62.4,12.5,53.82,1,1.28
62.5,12.5,53.8,1,1.29
62.6,12.5,53.77,1,1.29
62.7,12.5,53.74,0.99,1.3
62.8,12.5,53.71,0.99,1.3
62.9,12.5,53.67,0.99,1.31
63,12.5,53.64,0.99,1.32
63.1,12.5,53.61,0.98,1.32
63.2,12.5,53.57,0.98,1.33
63.3,12.5,53.53,0.98,1.33
63.4,12.5,53.49,0.98,1.34
63.5,12.5,53.45,0.98,1.35
63.6,12.5,53.41,0.98,1.35
63.7,12.5,53.36,0.97,1.36
63.8,12.5,53.32,0.97,1.37
63.9,12.5,53.27,0.97,1.37
64,12.5,53.22,0.97,1.38
64.1,12.5,53.17,0.97,1.39
64.2,12.5,53.12,0.97,1.39
64.3,12.5,53.06,0.96,1.4
64.4,12.5,53,0.96,1.4
64.5,12.5,52.94,0.96,1.41
64.6,12.5,52.88,0.96,1.42
64.7,12.5,52.82,0.96,1.42
64.8,12.5,52.76,0.96,1.43
64.9,12.5,52.69,0.96,1.44
65,12.5,52.62,0.95,1.44
65.1,12.5,52.55,0.95,1.45
65.2,12.5,52.48,0.95,1.46
65.3,12.5,52.4,0.95,1.46
65.4,12.5,52.32,0.95,1.47
65.5,12.5,52.24,0.95,1.47
65.6,12.5,52.16,0.95,1.48
65.7,12.5,52.07,0.95,1.49
65.8,12.5,51.99,0.95,1.49
65.9,12.5,51.9,0.94,1.5
66,12.5,51.81,0.94,1.51
66.1,12.5,51.71,0.94,1.51
58,12.6,54.04,1.1,1.02
58.1,12.6,54.04,1.1,1.02
58.2,12.6,54.03,1.1,1.03
58.3,12.6,54.03,1.1,1.03
58.4,12.6,54.03,1.09,1.04
58.5,12.6,54.03,1.09,1.05
58.6,12.6,54.03,1.09,1.05
58.7,12.6,54.02,1.09,1.06
58.8,12.6,54.02,1.08,1.06
58.9,12.6,54.02,1.08,1.07
59,12.6,54.02,1.08,1.07
59.1,12.6,54.02,1.08,1.08
59.2,12.6,54.01,1.07,1.08
59.3,12.6,54.01,1.07,1.09
59.4,12.6,54.01,1.07,1.1
59.5,12.6,54.01,1.07,1.1
59.6,12.6,54,1.06,1.11
59.7,12.6,54,1.06,1.11
59.8,12.6,53.99,1.06,1.12
59.9,12.6,53.99,1.06,1.12
60,12.6,53.98,1.05,1.13
60.1,12.6,53.98,1.05,1.14
60.2,12.6,53.97,1.05,1.14
60.3,12.6,53.97,1.05,1.15
60.4,12.6,53.96,1.04,1.15
60.5,12.6,53.95,1.04,1.16
60.6,12.6,53.94,1.04,1.17
60.7,12.6,53.93,1.04,1.17
60.8,12.6,53.92,1.03,1.18
60.9,12.6,53.91,1.03,1.18
61,12.6,53.9,1.03,1.19
61.1,12.6,53.89,1.03,1.19
61.2,12.6,53.88,1.02,1.2
61.3,12.6,53.86,1.02,1.21
61.4,12.6,53.85,1.02,1.21
61.5,12.6,53.83,1.02,1.22
61.6,12.6,53.82,1.01,1.22
61.7,12.6,53.8,1.01,1.23
61.8,12.6,53.78,1.01,1.24
61.9,12.6,53.76,1.01,1.24
62,12.6,53.74,1,1.25
62.1,12.6,53.72,1,1.25
62.2,12.6,53.7,1,1.26
62.3,12.6,53.67,1,1.27
62.4,12.6,53.65,0.99,1.27
62.5,12.6,53.62,0.99,1.28
62.6,12.6,53.59,0.99,1.28
62.7,12.6,53.56,0.99,1.29
62.8,12.6,53.53,0.99,1.3
62.9,12.6,53.5,0.98,1.3
63,12.6,53.47,0.98,1.31
63.1,12.6,53.43,0.98,1.32
63.2,12.6,53.4,0.98,1.32
63.3,12.6,53.36,0.98,1.33
63.4,12.6,53.32,0.97,1.33
63.5,12.6,53.28,0.97,1.34
63.6,12.6,53.24,0.97,1.35
63.7,12.6,53.19,0.97,1.35
63.8,12.6,53.15,0.97,1.36
63.9,12.6,53.1,0.96,1.37
64,12.6,53.05,0.96,1.37
64.1,12.6,53,0.96,1.38
64.2,12.6,52.94,0.96,1.38
64.3,12.6,52.89,0.96,1.39
64.4,12.6,52.83,0.96,1.4
64.5,12.6,52.77,0.95,1.4
64.6,12.6,52.71,0.95,1.41
64.7,12.6,52.65,0.95,1.42
64.8,12.6,52.58,0.95,1.42
64.9,12.6,52.52,0.95,1.43
65,12.6,52.45,0.95,1.44
65.1,12.6,52.38,0.95,1.44
65.2,12.6,52.3,0.95,1.45
65.3,12.6,52.23,0.94,1.45
65.4,12.6,52.15,0.94,1.46
65.5,12.6,52.07,0.94,1.47
65.6,12.6,51.99,0.94,1.47
65.7,12.6,51.9,0.94,1.48
65.8,12.6,51.82,0.94,1.49
65.9,12.6,51.73,0.94,1.49
66,12.6,51.64,0.94,1.5
66.1,12.6,51.54,0.94,1.51
58,12.7,53.86,1.1,1.01
58.1,12.7,53.86,1.1,1.02
58.2,12.7,53.86,1.1,1.02
58.3,12.7,53.86,1.09,1.03
58.4,12.7,53.85,1.09,1.03
58.5,12.7,53.85,1.09,1.04
58.6,12.7,53.85,1.09,1.04
58.7,12.7,53.85,1.08,1.05
58.8,12.7,53.85,1.08,1.06
58.9,12.7,53.85,1.08,1.06
59,12.7,53.84,1.07,1.07
59.1,12.7,53.84,1.07,1.07
59.2,12.7,53.84,1.07,1.08
59.3,12.7,53.84,1.07,1.08
59.4,12.7,53.83,1.06,1.09
59.5,12.7,53.83,1.06,1.1
59.6,12.7,53.83,1.06,1.1
59.7,12.7,53.82,1.06,1.11
59.8,12.7,53.82,1.05,1.11
59.9,12.7,53.81,1.05,1.12
60,12.7,53.81,1.05,1.12
60.1,12.7,53.8,1.05,1.13
60.2,12.7,53.8,1.04,1.14
60.3,12.7,53.79,1.04,1.14
60.4,12.7,53.79,1.04,1.15
60.5,12.7,53.78,1.04,1.15
60.6,12.7,53.77,1.03,1.16
60.7,12.7,53.76,1.03,1.16
60.8,12.7,53.75,1.03,1.17
60.9,12.7,53.74,1.03,1.18
61,12.7,53.73,1.02,1.18
61.1,12.7,53.72,1.02,1.19
61.2,12.7,53.7,1.02,1.19
61.3,12.7,53.69,1.02,1.2
61.4,12.7,53.68,1.01,1.21
61.5,12.7,53.66,1.01,1.21
61.6,12.7,53.65,1.01,1.22
61.7,12.7,53.63,1.01,1.22
61.8,12.7,53.61,1,1.23
61.9,12.7,53.59,1,1.24
62,12.7,53.57,1,1.24
62.1,12.7,53.55,1,1.25
62.2,12.7,53.52,0.99,1.25
62.3,12.7,53.5,0.99,1.26
62.4,12.7,53.48,0.99,1.27
62.5,12.7,53.45,0.99,1.27
62.6,12.7,53.42,0.98,1.28
62.7,12.7,53.39,0.98,1.28
62.8,12.7,53.36,0.98,1.29
62.9,12.7,53.33,0.98,1.3
63,12.7,53.3,0.98,1.3
63.1,12.7,53.26,0.97,1.31
63.2,12.7,53.23,0.97,1.31
63.3,12.7,53.19,0.97,1.32
63.4,12.7,53.15,0.97,1.33
63.5,12.7,53.11,0.97,1.33
63.6,12.7,53.06,0.96,1.34
63.7,12.7,53.02,0.96,1.35
63.8,12.7,52.97,0.96,1.35
63.9,12.7,52.93,0.96,1.36
64,12.7,52.88,0.96,1.36
64.1,12.7,52.83,0.96,1.37
64.2,12.7,52.77,0.95,1.38
64.3,12.7,52.72,0.95,1.38
64.4,12.7,52.66,0.95,1.39
64.5,12.7,52.6,0.95,1.4
64.6,12.7,52.54,0.95,1.4
64.7,12.7,52.48,0.95,1.41
64.8,12.7,52.41,0.94,1.42
64.9,12.7,52.35,0.94,1.42
65,12.7,52.28,0.94,1.43
65.1,12.7,52.21,0.94,1.43
65.2,12.7,52.13,0.94,1.44
65.3,12.7,52.06,0.94,1.45
65.4,12.7,51.98,0.94,1.45
65.5,12.7,51.9,0.94,1.46
65.6,12.7,51.82,0.93,1.47
65.7,12.7,51.74,0.93,1.47
65.8,12.7,51.65,0.93,1.48
65.9,12.7,51.56,0.93,1.49
66,12.7,51.47,0.93,1.49
66.1,12.7,51.37,0.93,1.5
58,12.8,53.69,1.1,1.01
58.1,12.8,53.69,1.09,1.01
58.2,12.8,53.68,1.09,1.02
58.3,12.8,53.68,1.09,1.02
58.4,12.8,53.68,1.09,1.03
58.5,12.8,53.68,1.08,1.03
58.6,12.8,53.68,1.08,1.04
58.7,12.8,53.68,1.08,1.04
58.8,12.8,53.67,1.08,1.05
58.9,12.8,53.67,1.07,1.06
59,12.8,53.67,1.07,1.06
59.1,12.8,53.67,1.07,1.07
59.2,12.8,53.67,1.07,1.07
59.3,12.8,53.66,1.06,1.08
59.4,12.8,53.66,1.06,1.08
59.5,12.8,53.66,1.06,1.09
59.6,12.8,53.65,1.05,1.09
59.7,12.8,53.65,1.05,1.1
59.8,12.8,53.65,1.05,1.11
59.9,12.8,53.64,1.05,1.11
60,12.8,53.64,1.04,1.12
60.1,12.8,53.63,1.04,1.12
60.2,12.8,53.63,1.04,1.13
60.3,12.8,53.62,1.04,1.13
60.4,12.8,53.61,1.03,1.14
60.5,12.8,53.6,1.03,1.15
60.6,12.8,53.6,1.03,1.15
60.7,12.8,53.59,1.03,1.16
60.8,12.8,53.58,1.02,1.16
60.9,12.8,53.57,1.02,1.17
61,12.8,53.56,1.02,1.18
61.1,12.8,53.55,1.02,1.18
61.2,12.8,53.53,1.01,1.19
61.3,12.8,53.52,1.01,1.19
61.4,12.8,53.5,1.01,1.2
61.5,12.8,53.49,1,1.21
61.6,12.8,53.47,1,1.21
61.7,12.8,53.46,1,1.22
61.8,12.8,53.44,1,1.22
61.9,12.8,53.42,1,1.23
62,12.8,53.4,0.99,1.23
62.1,12.8,53.38,0.99,1.24
62.2,12.8,53.35,0.99,1.25
62.3,12.8,53.33,0.99,1.25
62.4,12.8,53.3,0.98,1.26
62.5,12.8,53.28,0.98,1.27
62.6,12.8,53.25,0.98,1.27
62.7,12.8,53.22,0.98,1.28
62.8,12.8,53.19,0.97,1.28
62.9,12.8,53.16,0.97,1.29
63,12.8,53.13,0.97,1.3
63.1,12.8,53.09,0.97,1.3
63.2,12.8,53.06,0.97,1.31
63.3,12.8,53.02,0.96,1.31
63.4,12.8,52.98,0.96,1.32
63.5,12.8,52.94,0.96,1.33
63.6,12.8,52.89,0.96,1.33
63.7,12.8,52.85,0.96,1.34
63.8,12.8,52.8,0.95,1.35
63.9,12.8,52.76,0.95,1.35
64,12.8,52.71,0.95,1.36
64.1,12.8,52.66,0.95,1.36
64.2,12.8,52.6,0.95,1.37
64.3,12.8,52.55,0.95,1.38
64.4,12.8,52.49,0.94,1.38
64.5,12.8,52.43,0.94,1.39
64.6,12.8,52.37,0.94,1.4
64.7,12.8,52.31,0.94,1.4
64.8,12.8,52.25,0.94,1.41
64.9,12.8,52.18,0.94,1.41
65,12.8,52.11,0.94,1.42
65.1,12.8,52.04,0.93,1.43
65.2,12.8,51.97,0.93,1.43
65.3,12.8,51.89,0.93,1.44
65.4,12.8,51.81,0.93,1.45
65.5,12.8,51.73,0.93,1.45
65.6,12.8,51.65,0.93,1.46
65.7,12.8,51.57,0.93,1.47
65.8,12.8,51.48,0.93,1.47
65.9,12.8,51.39,0.93,1.48
66,12.8,51.3,0.93,1.49
66.1,12.8,51.21,0.92,1.49
58,12.9,53.52,1.09,1
58.1,12.9,53.51,1.09,1
58.2,12.9,53.51,1.09,1.01
58.3,12.9,53.51,1.09,1.02
58.4,12.9,53.51,1.08,1.02
58.5,12.9,53.51,1.08,1.03
58.6,12.9,53.5,1.08,1.03
58.7,12.9,53.5,1.07,1.04
58.8,12.9,53.5,1.07,1.04
58.9,12.9,53.5,1.07,1.05
59,12.9,53.5,1.07,1.05
59.1,12.9,53.5,1.06,1.06
59.2,12.9,53.49,1.06,1.07
59.3,12.9,53.49,1.06,1.07
59.4,12.9,53.49,1.06,1.08
59.5,12.9,53.49,1.05,1.08
59.6,12.9,53.48,1.05,1.09
59.7,12.9,53.48,1.05,1.09
59.8,12.9,53.47,1.04,1.1
59.9,12.9,53.47,1.04,1.11
60,12.9,53.47,1.04,1.11
60.1,12.9,53.46,1.04,1.12
60.2,12.9,53.45,1.03,1.12
60.3,12.9,53.45,1.03,1.13
60.4,12.9,53.44,1.03,1.13
60.5,12.9,53.43,1.03,1.14
60.6,12.9,53.43,1.02,1.15
60.7,12.9,53.42,1.02,1.15
60.8,12.9,53.41,1.02,1.16
60.9,12.9,53.4,1.02,1.16
61,12.9,53.39,1.01,1.17
61.1,12.9,53.37,1.01,1.17
61.2,12.9,53.36,1.01,1.18
61.3,12.9,53.35,1,1.19
61.4,12.9,53.33,1,1.19
61.5,12.9,53.32,1,1.2
61.6,12.9,53.3,1,1.2
61.7,12.9,53.29,0.99,1.21
61.8,12.9,53.27,0.99,1.22
61.9,12.9,53.25,0.99,1.22
62,12.9,53.23,0.99,1.23
62.1,12.9,53.21,0.98,1.23
62.2,12.9,53.18,0.98,1.24
62.3,12.9,53.16,0.98,1.25
62.4,12.9,53.13,0.98,1.25
62.5,12.9,53.11,0.98,1.26
62.6,12.9,53.08,0.97,1.26
62.7,12.9,53.05,0.97,1.27
62.8,12.9,53.02,0.97,1.28
62.9,12.9,52.99,0.97,1.28
63,12.9,52.96,0.96,1.29
63.1,12.9,52.92,0.96,1.29
63.2,12.9,52.89,0.96,1.3
63.3,12.9,52.85,0.96,1.31
63.4,12.9,52.81,0.96,1.31
63.5,12.9,52.77,0.95,1.32
63.6,12.9,52.73,0.95,1.33
63.7,12.9,52.68,0.95,1.33
63.8,12.9,52.64,0.95,1.34
63.9,12.9,52.59,0.95,1.34
64,12.9,52.54,0.94,1.35
64.1,12.9,52.49,0.94,1.36
64.2,12.9,52.44,0.94,1.36
64.3,12.9,52.38,0.94,1.37
64.4,12.9,52.32,0.94,1.38
64.5,12.9,52.27,0.94,1.38
64.6,12.9,52.21,0.93,1.39
64.7,12.9,52.14,0.93,1.39
64.8,12.9,52.08,0.93,1.4
64.9,12.9,52.01,0.93,1.41
65,12.9,51.94,0.93,1.41
65.1,12.9,51.87,0.93,1.42
65.2,12.9,51.8,0.93,1.43
65.3,12.9,51.72,0.93,1.43
65.4,12.9,51.65,0.92,1.44
65.5,12.9,51.57,0.92,1.45
65.6,12.9,51.49,0.92,1.45
65.7,12.9,51.4,0.92,1.46
65.8,12.9,51.32,0.92,1.47
65.9,12.9,51.23,0.92,1.47
66,12.9,51.14,0.92,1.48
66.1,12.9,51.04,0.92,1.48
58,13,53.34,1.09,0.99
58.1,13,53.34,1.09,1
58.2,13,53.34,1.08,1
58.3,13,53.34,1.08,1.01
58.4,13,53.34,1.08,1.02
58.5,13,53.34,1.08,1.02
58.6,13,53.33,1.07,1.03
58.7,13,53.33,1.07,1.03
58.8,13,53.33,1.07,1.04
58.9,13,53.33,1.06,1.04
59,13,53.33,1.06,1.05
59.1,13,53.32,1.06,1.05
59.2,13,53.32,1.06,1.06
59.3,13,53.32,1.05,1.07
59.4,13,53.32,1.05,1.07
59.5,13,53.31,1.05,1.08
59.6,13,53.31,1.05,1.08
59.7,13,53.31,1.04,1.09
59.8,13,53.3,1.04,1.09
59.9,13,53.3,1.04,1.1
60,13,53.29,1.03,1.11
60.1,13,53.29,1.03,1.11
60.2,13,53.28,1.03,1.12
60.3,13,53.28,1.03,1.12
60.4,13,53.27,1.02,1.13
60.5,13,53.26,1.02,1.13
60.6,13,53.26,1.02,1.14
60.7,13,53.25,1.02,1.15
60.8,13,53.24,1.01,1.15
60.9,13,53.23,1.01,1.16
61,13,53.22,1.01,1.16
61.1,13,53.21,1,1.17
61.2,13,53.19,1,1.17
61.3,13,53.18,1,1.18
61.4,13,53.17,1,1.19
61.5,13,53.15,0.99,1.19
61.6,13,53.13,0.99,1.2
61.7,13,53.12,0.99,1.2
61.8,13,53.1,0.99,1.21
61.9,13,53.08,0.98,1.22
62,13,53.06,0.98,1.22
62.1,13,53.04,0.98,1.23
62.2,13,53.02,0.98,1.23
62.3,13,52.99,0.97,1.24
62.4,13,52.97,0.97,1.25
62.5,13,52.94,0.97,1.25
62.6,13,52.91,0.97,1.26
62.7,13,52.88,0.97,1.26
62.8,13,52.85,0.96,1.27
62.9,13,52.82,0.96,1.28
63,13,52.79,0.96,1.28
63.1,13,52.75,0.96,1.29
63.2,13,52.72,0.95,1.29
63.3,13,52.68,0.95,1.3
63.4,13,52.64,0.95,1.31
63.5,13,52.6,0.95,1.31
63.6,13,52.56,0.95,1.32
63.7,13,52.52,0.94,1.33
63.8,13,52.47,0.94,1.33
63.9,13,52.42,0.94,1.34
64,13,52.37,0.94,1.34
64.1,13,52.32,0.94,1.35
64.2,13,52.27,0.94,1.36
64.3,13,52.21,0.93,1.36
64.4,13,52.16,0.93,1.37
64.5,13,52.1,0.93,1.37
64.6,13,52.04,0.93,1.38
64.7,13,51.98,0.93,1.39
64.8,13,51.91,0.93,1.39
64.9,13,51.85,0.92,1.4
65,13,51.78,0.92,1.41
65.1,13,51.71,0.92,1.41
65.2,13,51.63,0.92,1.42
65.3,13,51.56,0.92,1.43
65.4,13,51.48,0.92,1.43
65.5,13,51.4,0.92,1.44
65.6,13,51.32,0.92,1.44
65.7,13,51.24,0.91,1.45
65.8,13,51.15,0.91,1.46
65.9,13,51.06,0.91,1.46
66,13,50.97,0.91,1.47
66.1,13,50.88,0.91,1.48
58,13.1,53.17,1.08,0.99
58.1,13.1,53.17,1.08,0.99
58.2,13.1,53.17,1.08,1
58.3,13.1,53.17,1.08,1
58.4,13.1,53.17,1.07,1.01
58.5,13.1,53.17,1.07,1.01
58.6,13.1,53.16,1.07,1.02
58.7,13.1,53.16,1.07,1.03
58.8,13.1,53.16,1.06,1.03
58.9,13.1,53.16,1.06,1.04
59,13.1,53.16,1.06,1.04
59.1,13.1,53.15,1.05,1.05
59.2,13.1,53.15,1.05,1.05
59.3,13.1,53.15,1.05,1.06
59.4,13.1,53.15,1.05,1.06
59.5,13.1,53.15,1.04,1.07
59.6,13.1,53.14,1.04,1.08
59.7,13.1,53.14,1.04,1.08
59.8,13.1,53.13,1.04,1.09
59.9,13.1,53.13,1.03,1.09
60,13.1,53.13,1.03,1.1
60.1,13.1,53.12,1.03,1.1
60.2,13.1,53.12,1.02,1.11
60.3,13.1,53.11,1.02,1.12
60.4,13.1,53.1,1.02,1.12
60.5,13.1,53.1,1.02,1.13
60.6,13.1,53.09,1.01,1.13
60.7,13.1,53.08,1.01,1.14
60.8,13.1,53.07,1.01,1.14
60.9,13.1,53.06,1.01,1.15
61,13.1,53.05,1,1.16
61.1,13.1,53.04,1,1.16
61.2,13.1,53.02,1,1.17
61.3,13.1,53.01,0.99,1.17
61.4,13.1,53,0.99,1.18
61.5,13.1,52.98,0.99,1.19
61.6,13.1,52.97,0.99,1.19
61.7,13.1,52.95,0.98,1.2
61.8,13.1,52.93,0.98,1.2
61.9,13.1,52.91,0.98,1.21
62,13.1,52.89,0.98,1.22
62.1,13.1,52.87,0.97,1.22
62.2,13.1,52.85,0.97,1.23
62.3,13.1,52.82,0.97,1.23
62.4,13.1,52.8,0.97,1.24
62.5,13.1,52.77,0.96,1.25
62.6,13.1,52.75,0.96,1.25
62.7,13.1,52.72,0.96,1.26
62.8,13.1,52.69,0.96,1.26
62.9,13.1,52.66,0.95,1.27
63,13.1,52.62,0.95,1.28
63.1,13.1,52.59,0.95,1.28
63.2,13.1,52.55,0.95,1.29
63.3,13.1,52.51,0.95,1.29
63.4,13.1,52.48,0.94,1.3
63.5,13.1,52.44,0.94,1.31
63.6,13.1,52.39,0.94,1.31
63.7,13.1,52.35,0.94,1.32
63.8,13.1,52.3,0.94,1.32
63.9,13.1,52.26,0.93,1.33
64,13.1,52.21,0.93,1.34
64.1,13.1,52.16,0.93,1.34
64.2,13.1,52.1,0.93,1.35
64.3,13.1,52.05,0.93,1.36
64.4,13.1,51.99,0.93,1.36
64.5,13.1,51.93,0.92,1.37
64.6,13.1,51.87,0.92,1.37
64.7,13.1,51.81,0.92,1.38
64.8,13.1,51.75,0.92,1.39
64.9,13.1,51.68,0.92,1.39
65,13.1,51.61,0.92,1.4
65.1,13.1,51.54,0.92,1.41
65.2,13.1,51.47,0.91,1.41
65.3,13.1,51.4,0.91,1.42
65.4,13.1,51.32,0.91,1.42
65.5,13.1,51.24,0.91,1.43
65.6,13.1,51.16,0.91,1.44
65.7,13.1,51.07,0.91,1.44
65.8,13.1,50.99,0.91,1.45
65.9,13.1,50.9,0.91,1.46
66,13.1,50.81,0.91,1.46
66.1,13.1,50.71,0.91,1.47
58,13.2,53.01,1.08,0.98
58.1,13.2,53,1.08,0.99
58.2,13.2,53,1.08,0.99
58.3,13.2,53,1.07,1
58.4,13.2,53,1.07,1
58.5,13.2,53,1.07,1.01
58.6,13.2,53,1.06,1.01
58.7,13.2,52.99,1.06,1.02
58.8,13.2,52.99,1.06,1.03
58.9,13.2,52.99,1.06,1.03
59,13.2,52.99,1.05,1.04
59.1,13.2,52.99,1.05,1.04
59.2,13.2,52.98,1.05,1.05
59.3,13.2,52.98,1.04,1.05
59.4,13.2,52.98,1.04,1.06
59.5,13.2,52.98,1.04,1.06
59.6,13.2,52.97,1.04,1.07
59.7,13.2,52.97,1.03,1.08
59.8,13.2,52.97,1.03,1.08
59.9,13.2,52.96,1.03,1.09
60,13.2,52.96,1.02,1.09
60.1,13.2,52.95,1.02,1.1
60.2,13.2,52.95,1.02,1.1
60.3,13.2,52.94,1.02,1.11
60.4,13.2,52.94,1.01,1.12
60.5,13.2,52.93,1.01,1.12
60.6,13.2,52.92,1.01,1.13
60.7,13.2,52.91,1.01,1.13
60.8,13.2,52.9,1,1.14
60.9,13.2,52.89,1,1.14
61,13.2,52.88,1,1.15
61.1,13.2,52.87,0.99,1.16
61.2,13.2,52.86,0.99,1.16
61.3,13.2,52.84,0.99,1.17
61.4,13.2,52.83,0.99,1.17
61.5,13.2,52.82,0.98,1.18
61.6,13.2,52.8,0.98,1.18
61.7,13.2,52.78,0.98,1.19
61.8,13.2,52.76,0.98,1.2
61.9,13.2,52.75,0.97,1.2
62,13.2,52.73,0.97,1.21
62.1,13.2,52.7,0.97,1.21
62.2,13.2,52.68,0.97,1.22
62.3,13.2,52.66,0.96,1.23
62.4,13.2,52.63,0.96,1.23
62.5,13.2,52.61,0.96,1.24
62.6,13.2,52.58,0.96,1.24
62.7,13.2,52.55,0.95,1.25
62.8,13.2,52.52,0.95,1.26
62.9,13.2,52.49,0.95,1.26
63,13.2,52.46,0.95,1.27
63.1,13.2,52.42,0.94,1.27
63.2,13.2,52.39,0.94,1.28
63.3,13.2,52.35,0.94,1.29
63.4,13.2,52.31,0.94,1.29
63.5,13.2,52.27,0.94,1.3
63.6,13.2,52.23,0.93,1.31
63.7,13.2,52.18,0.93,1.31
63.8,13.2,52.14,0.93,1.32
63.9,13.2,52.09,0.93,1.32
64,13.2,52.04,0.93,1.33
64.1,13.2,51.99,0.92,1.34
64.2,13.2,51.94,0.92,1.34
64.3,13.2,51.89,0.92,1.35
64.4,13.2,51.83,0.92,1.35
64.5,13.2,51.77,0.92,1.36
64.6,13.2,51.71,0.92,1.37
64.7,13.2,51.65,0.91,1.37
64.8,13.2,51.58,0.91,1.38
64.9,13.2,51.52,0.91,1.39
65,13.2,51.45,0.91,1.39
65.1,13.2,51.38,0.91,1.4
65.2,13.2,51.31,0.91,1.41
65.3,13.2,51.23,0.91,1.41
65.4,13.2,51.16,0.91,1.42
65.5,13.2,51.08,0.9,1.42
65.6,13.2,51,0.9,1.43
65.7,13.2,50.91,0.9,1.44
65.8,13.2,50.83,0.9,1.44
65.9,13.2,50.74,0.9,1.45
66,13.2,50.65,0.9,1.46
66.1,13.2,50.55,0.9,1.46
58,13.3,52.84,1.08,0.98
58.1,13.3,52.84,1.07,0.98
58.2,13.3,52.83,1.07,0.99
58.3,13.3,52.83,1.07,0.99
58.4,13.3,52.83,1.07,1
58.5,13.3,52.83,1.06,1
58.6,13.3,52.83,1.06,1.01
58.7,13.3,52.83,1.06,1.01
58.8,13.3,52.82,1.05,1.02
58.9,13.3,52.82,1.05,1.03
59,13.3,52.82,1.05,1.03
59.1,13.3,52.82,1.05,1.04
59.2,13.3,52.82,1.04,1.04
59.3,13.3,52.82,1.04,1.05
59.4,13.3,52.81,1.04,1.05
59.5,13.3,52.81,1.03,1.06
59.6,13.3,52.81,1.03,1.06
59.7,13.3,52.8,1.03,1.07
59.8,13.3,52.8,1.03,1.08
59.9,13.3,52.8,1.02,1.08
60,13.3,52.79,1.02,1.09
60.1,13.3,52.79,1.02,1.09
60.2,13.3,52.78,1.01,1.1
60.3,13.3,52.78,1.01,1.1
60.4,13.3,52.77,1.01,1.11
60.5,13.3,52.76,1.01,1.11
60.6,13.3,52.75,1,1.12
60.7,13.3,52.75,1,1.13
60.8,13.3,52.74,1,1.13
60.9,13.3,52.73,0.99,1.14
61,13.3,52.72,0.99,1.14
61.1,13.3,52.7,0.99,1.15
61.2,13.3,52.69,0.99,1.16
61.3,13.3,52.68,0.98,1.16
61.4,13.3,52.67,0.98,1.17
61.5,13.3,52.65,0.98,1.17
61.6,13.3,52.63,0.98,1.18
61.7,13.3,52.62,0.97,1.18
61.8,13.3,52.6,0.97,1.19
61.9,13.3,52.58,0.97,1.2
62,13.3,52.56,0.97,1.2
62.1,13.3,52.54,0.96,1.21
62.2,13.3,52.52,0.96,1.21
62.3,13.3,52.49,0.96,1.22
62.4,13.3,52.47,0.96,1.23
62.5,13.3,52.44,0.95,1.23
62.6,13.3,52.42,0.95,1.24
62.7,13.3,52.39,0.95,1.24
62.8,13.3,52.36,0.95,1.25
62.9,13.3,52.33,0.94,1.26
63,13.3,52.29,0.94,1.26
63.1,13.3,52.26,0.94,1.27
63.2,13.3,52.22,0.94,1.27
63.3,13.3,52.19,0.93,1.28
63.4,13.3,52.15,0.93,1.29
63.5,13.3,52.11,0.93,1.29
63.6,13.3,52.07,0.93,1.3
63.7,13.3,52.02,0.93,1.3
63.8,13.3,51.98,0.92,1.31
63.9,13.3,51.93,0.92,1.32
64,13.3,51.88,0.92,1.32
64.1,13.3,51.83,0.92,1.33
64.2,13.3,51.78,0.92,1.34
64.3,13.3,51.72,0.91,1.34
64.4,13.3,51.67,0.91,1.35
64.5,13.3,51.61,0.91,1.35
64.6,13.3,51.55,0.91,1.36
64.7,13.3,51.49,0.91,1.37
64.8,13.3,51.42,0.91,1.37
64.9,13.3,51.36,0.91,1.38
65,13.3,51.29,0.9,1.39
65.1,13.3,51.22,0.9,1.39
65.2,13.3,51.15,0.9,1.4
65.3,13.3,51.07,0.9,1.4
65.4,13.3,50.99,0.9,1.41
65.5,13.3,50.92,0.9,1.42
65.6,13.3,50.83,0.9,1.42
65.7,13.3,50.75,0.9,1.43
65.8,13.3,50.66,0.89,1.44
65.9,13.3,50.58,0.89,1.44
66,13.3,50.49,0.89,1.45
66.1,13.3,50.39,0.89,1.46
58,13.4,52.67,1.07,0.97
58.1,13.4,52.67,1.07,0.98
58.2,13.4,52.67,1.07,0.98
58.3,13.4,52.67,1.06,0.99
58.4,13.4,52.66,1.06,0.99
58.5,13.4,52.66,1.06,1
58.6,13.4,52.66,1.06,1
58.7,13.4,52.66,1.05,1.01
58.8,13.4,52.66,1.05,1.01
58.9,13.4,52.66,1.05,1.02
59,13.4,52.66,1.04,1.02
59.1,13.4,52.65,1.04,1.03
59.2,13.4,52.65,1.04,1.04
59.3,13.4,52.65,1.04,1.04
59.4,13.4,52.65,1.03,1.05
59.5,13.4,52.65,1.03,1.05
59.6,13.4,52.64,1.03,1.06
59.7,13.4,52.64,1.02,1.06
59.8,13.4,52.64,1.02,1.07
59.9,13.4,52.63,1.02,1.07
60,13.4,52.63,1.02,1.08
60.1,13.4,52.62,1.01,1.09
60.2,13.4,52.62,1.01,1.09
60.3,13.4,52.61,1.01,1.1
60.4,13.4,52.6,1,1.1
60.5,13.4,52.6,1,1.11
60.6,13.4,52.59,1,1.11
60.7,13.4,52.58,1,1.12
60.8,13.4,52.57,0.99,1.13
60.9,13.4,52.56,0.99,1.13
61,13.4,52.55,0.99,1.14
61.1,13.4,52.54,0.98,1.14
61.2,13.4,52.53,0.98,1.15
61.3,13.4,52.52,0.98,1.15
61.4,13.4,52.5,0.98,1.16
61.5,13.4,52.49,0.97,1.17
61.6,13.4,52.47,0.97,1.17
61.7,13.4,52.45,0.97,1.18
61.8,13.4,52.44,0.96,1.18
61.9,13.4,52.42,0.96,1.19
62,13.4,52.4,0.96,1.2
62.1,13.4,52.38,0.96,1.2
62.2,13.4,52.35,0.95,1.21
62.3,13.4,52.33,0.95,1.21
62.4,13.4,52.31,0.95,1.22
62.5,13.4,52.28,0.95,1.23
62.6,13.4,52.25,0.94,1.23
62.7,13.4,52.22,0.94,1.24
62.8,13.4,52.2,0.94,1.24
62.9,13.4,52.16,0.94,1.25
63,13.4,52.13,0.93,1.26
63.1,13.4,52.1,0.93,1.26
63.2,13.4,52.06,0.93,1.27
63.3,13.4,52.02,0.93,1.27
63.4,13.4,51.99,0.93,1.28
63.5,13.4,51.95,0.92,1.29
63.6,13.4,51.9,0.92,1.29
63.7,13.4,51.86,0.92,1.3
63.8,13.4,51.81,0.92,1.3
63.9,13.4,51.77,0.92,1.31
64,13.4,51.72,0.91,1.32
64.1,13.4,51.67,0.91,1.32
64.2,13.4,51.62,0.91,1.33
64.3,13.4,51.56,0.91,1.33
64.4,13.4,51.51,0.91,1.34
64.5,13.4,51.45,0.91,1.35
64.6,13.4,51.39,0.9,1.35
64.7,13.4,51.33,0.9,1.36
64.8,13.4,51.26,0.9,1.37
64.9,13.4,51.2,0.9,1.37
65,13.4,51.13,0.9,1.38
65.1,13.4,51.06,0.9,1.38
65.2,13.4,50.99,0.89,1.39
65.3,13.4,50.91,0.89,1.4
65.4,13.4,50.83,0.89,1.4
65.5,13.4,50.76,0.89,1.41
65.6,13.4,50.67,0.89,1.42
65.7,13.4,50.59,0.89,1.42
65.8,13.4,50.5,0.89,1.43
65.9,13.4,50.42,0.89,1.44
66,13.4,50.33,0.89,1.44
66.1,13.4,50.23,0.89,1.45
58,13.5,52.51,1.07,0.96
58.1,13.5,52.51,1.07,0.97
58.2,13.5,52.5,1.06,0.98
58.3,13.5,52.5,1.06,0.98
58.4,13.5,52.5,1.06,0.99
58.5,13.5,52.5,1.05,0.99
58.6,13.5,52.5,1.05,1
58.7,13.5,52.5,1.05,1
58.8,13.5,52.49,1.05,1.01
58.9,13.5,52.49,1.04,1.01
59,13.5,52.49,1.04,1.02
59.1,13.5,52.49,1.04,1.02
59.2,13.5,52.49,1.03,1.03
59.3,13.5,52.49,1.03,1.04
59.4,13.5,52.48,1.03,1.04
59.5,13.5,52.48,1.02,1.05
59.6,13.5,52.48,1.02,1.05
59.7,13.5,52.48,1.02,1.06
59.8,13.5,52.47,1.02,1.06
59.9,13.5,52.47,1.01,1.07
60,13.5,52.46,1.01,1.07
60.1,13.5,52.46,1.01,1.08
60.2,13.5,52.45,1,1.09
60.3,13.5,52.45,1,1.09
60.4,13.5,52.44,1,1.1
60.5,13.5,52.43,1,1.1
60.6,13.5,52.43,0.99,1.11
60.7,13.5,52.42,0.99,1.11
60.8,13.5,52.41,0.99,1.12
60.9,13.5,52.4,0.98,1.13
61,13.5,52.39,0.98,1.13
61.1,13.5,52.38,0.98,1.14
61.2,13.5,52.37,0.98,1.14
61.3,13.5,52.35,0.97,1.15
61.4,13.5,52.34,0.97,1.15
61.5,13.5,52.32,0.97,1.16
61.6,13.5,52.31,0.96,1.17
61.7,13.5,52.29,0.96,1.17
61.8,13.5,52.27,0.96,1.18
61.9,13.5,52.26,0.96,1.18
62,13.5,52.24,0.95,1.19
62.1,13.5,52.21,0.95,1.2
62.2,13.5,52.19,0.95,1.2
62.3,13.5,52.17,0.95,1.21
62.4,13.5,52.14,0.94,1.21
62.5,13.5,52.12,0.94,1.22
62.6,13.5,52.09,0.94,1.22
62.7,13.5,52.06,0.94,1.23
62.8,13.5,52.03,0.93,1.24
62.9,13.5,52,0.93,1.24
63,13.5,51.97,0.93,1.25
63.1,13.5,51.94,0.93,1.25
63.2,13.5,51.9,0.92,1.26
63.3,13.5,51.86,0.92,1.27
63.4,13.5,51.82,0.92,1.27
63.5,13.5,51.78,0.92,1.28
63.6,13.5,51.74,0.92,1.29
63.7,13.5,51.7,0.91,1.29
63.8,13.5,51.65,0.91,1.3
63.9,13.5,51.61,0.91,1.3
64,13.5,51.56,0.91,1.31
64.1,13.5,51.51,0.91,1.32
64.2,13.5,51.46,0.9,1.32
64.3,13.5,51.4,0.9,1.33
64.4,13.5,51.35,0.9,1.33
64.5,13.5,51.29,0.9,1.34
64.6,13.5,51.23,0.9,1.35
64.7,13.5,51.17,0.9,1.35
64.8,13.5,51.1,0.89,1.36
64.9,13.5,51.04,0.89,1.37
65,13.5,50.97,0.89,1.37
65.1,13.5,50.9,0.89,1.38
65.2,13.5,50.83,0.89,1.38
65.3,13.5,50.75,0.89,1.39
65.4,13.5,50.68,0.89,1.4
65.5,13.5,50.6,0.88,1.4
65.6,13.5,50.52,0.88,1.41
65.7,13.5,50.43,0.88,1.42
65.8,13.5,50.35,0.88,1.42
65.9,13.5,50.26,0.88,1.43
66,13.5,50.17,0.88,1.43
66.1,13.5,50.07,0.88,1.44
58,13.6,52.34,1.06,0.96
58.1,13.6,52.34,1.06,0.96
58.2,13.6,52.34,1.06,0.97
58.3,13.6,52.34,1.06,0.97
58.4,13.6,52.34,1.05,0.98
58.5,13.6,52.34,1.05,0.99
58.6,13.6,52.33,1.05,0.99
58.7,13.6,52.33,1.04,1
58.8,13.6,52.33,1.04,1
58.9,13.6,52.33,1.04,1.01
59,13.6,52.33,1.04,1.01
59.1,13.6,52.33,1.03,1.02
59.2,13.6,52.33,1.03,1.02
59.3,13.6,52.32,1.03,1.03
59.4,13.6,52.32,1.02,1.03
59.5,13.6,52.32,1.02,1.04
59.6,13.6,52.32,1.02,1.05
59.7,13.6,52.31,1.01,1.05
59.8,13.6,52.31,1.01,1.06
59.9,13.6,52.31,1.01,1.06
60,13.6,52.3,1.01,1.07
60.1,13.6,52.3,1,1.07
60.2,13.6,52.29,1,1.08
60.3,13.6,52.29,1,1.09
60.4,13.6,52.28,0.99,1.09
60.5,13.6,52.27,0.99,1.1
60.6,13.6,52.26,0.99,1.1
60.7,13.6,52.26,0.98,1.11
60.8,13.6,52.25,0.98,1.11
60.9,13.6,52.24,0.98,1.12
61,13.6,52.23,0.98,1.12
61.1,13.6,52.22,0.97,1.13
61.2,13.6,52.2,0.97,1.14
61.3,13.6,52.19,0.97,1.14
61.4,13.6,52.18,0.96,1.15
61.5,13.6,52.16,0.96,1.15
61.6,13.6,52.15,0.96,1.16
61.7,13.6,52.13,0.96,1.17
61.8,13.6,52.11,0.95,1.17
61.9,13.6,52.09,0.95,1.18
62,13.6,52.07,0.95,1.18
62.1,13.6,52.05,0.95,1.19
62.2,13.6,52.03,0.94,1.19
62.3,13.6,52.01,0.94,1.2
62.4,13.6,51.98,0.94,1.21
62.5,13.6,51.96,0.93,1.21
62.6,13.6,51.93,0.93,1.22
62.7,13.6,51.9,0.93,1.22
62.8,13.6,51.87,0.93,1.23
62.9,13.6,51.84,0.93,1.24
63,13.6,51.81,0.92,1.24
63.1,13.6,51.78,0.92,1.25
63.2,13.6,51.74,0.92,1.25
63.3,13.6,51.7,0.92,1.26
63.4,13.6,51.67,0.91,1.27
63.5,13.6,51.63,0.91,1.27
63.6,13.6,51.58,0.91,1.28
63.7,13.6,51.54,0.91,1.28
63.8,13.6,51.5,0.91,1.29
63.9,13.6,51.45,0.9,1.3
64,13.6,51.4,0.9,1.3
64.1,13.6,51.35,0.9,1.31
64.2,13.6,51.3,0.9,1.32
64.3,13.6,51.24,0.9,1.32
64.4,13.6,51.19,0.89,1.33
64.5,13.6,51.13,0.89,1.33
64.6,13.6,51.07,0.89,1.34
64.7,13.6,51.01,0.89,1.35
64.8,13.6,50.95,0.89,1.35
64.9,13.6,50.88,0.89,1.36
65,13.6,50.81,0.88,1.36
65.1,13.6,50.74,0.88,1.37
65.2,13.6,50.67,0.88,1.38
65.3,13.6,50.6,0.88,1.38
65.4,13.6,50.52,0.88,1.39
65.5,13.6,50.44,0.88,1.4
65.6,13.6,50.36,0.88,1.4
65.7,13.6,50.28,0.88,1.41
65.8,13.6,50.19,0.87,1.42
65.9,13.6,50.1,0.87,1.42
66,13.6,50.01,0.87,1.43
66.1,13.6,49.92,0.87,1.43
58,13.7,52.18,1.06,0.95
58.1,13.7,52.18,1.06,0.96
58.2,13.7,52.18,1.05,0.96
58.3,13.7,52.18,1.05,0.97
58.4,13.7,52.17,1.05,0.97
58.5,13.7,52.17,1.05,0.98
58.6,13.7,52.17,1.04,0.99
58.7,13.7,52.17,1.04,0.99
58.8,13.7,52.17,1.04,1
58.9,13.7,52.17,1.03,1
59,13.7,52.17,1.03,1.01
59.1,13.7,52.17,1.03,1.01
59.2,13.7,52.16,1.02,1.02
59.3,13.7,52.16,1.02,1.02
59.4,13.7,52.16,1.02,1.03
59.5,13.7,52.16,1.02,1.03
59.6,13.7,52.15,1.01,1.04
59.7,13.7,52.15,1.01,1.05
59.8,13.7,52.15,1.01,1.05
59.9,13.7,52.14,1,1.06
60,13.7,52.14,1,1.06
60.1,13.7,52.14,1,1.07
60.2,13.7,52.13,0.99,1.07
60.3,13.7,52.12,0.99,1.08
60.4,13.7,52.12,0.99,1.08
60.5,13.7,52.11,0.99,1.09
60.6,13.7,52.1,0.98,1.1
60.7,13.7,52.1,0.98,1.1
60.8,13.7,52.09,0.98,1.11
60.9,13.7,52.08,0.97,1.11
61,13.7,52.07,0.97,1.12
61.1,13.7,52.06,0.97,1.12
61.2,13.7,52.04,0.96,1.13
61.3,13.7,52.03,0.96,1.14
61.4,13.7,52.02,0.96,1.14
61.5,13.7,52,0.96,1.15
61.6,13.7,51.99,0.95,1.15
61.7,13.7,51.97,0.95,1.16
61.8,13.7,51.95,0.95,1.16
61.9,13.7,51.94,0.94,1.17
62,13.7,51.92,0.94,1.18
62.1,13.7,51.89,0.94,1.18
62.2,13.7,51.87,0.94,1.19
62.3,13.7,51.85,0.93,1.19
62.4,13.7,51.83,0.93,1.2
62.5,13.7,51.8,0.93,1.21
62.6,13.7,51.77,0.93,1.21
62.7,13.7,51.74,0.92,1.22
62.8,13.7,51.71,0.92,1.22
62.9,13.7,51.68,0.92,1.23
63,13.7,51.65,0.92,1.24
63.1,13.7,51.62,0.91,1.24
63.2,13.7,51.58,0.91,1.25
63.3,13.7,51.55,0.91,1.25
63.4,13.7,51.51,0.91,1.26
63.5,13.7,51.47,0.91,1.27
63.6,13.7,51.43,0.9,1.27
63.7,13.7,51.38,0.9,1.28
63.8,13.7,51.34,0.9,1.28
63.9,13.7,51.29,0.9,1.29
64,13.7,51.24,0.89,1.3
64.1,13.7,51.19,0.89,1.3
64.2,13.7,51.14,0.89,1.31
64.3,13.7,51.09,0.89,1.31
64.4,13.7,51.03,0.89,1.32
64.5,13.7,50.97,0.89,1.33
64.6,13.7,50.91,0.88,1.33
64.7,13.7,50.85,0.88,1.34
64.8,13.7,50.79,0.88,1.35
64.9,13.7,50.72,0.88,1.35
65,13.7,50.65,0.88,1.36
65.1,13.7,50.59,0.88,1.36
65.2,13.7,50.51,0.87,1.37
65.3,13.7,50.44,0.87,1.38
65.4,13.7,50.36,0.87,1.38
65.5,13.7,50.28,0.87,1.39
65.6,13.7,50.2,0.87,1.4
65.7,13.7,50.12,0.87,1.4
65.8,13.7,50.03,0.87,1.41
65.9,13.7,49.95,0.87,1.41
66,13.7,49.86,0.87,1.42
66.1,13.7,49.76,0.87,1.43
58,13.8,52.02,1.06,0.95
58.1,13.8,52.02,1.05,0.95
58.2,13.8,52.02,1.05,0.96
58.3,13.8,52.02,1.05,0.96
58.4,13.8,52.01,1.04,0.97
58.5,13.8,52.01,1.04,0.97
58.6,13.8,52.01,1.04,0.98
58.7,13.8,52.01,1.03,0.99
58.8,13.8,52.01,1.03,0.99
58.9,13.8,52.01,1.03,1
59,13.8,52.01,1.03,1
59.1,13.8,52,1.02,1.01
59.2,13.8,52,1.02,1.01
59.3,13.8,52,1.02,1.02
59.4,13.8,52,1.01,1.02
59.5,13.8,52,1.01,1.03
59.6,13.8,51.99,1.01,1.03
59.7,13.8,51.99,1,1.04
59.8,13.8,51.99,1,1.05
59.9,13.8,51.98,1,1.05
60,13.8,51.98,1,1.06
60.1,13.8,51.98,0.99,1.06
60.2,13.8,51.97,0.99,1.07
60.3,13.8,51.96,0.99,1.07
60.4,13.8,51.96,0.98,1.08
60.5,13.8,51.95,0.98,1.08
60.6,13.8,51.94,0.98,1.09
60.7,13.8,51.94,0.97,1.1
60.8,13.8,51.93,0.97,1.1
60.9,13.8,51.92,0.97,1.11
61,13.8,51.91,0.96,1.11
61.1,13.8,51.9,0.96,1.12
61.2,13.8,51.89,0.96,1.12
61.3,13.8,51.87,0.96,1.13
61.4,13.8,51.86,0.95,1.14
61.5,13.8,51.84,0.95,1.14
61.6,13.8,51.83,0.95,1.15
61.7,13.8,51.81,0.94,1.15
61.8,13.8,51.8,0.94,1.16
61.9,13.8,51.78,0.94,1.16
62,13.8,51.76,0.94,1.17
62.1,13.8,51.74,0.93,1.18
62.2,13.8,51.71,0.93,1.18
62.3,13.8,51.69,0.93,1.19
62.4,13.8,51.67,0.93,1.19
62.5,13.8,51.64,0.92,1.2
62.6,13.8,51.61,0.92,1.21
62.7,13.8,51.59,0.92,1.21
62.8,13.8,51.56,0.92,1.22
62.9,13.8,51.53,0.91,1.22
63,13.8,51.49,0.91,1.23
63.1,13.8,51.46,0.91,1.24
63.2,13.8,51.43,0.91,1.24
63.3,13.8,51.39,0.9,1.25
63.4,13.8,51.35,0.9,1.25
63.5,13.8,51.31,0.9,1.26
63.6,13.8,51.27,0.9,1.27
63.7,13.8,51.23,0.89,1.27
63.8,13.8,51.18,0.89,1.28
63.9,13.8,51.13,0.89,1.28
64,13.8,51.09,0.89,1.29
64.1,13.8,51.04,0.89,1.3
64.2,13.8,50.98,0.88,1.3
64.3,13.8,50.93,0.88,1.31
64.4,13.8,50.87,0.88,1.31
64.5,13.8,50.82,0.88,1.32
64.6,13.8,50.76,0.88,1.33
64.7,13.8,50.7,0.88,1.33
64.8,13.8,50.63,0.87,1.34
64.9,13.8,50.57,0.87,1.34
65,13.8,50.5,0.87,1.35
65.1,13.8,50.43,0.87,1.36
65.2,13.8,50.36,0.87,1.36
65.3,13.8,50.28,0.87,1.37
65.4,13.8,50.21,0.87,1.38
65.5,13.8,50.13,0.86,1.38
65.6,13.8,50.05,0.86,1.39
65.7,13.8,49.97,0.86,1.39
65.8,13.8,49.88,0.86,1.4
65.9,13.8,49.79,0.86,1.41
66,13.8,49.7,0.86,1.41
66.1,13.8,49.61,0.86,1.42
58,13.9,51.86,1.05,0.94
58.1,13.9,51.86,1.05,0.95
58.2,13.9,51.86,1.05,0.95
58.3,13.9,51.86,1.04,0.96
58.4,13.9,51.85,1.04,0.96
58.5,13.9,51.85,1.04,0.97
58.6,13.9,51.85,1.03,0.97
58.7,13.9,51.85,1.03,0.98
58.8,13.9,51.85,1.03,0.98
58.9,13.9,51.85,1.02,0.99
59,13.9,51.85,1.02,1
59.1,13.9,51.85,1.02,1
59.2,13.9,51.84,1.01,1.01
59.3,13.9,51.84,1.01,1.01
59.4,13.9,51.84,1.01,1.02
59.5,13.9,51.84,1.01,1.02
59.6,13.9,51.84,1,1.03
59.7,13.9,51.83,1,1.03
59.8,13.9,51.83,1,1.04
59.9,13.9,51.83,0.99,1.04
60,13.9,51.82,0.99,1.05
60.1,13.9,51.82,0.99,1.06
60.2,13.9,51.81,0.98,1.06
60.3,13.9,51.81,0.98,1.07
60.4,13.9,51.8,0.98,1.07
60.5,13.9,51.79,0.97,1.08
60.6,13.9,51.79,0.97,1.08
60.7,13.9,51.78,0.97,1.09
60.8,13.9,51.77,0.97,1.1
60.9,13.9,51.76,0.96,1.1
61,13.9,51.75,0.96,1.11
61.1,13.9,51.74,0.96,1.11
61.2,13.9,51.73,0.95,1.12
61.3,13.9,51.72,0.95,1.12
61.4,13.9,51.7,0.95,1.13
61.5,13.9,51.69,0.94,1.14
61.6,13.9,51.67,0.94,1.14
61.7,13.9,51.66,0.94,1.15
61.8,13.9,51.64,0.94,1.15
61.9,13.9,51.62,0.93,1.16
62,13.9,51.6,0.93,1.16
62.1,13.9,51.58,0.93,1.17
62.2,13.9,51.56,0.92,1.18
62.3,13.9,51.53,0.92,1.18
62.4,13.9,51.51,0.92,1.19
62.5,13.9,51.49,0.92,1.19
62.6,13.9,51.46,0.91,1.2
62.7,13.9,51.43,0.91,1.21
62.8,13.9,51.4,0.91,1.21
62.9,13.9,51.37,0.91,1.22
63,13.9,51.34,0.9,1.22
63.1,13.9,51.3,0.9,1.23
63.2,13.9,51.27,0.9,1.23
63.3,13.9,51.23,0.9,1.24
63.4,13.9,51.19,0.89,1.25
63.5,13.9,51.15,0.89,1.25
63.6,13.9,51.11,0.89,1.26
63.7,13.9,51.07,0.89,1.26
63.8,13.9,51.03,0.89,1.27
63.9,13.9,50.98,0.88,1.28
64,13.9,50.93,0.88,1.28
64.1,13.9,50.88,0.88,1.29
64.2,13.9,50.83,0.88,1.3
64.3,13.9,50.78,0.88,1.3
64.4,13.9,50.72,0.87,1.31
64.5,13.9,50.66,0.87,1.31
64.6,13.9,50.6,0.87,1.32
64.7,13.9,50.54,0.87,1.33
64.8,13.9,50.48,0.87,1.33
64.9,13.9,50.41,0.87,1.34
65,13.9,50.35,0.86,1.34
65.1,13.9,50.28,0.86,1.35
65.2,13.9,50.2,0.86,1.36
65.3,13.9,50.13,0.86,1.36
65.4,13.9,50.05,0.86,1.37
65.5,13.9,49.98,0.86,1.38
65.6,13.9,49.9,0.86,1.38
65.7,13.9,49.81,0.86,1.39
65.8,13.9,49.73,0.85,1.39
65.9,13.9,49.64,0.85,1.4
66,13.9,49.55,0.85,1.41
66.1,13.9,49.46,0.85,1.41
58,14,51.7,1.05,0.94
58.1,14,51.7,1.04,0.94
58.2,14,51.7,1.04,0.95
58.3,14,51.7,1.04,0.95
58.4,14,51.7,1.03,0.96
58.5,14,51.7,1.03,0.96
58.6,14,51.69,1.03,0.97
58.7,14,51.69,1.03,0.97
58.8,14,51.69,1.02,0.98
58.9,14,51.69,1.02,0.98
59,14,51.69,1.02,0.99
59.1,14,51.69,1.01,1
59.2,14,51.69,1.01,1
59.3,14,51.68,1.01,1.01
59.4,14,51.68,1,1.01
59.5,14,51.68,1,1.02
59.6,14,51.68,1,1.02
59.7,14,51.68,0.99,1.03
59.8,14,51.67,0.99,1.03
59.9,14,51.67,0.99,1.04
60,14,51.66,0.98,1.04
60.1,14,51.66,0.98,1.05
60.2,14,51.66,0.98,1.06
60.3,14,51.65,0.98,1.06
60.4,14,51.64,0.97,1.07
60.5,14,51.64,0.97,1.07
60.6,14,51.63,0.97,1.08
60.7,14,51.62,0.96,1.08
60.8,14,51.61,0.96,1.09
60.9,14,51.6,0.96,1.09
61,14,51.59,0.95,1.1
61.1,14,51.58,0.95,1.11
61.2,14,51.57,0.95,1.11
61.3,14,51.56,0.94,1.12
61.4,14,51.55,0.94,1.12
61.5,14,51.53,0.94,1.13
61.6,14,51.52,0.94,1.13
61.7,14,51.5,0.93,1.14
61.8,14,51.48,0.93,1.15
61.9,14,51.46,0.93,1.15
62,14,51.44,0.92,1.16
62.1,14,51.42,0.92,1.16
62.2,14,51.4,0.92,1.17
62.3,14,51.38,0.92,1.18
62.4,14,51.36,0.91,1.18
62.5,14,51.33,0.91,1.19
62.6,14,51.3,0.91,1.19
62.7,14,51.28,0.91,1.2
62.8,14,51.25,0.9,1.2
62.9,14,51.22,0.9,1.21
63,14,51.18,0.9,1.22
63.1,14,51.15,0.9,1.22
63.2,14,51.12,0.89,1.23
63.3,14,51.08,0.89,1.23
63.4,14,51.04,0.89,1.24
63.5,14,51,0.89,1.25
63.6,14,50.96,0.88,1.25
63.7,14,50.92,0.88,1.26
63.8,14,50.87,0.88,1.26
63.9,14,50.83,0.88,1.27
64,14,50.78,0.88,1.28
64.1,14,50.73,0.87,1.28
64.2,14,50.68,0.87,1.29
64.3,14,50.62,0.87,1.29
64.4,14,50.57,0.87,1.3
64.5,14,50.51,0.87,1.31
64.6,14,50.45,0.86,1.31
64.7,14,50.39,0.86,1.32
64.8,14,50.33,0.86,1.33
64.9,14,50.26,0.86,1.33
65,14,50.19,0.86,1.34
65.1,14,50.12,0.86,1.34
65.2,14,50.05,0.85,1.35
65.3,14,49.98,0.85,1.36
65.4,14,49.9,0.85,1.36
65.5,14,49.82,0.85,1.37
65.6,14,49.74,0.85,1.37
65.7,14,49.66,0.85,1.38
65.8,14,49.58,0.85,1.39
65.9,14,49.49,0.85,1.39
66,14,49.4,0.85,1.4
66.1,14,49.31,0.84,1.41
58,14.1,51.55,1.04,0.93
58.1,14.1,51.54,1.04,0.94
58.2,14.1,51.54,1.04,0.94
58.3,14.1,51.54,1.03,0.95
58.4,14.1,51.54,1.03,0.95
58.5,14.1,51.54,1.03,0.96
58.6,14.1,51.54,1.02,0.96
58.7,14.1,51.54,1.02,0.97
58.8,14.1,51.54,1.02,0.97
58.9,14.1,51.53,1.01,0.98
59,14.1,51.53,1.01,0.98
59.1,14.1,51.53,1.01,0.99
59.2,14.1,51.53,1.01,1
59.3,14.1,51.53,1,1
59.4,14.1,51.53,1,1.01
59.5,14.1,51.52,1,1.01
59.6,14.1,51.52,0.99,1.02
59.7,14.1,51.52,0.99,1.02
59.8,14.1,51.52,0.99,1.03
59.9,14.1,51.51,0.98,1.03
60,14.1,51.51,0.98,1.04
60.1,14.1,51.5,0.98,1.04
60.2,14.1,51.5,0.97,1.05
60.3,14.1,51.49,0.97,1.06
60.4,14.1,51.49,0.97,1.06
60.5,14.1,51.48,0.96,1.07
60.6,14.1,51.47,0.96,1.07
60.7,14.1,51.47,0.96,1.08
60.8,14.1,51.46,0.95,1.08
60.9,14.1,51.45,0.95,1.09
61,14.1,51.44,0.95,1.09
61.1,14.1,51.43,0.95,1.1
61.2,14.1,51.42,0.94,1.11
61.3,14.1,51.4,0.94,1.11
61.4,14.1,51.39,0.94,1.12
61.5,14.1,51.38,0.93,1.12
61.6,14.1,51.36,0.93,1.13
61.7,14.1,51.35,0.93,1.13
61.8,14.1,51.33,0.92,1.14
61.9,14.1,51.31,0.92,1.15
62,14.1,51.29,0.92,1.15
62.1,14.1,51.27,0.92,1.16
62.2,14.1,51.25,0.91,1.16
62.3,14.1,51.23,0.91,1.17
62.4,14.1,51.2,0.91,1.17
62.5,14.1,51.18,0.9,1.18
62.6,14.1,51.15,0.9,1.19
62.7,14.1,51.12,0.9,1.19
62.8,14.1,51.09,0.9,1.2
62.9,14.1,51.06,0.89,1.2
63,14.1,51.03,0.89,1.21
63.1,14.1,51,0.89,1.22
63.2,14.1,50.96,0.89,1.22
63.3,14.1,50.93,0.88,1.23
63.4,14.1,50.89,0.88,1.23
63.5,14.1,50.85,0.88,1.24
63.6,14.1,50.81,0.88,1.25
63.7,14.1,50.76,0.88,1.25
63.8,14.1,50.72,0.87,1.26
63.9,14.1,50.67,0.87,1.26
64,14.1,50.63,0.87,1.27
64.1,14.1,50.58,0.87,1.28
64.2,14.1,50.52,0.86,1.28
64.3,14.1,50.47,0.86,1.29
64.4,14.1,50.42,0.86,1.29
64.5,14.1,50.36,0.86,1.3
64.6,14.1,50.3,0.86,1.31
64.7,14.1,50.24,0.86,1.31
64.8,14.1,50.17,0.85,1.32
64.9,14.1,50.11,0.85,1.32
65,14.1,50.04,0.85,1.33
65.1,14.1,49.97,0.85,1.34
65.2,14.1,49.9,0.85,1.34
65.3,14.1,49.83,0.85,1.35
65.4,14.1,49.75,0.85,1.36
65.5,14.1,49.67,0.84,1.36
65.6,14.1,49.59,0.84,1.37
65.7,14.1,49.51,0.84,1.37
65.8,14.1,49.42,0.84,1.38
65.9,14.1,49.34,0.84,1.39
66,14.1,49.25,0.84,1.39
66.1,14.1,49.16,0.84,1.4
58,14.2,51.39,1.04,0.93
58.1,14.2,51.39,1.04,0.93
58.2,14.2,51.39,1.03,0.94
58.3,14.2,51.39,1.03,0.94
58.4,14.2,51.38,1.03,0.95
58.5,14.2,51.38,1.02,0.95
58.6,14.2,51.38,1.02,0.96
58.7,14.2,51.38,1.02,0.96
58.8,14.2,51.38,1.01,0.97
58.9,14.2,51.38,1.01,0.97
59,14.2,51.38,1.01,0.98
59.1,14.2,51.38,1,0.98
59.2,14.2,51.38,1,0.99
59.3,14.2,51.37,1,0.99
59.4,14.2,51.37,0.99,1
59.5,14.2,51.37,0.99,1.01
59.6,14.2,51.37,0.99,1.01
59.7,14.2,51.36,0.98,1.02
59.8,14.2,51.36,0.98,1.02
59.9,14.2,51.36,0.98,1.03
60,14.2,51.35,0.97,1.03
60.1,14.2,51.35,0.97,1.04
60.2,14.2,51.35,0.97,1.04
60.3,14.2,51.34,0.96,1.05
60.4,14.2,51.33,0.96,1.06
60.5,14.2,51.33,0.96,1.06
60.6,14.2,51.32,0.96,1.07
60.7,14.2,51.31,0.95,1.07
60.8,14.2,51.3,0.95,1.08
60.9,14.2,51.29,0.95,1.08
61,14.2,51.29,0.94,1.09
61.1,14.2,51.27,0.94,1.09
61.2,14.2,51.26,0.94,1.1
61.3,14.2,51.25,0.93,1.11
61.4,14.2,51.24,0.93,1.11
61.5,14.2,51.22,0.93,1.12
61.6,14.2,51.21,0.92,1.12
61.7,14.2,51.19,0.92,1.13
61.8,14.2,51.17,0.92,1.13
61.9,14.2,51.16,0.92,1.14
62,14.2,51.14,0.91,1.15
62.1,14.2,51.12,0.91,1.15
62.2,14.2,51.1,0.91,1.16
62.3,14.2,51.07,0.9,1.16
62.4,14.2,51.05,0.9,1.17
62.5,14.2,51.02,0.9,1.17
62.6,14.2,51,0.9,1.18
62.7,14.2,50.97,0.89,1.19
62.8,14.2,50.94,0.89,1.19
62.9,14.2,50.91,0.89,1.2
63,14.2,50.88,0.89,1.2
63.1,14.2,50.84,0.88,1.21
63.2,14.2,50.81,0.88,1.22
63.3,14.2,50.77,0.88,1.22
63.4,14.2,50.74,0.88,1.23
63.5,14.2,50.7,0.87,1.23
63.6,14.2,50.66,0.87,1.24
63.7,14.2,50.61,0.87,1.25
63.8,14.2,50.57,0.87,1.25
63.9,14.2,50.52,0.86,1.26
64,14.2,50.47,0.86,1.26
64.1,14.2,50.42,0.86,1.27
64.2,14.2,50.37,0.86,1.28
64.3,14.2,50.32,0.86,1.28
64.4,14.2,50.26,0.85,1.29
64.5,14.2,50.21,0.85,1.29
64.6,14.2,50.15,0.85,1.3
64.7,14.2,50.09,0.85,1.31
64.8,14.2,50.02,0.85,1.31
64.9,14.2,49.96,0.85,1.32
65,14.2,49.89,0.84,1.32
65.1,14.2,49.82,0.84,1.33
65.2,14.2,49.75,0.84,1.34
65.3,14.2,49.68,0.84,1.34
65.4,14.2,49.6,0.84,1.35
65.5,14.2,49.52,0.84,1.36
65.6,14.2,49.44,0.84,1.36
65.7,14.2,49.36,0.83,1.37
65.8,14.2,49.28,0.83,1.37
65.9,14.2,49.19,0.83,1.38
66,14.2,49.1,0.83,1.39
66.1,14.2,49.01,0.83,1.39
58,14.3,51.23,1.03,0.92
58.1,14.3,51.23,1.03,0.93
58.2,14.3,51.23,1.03,0.93
58.3,14.3,51.23,1.02,0.94
58.4,14.3,51.23,1.02,0.94
58.5,14.3,51.23,1.02,0.95
58.6,14.3,51.23,1.01,0.95
58.7,14.3,51.23,1.01,0.96
58.8,14.3,51.23,1.01,0.96
58.9,14.3,51.23,1,0.97
59,14.3,51.22,1,0.97
59.1,14.3,51.22,1,0.98
59.2,14.3,51.22,1,0.98
59.3,14.3,51.22,0.99,0.99
59.4,14.3,51.22,0.99,0.99
59.5,14.3,51.22,0.99,1
59.6,14.3,51.21,0.98,1.01
59.7,14.3,51.21,0.98,1.01
59.8,14.3,51.21,0.98,1.02
59.9,14.3,51.2,0.97,1.02
60,14.3,51.2,0.97,1.03
60.1,14.3,51.2,0.97,1.03
60.2,14.3,51.19,0.96,1.04
60.3,14.3,51.19,0.96,1.04
60.4,14.3,51.18,0.96,1.05
60.5,14.3,51.17,0.95,1.05
60.6,14.3,51.17,0.95,1.06
60.7,14.3,51.16,0.95,1.07
60.8,14.3,51.15,0.94,1.07
60.9,14.3,51.14,0.94,1.08
61,14.3,51.13,0.94,1.08
61.1,14.3,51.12,0.93,1.09
61.2,14.3,51.11,0.93,1.09
61.3,14.3,51.1,0.93,1.1
61.4,14.3,51.09,0.92,1.11
61.5,14.3,51.07,0.92,1.11
61.6,14.3,51.06,0.92,1.12
61.7,14.3,51.04,0.92,1.12
61.8,14.3,51.02,0.91,1.13
61.9,14.3,51,0.91,1.13
62,14.3,50.99,0.91,1.14
62.1,14.3,50.97,0.9,1.15
62.2,14.3,50.94,0.9,1.15
62.3,14.3,50.92,0.9,1.16
62.4,14.3,50.9,0.89,1.16
62.5,14.3,50.87,0.89,1.17
62.6,14.3,50.85,0.89,1.17
62.7,14.3,50.82,0.89,1.18
62.8,14.3,50.79,0.88,1.19
62.9,14.3,50.76,0.88,1.19
63,14.3,50.73,0.88,1.2
63.1,14.3,50.69,0.88,1.2
63.2,14.3,50.66,0.87,1.21
63.3,14.3,50.62,0.87,1.22
63.4,14.3,50.59,0.87,1.22
63.5,14.3,50.55,0.87,1.23
63.6,14.3,50.5,0.86,1.23
63.7,14.3,50.46,0.86,1.24
63.8,14.3,50.42,0.86,1.24
63.9,14.3,50.37,0.86,1.25
64,14.3,50.32,0.86,1.26
64.1,14.3,50.27,0.85,1.26
64.2,14.3,50.22,0.85,1.27
64.3,14.3,50.17,0.85,1.27
64.4,14.3,50.11,0.85,1.28
64.5,14.3,50.06,0.85,1.29
64.6,14.3,50,0.84,1.29
64.7,14.3,49.94,0.84,1.3
64.8,14.3,49.88,0.84,1.31
64.9,14.3,49.81,0.84,1.31
65,14.3,49.74,0.84,1.32
65.1,14.3,49.67,0.84,1.32
65.2,14.3,49.6,0.83,1.33
65.3,14.3,49.53,0.83,1.34
65.4,14.3,49.45,0.83,1.34
65.5,14.3,49.38,0.83,1.35
65.6,14.3,49.3,0.83,1.35
65.7,14.3,49.21,0.83,1.36
65.8,14.3,49.13,0.83,1.37
65.9,14.3,49.04,0.83,1.37
66,14.3,48.95,0.82,1.38
66.1,14.3,48.86,0.82,1.39
58,14.4,51.08,1.03,0.91
58.1,14.4,51.08,1.03,0.92
58.2,14.4,51.08,1.02,0.93
58.3,14.4,51.08,1.02,0.93
58.4,14.4,51.08,1.02,0.94
58.5,14.4,51.08,1.01,0.94
58.6,14.4,51.08,1.01,0.95
58.7,14.4,51.07,1.01,0.95
58.8,14.4,51.07,1,0.96
58.9,14.4,51.07,1,0.96
59,14.4,51.07,1,0.97
59.1,14.4,51.07,0.99,0.97
59.2,14.4,51.07,0.99,0.98
59.3,14.4,51.07,0.99,0.98
59.4,14.4,51.07,0.98,0.99
59.5,14.4,51.06,0.98,0.99
59.6,14.4,51.06,0.98,1
59.7,14.4,51.06,0.97,1.01
59.8,14.4,51.06,0.97,1.01
59.9,14.4,51.05,0.97,1.02
60,14.4,51.05,0.96,1.02
60.1,14.4,51.04,0.96,1.03
60.2,14.4,51.04,0.96,1.03
60.3,14.4,51.03,0.95,1.04
60.4,14.4,51.03,0.95,1.04
60.5,14.4,51.02,0.95,1.05
60.6,14.4,51.02,0.94,1.05
60.7,14.4,51.01,0.94,1.06
60.8,14.4,51,0.94,1.07
60.9,14.4,50.99,0.93,1.07
61,14.4,50.98,0.93,1.08
61.1,14.4,50.97,0.93,1.08
61.2,14.4,50.96,0.92,1.09
61.3,14.4,50.95,0.92,1.09
61.4,14.4,50.93,0.92,1.1
61.5,14.4,50.92,0.92,1.1
61.6,14.4,50.91,0.91,1.11
61.7,14.4,50.89,0.91,1.12
61.8,14.4,50.87,0.91,1.12
61.9,14.4,50.85,0.9,1.13
62,14.4,50.84,0.9,1.13
62.1,14.4,50.82,0.9,1.14
62.2,14.4,50.79,0.89,1.14
62.3,14.4,50.77,0.89,1.15
62.4,14.4,50.75,0.89,1.16
62.5,14.4,50.72,0.89,1.16
62.6,14.4,50.7,0.88,1.17
62.7,14.4,50.67,0.88,1.17
62.8,14.4,50.64,0.88,1.18
62.9,14.4,50.61,0.88,1.19
63,14.4,50.58,0.87,1.19
63.1,14.4,50.54,0.87,1.2
63.2,14.4,50.51,0.87,1.2
63.3,14.4,50.47,0.86,1.21
63.4,14.4,50.44,0.86,1.21
63.5,14.4,50.4,0.86,1.22
63.6,14.4,50.36,0.86,1.23
63.7,14.4,50.31,0.86,1.23
63.8,14.4,50.27,0.85,1.24
63.9,14.4,50.22,0.85,1.24
64,14.4,50.18,0.85,1.25
64.1,14.4,50.13,0.85,1.26
64.2,14.4,50.07,0.84,1.26
64.3,14.4,50.02,0.84,1.27
64.4,14.4,49.97,0.84,1.27
64.5,14.4,49.91,0.84,1.28
64.6,14.4,49.85,0.84,1.29
64.7,14.4,49.79,0.84,1.29
64.8,14.4,49.73,0.83,1.3
64.9,14.4,49.66,0.83,1.3
65,14.4,49.6,0.83,1.31
65.1,14.4,49.53,0.83,1.32
65.2,14.4,49.46,0.83,1.32
65.3,14.4,49.38,0.83,1.33
65.4,14.4,49.31,0.82,1.34
65.5,14.4,49.23,0.82,1.34
65.6,14.4,49.15,0.82,1.35
65.7,14.4,49.07,0.82,1.35
65.8,14.4,48.98,0.82,1.36
65.9,14.4,48.89,0.82,1.37
66,14.4,48.8,0.82,1.37
66.1,14.4,48.71,0.82,1.38
58,14.5,50.93,1.02,0.91
58.1,14.5,50.93,1.02,0.91
58.2,14.5,50.93,1.02,0.92
58.3,14.5,50.93,1.01,0.93
58.4,14.5,50.93,1.01,0.93
58.5,14.5,50.92,1.01,0.94
58.6,14.5,50.92,1.01,0.94
58.7,14.5,50.92,1,0.95
58.8,14.5,50.92,1,0.95
58.9,14.5,50.92,1,0.96
59,14.5,50.92,0.99,0.96
59.1,14.5,50.92,0.99,0.97
59.2,14.5,50.92,0.99,0.97
59.3,14.5,50.92,0.98,0.98
59.4,14.5,50.91,0.98,0.98
59.5,14.5,50.91,0.98,0.99
59.6,14.5,50.91,0.97,0.99
59.7,14.5,50.91,0.97,1
59.8,14.5,50.91,0.96,1
59.9,14.5,50.9,0.96,1.01
60,14.5,50.9,0.96,1.02
60.1,14.5,50.89,0.95,1.02
60.2,14.5,50.89,0.95,1.03
60.3,14.5,50.88,0.95,1.03
60.4,14.5,50.88,0.94,1.04
60.5,14.5,50.87,0.94,1.04
60.6,14.5,50.87,0.94,1.05
60.7,14.5,50.86,0.94,1.05
60.8,14.5,50.85,0.93,1.06
60.9,14.5,50.84,0.93,1.07
61,14.5,50.83,0.93,1.07
61.1,14.5,50.82,0.92,1.08
61.2,14.5,50.81,0.92,1.08
61.3,14.5,50.8,0.92,1.09
61.4,14.5,50.78,0.91,1.09
61.5,14.5,50.77,0.91,1.1
61.6,14.5,50.76,0.91,1.1
61.7,14.5,50.74,0.9,1.11
61.8,14.5,50.72,0.9,1.12
61.9,14.5,50.71,0.9,1.12
62,14.5,50.69,0.89,1.13
62.1,14.5,50.67,0.89,1.13
62.2,14.5,50.64,0.89,1.14
62.3,14.5,50.62,0.89,1.14
62.4,14.5,50.6,0.88,1.15
62.5,14.5,50.57,0.88,1.16
62.6,14.5,50.55,0.88,1.16
62.7,14.5,50.52,0.87,1.17
62.8,14.5,50.49,0.87,1.17
62.9,14.5,50.46,0.87,1.18
63,14.5,50.43,0.87,1.19
63.1,14.5,50.4,0.86,1.19
63.2,14.5,50.36,0.86,1.2
63.3,14.5,50.33,0.86,1.2
63.4,14.5,50.29,0.86,1.21
63.5,14.5,50.25,0.85,1.21
63.6,14.5,50.21,0.85,1.22
63.7,14.5,50.17,0.85,1.23
63.8,14.5,50.12,0.85,1.23
63.9,14.5,50.08,0.84,1.24
64,14.5,50.03,0.84,1.24
64.1,14.5,49.98,0.84,1.25
64.2,14.5,49.93,0.84,1.26
64.3,14.5,49.87,0.84,1.26
64.4,14.5,49.82,0.83,1.27
64.5,14.5,49.76,0.83,1.27
64.6,14.5,49.7,0.83,1.28
64.7,14.5,49.64,0.83,1.29
64.8,14.5,49.58,0.83,1.29
64.9,14.5,49.52,0.82,1.3
65,14.5,49.45,0.82,1.3
65.1,14.5,49.38,0.82,1.31
65.2,14.5,49.31,0.82,1.32
65.3,14.5,49.24,0.82,1.32
65.4,14.5,49.16,0.82,1.33
65.5,14.5,49.08,0.82,1.34
65.6,14.5,49,0.82,1.34
65.7,14.5,48.92,0.81,1.35
65.8,14.5,48.84,0.81,1.35
65.9,14.5,48.75,0.81,1.36
66,14.5,48.66,0.81,1.37
66.1,14.5,48.57,0.81,1.37
58,14.6,50.78,1.02,0.9
58.1,14.6,50.78,1.02,0.91
58.2,14.6,50.78,1.01,0.91
58.3,14.6,50.78,1.01,0.92
58.4,14.6,50.77,1.01,0.92
58.5,14.6,50.77,1,0.93
58.6,14.6,50.77,1,0.94
58.7,14.6,50.77,1,0.94
58.8,14.6,50.77,0.99,0.95
58.9,14.6,50.77,0.99,0.95
59,14.6,50.77,0.99,0.96
59.1,14.6,50.77,0.98,0.96
59.2,14.6,50.77,0.98,0.97
59.3,14.6,50.77,0.98,0.97
59.4,14.6,50.76,0.97,0.98
59.5,14.6,50.76,0.97,0.98
59.6,14.6,50.76,0.97,0.99
59.7,14.6,50.76,0.96,0.99
59.8,14.6,50.76,0.96,1
59.9,14.6,50.75,0.96,1
60,14.6,50.75,0.95,1.01
60.1,14.6,50.74,0.95,1.02
60.2,14.6,50.74,0.95,1.02
60.3,14.6,50.74,0.94,1.03
60.4,14.6,50.73,0.94,1.03
60.5,14.6,50.72,0.94,1.04
60.6,14.6,50.72,0.93,1.04
60.7,14.6,50.71,0.93,1.05
60.8,14.6,50.7,0.93,1.05
60.9,14.6,50.69,0.92,1.06
61,14.6,50.68,0.92,1.07
61.1,14.6,50.67,0.92,1.07
61.2,14.6,50.66,0.91,1.08
61.3,14.6,50.65,0.91,1.08
61.4,14.6,50.64,0.91,1.09
61.5,14.6,50.62,0.9,1.09
61.6,14.6,50.61,0.9,1.1
61.7,14.6,50.59,0.9,1.1
61.8,14.6,50.57,0.89,1.11
61.9,14.6,50.56,0.89,1.12
62,14.6,50.54,0.89,1.12
62.1,14.6,50.52,0.89,1.13
62.2,14.6,50.5,0.88,1.13
62.3,14.6,50.47,0.88,1.14
62.4,14.6,50.45,0.88,1.14
62.5,14.6,50.43,0.87,1.15
62.6,14.6,50.4,0.87,1.16
62.7,14.6,50.37,0.87,1.16
62.8,14.6,50.34,0.86,1.17
62.9,14.6,50.31,0.86,1.17
63,14.6,50.28,0.86,1.18
63.1,14.6,50.25,0.86,1.18
63.2,14.6,50.21,0.85,1.19
63.3,14.6,50.18,0.85,1.2
63.4,14.6,50.14,0.85,1.2
63.5,14.6,50.1,0.85,1.21
63.6,14.6,50.06,0.84,1.21
63.7,14.6,50.02,0.84,1.22
63.8,14.6,49.98,0.84,1.23
63.9,14.6,49.93,0.84,1.23
64,14.6,49.88,0.84,1.24
64.1,14.6,49.83,0.83,1.24
64.2,14.6,49.78,0.83,1.25
64.3,14.6,49.73,0.83,1.26
64.4,14.6,49.67,0.83,1.26
64.5,14.6,49.62,0.83,1.27
64.6,14.6,49.56,0.82,1.27
64.7,14.6,49.5,0.82,1.28
64.8,14.6,49.44,0.82,1.29
64.9,14.6,49.37,0.82,1.29
65,14.6,49.3,0.82,1.3
65.1,14.6,49.24,0.81,1.3
65.2,14.6,49.16,0.81,1.31
65.3,14.6,49.09,0.81,1.32
65.4,14.6,49.02,0.81,1.32
65.5,14.6,48.94,0.81,1.33
65.6,14.6,48.86,0.81,1.33
65.7,14.6,48.78,0.81,1.34
65.8,14.6,48.69,0.81,1.35
65.9,14.6,48.61,0.8,1.35
66,14.6,48.52,0.8,1.36
66.1,14.6,48.42,0.8,1.37
58,14.7,50.63,1.02,0.9
58.1,14.7,50.63,1.01,0.9
58.2,14.7,50.63,1.01,0.91
58.3,14.7,50.63,1.01,0.91
58.4,14.7,50.63,1,0.92
58.5,14.7,50.62,1,0.92
58.6,14.7,50.62,1,0.93
58.7,14.7,50.62,0.99,0.94
58.8,14.7,50.62,0.99,0.94
58.9,14.7,50.62,0.99,0.95
59,14.7,50.62,0.98,0.95
59.1,14.7,50.62,0.98,0.96
59.2,14.7,50.62,0.97,0.96
59.3,14.7,50.62,0.97,0.97
59.4,14.7,50.62,0.97,0.97
59.5,14.7,50.61,0.96,0.98
59.6,14.7,50.61,0.96,0.98
59.7,14.7,50.61,0.96,0.99
59.8,14.7,50.61,0.95,0.99
59.9,14.7,50.6,0.95,1
60,14.7,50.6,0.95,1
60.1,14.7,50.6,0.94,1.01
60.2,14.7,50.59,0.94,1.02
60.3,14.7,50.59,0.94,1.02
60.4,14.7,50.58,0.93,1.03
60.5,14.7,50.58,0.93,1.03
60.6,14.7,50.57,0.93,1.04
60.7,14.7,50.56,0.92,1.04
60.8,14.7,50.55,0.92,1.05
60.9,14.7,50.54,0.92,1.05
61,14.7,50.54,0.91,1.06
61.1,14.7,50.52,0.91,1.06
61.2,14.7,50.51,0.91,1.07
61.3,14.7,50.5,0.9,1.08
61.4,14.7,50.49,0.9,1.08
61.5,14.7,50.48,0.9,1.09
61.6,14.7,50.46,0.89,1.09
61.7,14.7,50.44,0.89,1.1
61.8,14.7,50.43,0.89,1.1
61.9,14.7,50.41,0.88,1.11
62,14.7,50.39,0.88,1.12
62.1,14.7,50.37,0.88,1.12
62.2,14.7,50.35,0.88,1.13
62.3,14.7,50.33,0.87,1.13
62.4,14.7,50.3,0.87,1.14
62.5,14.7,50.28,0.87,1.14
62.6,14.7,50.25,0.86,1.15
62.7,14.7,50.23,0.86,1.16
62.8,14.7,50.2,0.86,1.16
62.9,14.7,50.17,0.86,1.17
63,14.7,50.14,0.85,1.17
63.1,14.7,50.1,0.85,1.18
63.2,14.7,50.07,0.85,1.18
63.3,14.7,50.03,0.85,1.19
63.4,14.7,50,0.84,1.2
63.5,14.7,49.96,0.84,1.2
63.6,14.7,49.92,0.84,1.21
63.7,14.7,49.87,0.84,1.21
63.8,14.7,49.83,0.83,1.22
63.9,14.7,49.78,0.83,1.23
64,14.7,49.74,0.83,1.23
64.1,14.7,49.69,0.83,1.24
64.2,14.7,49.64,0.82,1.24
64.3,14.7,49.58,0.82,1.25
64.4,14.7,49.53,0.82,1.26
64.5,14.7,49.47,0.82,1.26
64.6,14.7,49.41,0.82,1.27
64.7,14.7,49.35,0.81,1.27
64.8,14.7,49.29,0.81,1.28
64.9,14.7,49.23,0.81,1.29
65,14.7,49.16,0.81,1.29
65.1,14.7,49.09,0.81,1.3
65.2,14.7,49.02,0.81,1.3
65.3,14.7,48.95,0.8,1.31
65.4,14.7,48.87,0.8,1.32
65.5,14.7,48.8,0.8,1.32
65.6,14.7,48.72,0.8,1.33
65.7,14.7,48.63,0.8,1.33
65.8,14.7,48.55,0.8,1.34
65.9,14.7,48.46,0.8,1.35
66,14.7,48.37,0.8,1.35
66.1,14.7,48.28,0.8,1.36
58,14.8,50.48,1.01,0.89
58.1,14.8,50.48,1.01,0.9
58.2,14.8,50.48,1,0.9
58.3,14.8,50.48,1,0.91
58.4,14.8,50.48,1,0.91
58.5,14.8,50.48,0.99,0.92
58.6,14.8,50.48,0.99,0.92
58.7,14.8,50.48,0.99,0.93
58.8,14.8,50.48,0.98,0.94
58.9,14.8,50.47,0.98,0.94
59,14.8,50.47,0.98,0.95
59.1,14.8,50.47,0.97,0.95
59.2,14.8,50.47,0.97,0.96
59.3,14.8,50.47,0.97,0.96
59.4,14.8,50.47,0.96,0.97
59.5,14.8,50.47,0.96,0.97
59.6,14.8,50.47,0.96,0.98
59.7,14.8,50.46,0.95,0.98
59.8,14.8,50.46,0.95,0.99
59.9,14.8,50.46,0.95,0.99
60,14.8,50.45,0.94,1
60.1,14.8,50.45,0.94,1
60.2,14.8,50.45,0.94,1.01
60.3,14.8,50.44,0.93,1.02
60.4,14.8,50.44,0.93,1.02
60.5,14.8,50.43,0.92,1.03
60.6,14.8,50.42,0.92,1.03
60.7,14.8,50.42,0.92,1.04
60.8,14.8,50.41,0.91,1.04
60.9,14.8,50.4,0.91,1.05
61,14.8,50.39,0.91,1.05
61.1,14.8,50.38,0.9,1.06
61.2,14.8,50.37,0.9,1.06
61.3,14.8,50.36,0.9,1.07
61.4,14.8,50.34,0.89,1.08
61.5,14.8,50.33,0.89,1.08
61.6,14.8,50.31,0.89,1.09
61.7,14.8,50.3,0.89,1.09
61.8,14.8,50.28,0.88,1.1
61.9,14.8,50.26,0.88,1.1
62,14.8,50.25,0.88,1.11
62.1,14.8,50.23,0.87,1.12
62.2,14.8,50.21,0.87,1.12
62.3,14.8,50.18,0.87,1.13
62.4,14.8,50.16,0.86,1.13
62.5,14.8,50.14,0.86,1.14
62.6,14.8,50.11,0.86,1.14
62.7,14.8,50.08,0.85,1.15
62.8,14.8,50.05,0.85,1.16
62.9,14.8,50.02,0.85,1.16
63,14.8,49.99,0.85,1.17
63.1,14.8,49.96,0.84,1.17
63.2,14.8,49.93,0.84,1.18
63.3,14.8,49.89,0.84,1.18
63.4,14.8,49.85,0.84,1.19
63.5,14.8,49.81,0.83,1.2
63.6,14.8,49.77,0.83,1.2
63.7,14.8,49.73,0.83,1.21
63.8,14.8,49.69,0.83,1.21
63.9,14.8,49.64,0.82,1.22
64,14.8,49.59,0.82,1.23
64.1,14.8,49.54,0.82,1.23
64.2,14.8,49.49,0.82,1.24
64.3,14.8,49.44,0.82,1.24
64.4,14.8,49.39,0.81,1.25
64.5,14.8,49.33,0.81,1.26
64.6,14.8,49.27,0.81,1.26
64.7,14.8,49.21,0.81,1.27
64.8,14.8,49.15,0.81,1.27
64.9,14.8,49.08,0.8,1.28
65,14.8,49.02,0.8,1.29
65.1,14.8,48.95,0.8,1.29
65.2,14.8,48.88,0.8,1.3
65.3,14.8,48.81,0.8,1.3
65.4,14.8,48.73,0.8,1.31
65.5,14.8,48.65,0.8,1.32
65.6,14.8,48.57,0.79,1.32
65.7,14.8,48.49,0.79,1.33
65.8,14.8,48.41,0.79,1.33
65.9,14.8,48.32,0.79,1.34
66,14.8,48.23,0.79,1.35
66.1,14.8,48.14,0.79,1.35
58,14.9,50.33,1.01,0.89
58.1,14.9,50.33,1,0.89
58.2,14.9,50.33,1,0.9
58.3,14.9,50.33,1,0.9
58.4,14.9,50.33,0.99,0.91
58.5,14.9,50.33,0.99,0.91
58.6,14.9,50.33,0.99,0.92
58.7,14.9,50.33,0.98,0.92
58.8,14.9,50.33,0.98,0.93
58.9,14.9,50.33,0.98,0.94
59,14.9,50.33,0.97,0.94
59.1,14.9,50.33,0.97,0.95
59.2,14.9,50.33,0.96,0.95
59.3,14.9,50.32,0.96,0.96
59.4,14.9,50.32,0.96,0.96
59.5,14.9,50.32,0.95,0.97
59.6,14.9,50.32,0.95,0.97
59.7,14.9,50.32,0.95,0.98
59.8,14.9,50.31,0.94,0.98
59.9,14.9,50.31,0.94,0.99
60,14.9,50.31,0.94,0.99
60.1,14.9,50.3,0.93,1
60.2,14.9,50.3,0.93,1
60.3,14.9,50.3,0.93,1.01
60.4,14.9,50.29,0.92,1.02
60.5,14.9,50.28,0.92,1.02
60.6,14.9,50.28,0.92,1.03
60.7,14.9,50.27,0.91,1.03
60.8,14.9,50.26,0.91,1.04
60.9,14.9,50.25,0.91,1.04
61,14.9,50.24,0.9,1.05
61.1,14.9,50.23,0.9,1.05
61.2,14.9,50.22,0.9,1.06
61.3,14.9,50.21,0.89,1.06
61.4,14.9,50.2,0.89,1.07
61.5,14.9,50.18,0.89,1.08
61.6,14.9,50.17,0.88,1.08
61.7,14.9,50.15,0.88,1.09
61.8,14.9,50.14,0.88,1.09
61.9,14.9,50.12,0.87,1.1
62,14.9,50.1,0.87,1.1
62.1,14.9,50.08,0.87,1.11
62.2,14.9,50.06,0.86,1.11
62.3,14.9,50.04,0.86,1.12
62.4,14.9,50.02,0.86,1.13
62.5,14.9,49.99,0.85,1.13
62.6,14.9,49.97,0.85,1.14
62.7,14.9,49.94,0.85,1.14
62.8,14.9,49.91,0.85,1.15
62.9,14.9,49.88,0.84,1.15
63,14.9,49.85,0.84,1.16
63.1,14.9,49.82,0.84,1.17
63.2,14.9,49.78,0.83,1.17
63.3,14.9,49.75,0.83,1.18
63.4,14.9,49.71,0.83,1.18
63.5,14.9,49.67,0.83,1.19
63.6,14.9,49.63,0.82,1.2
63.7,14.9,49.59,0.82,1.2
63.8,14.9,49.54,0.82,1.21
63.9,14.9,49.5,0.82,1.21
64,14.9,49.45,0.81,1.22
64.1,14.9,49.4,0.81,1.23
64.2,14.9,49.35,0.81,1.23
64.3,14.9,49.3,0.81,1.24
64.4,14.9,49.24,0.81,1.24
64.5,14.9,49.19,0.8,1.25
64.6,14.9,49.13,0.8,1.25
64.7,14.9,49.07,0.8,1.26
64.8,14.9,49.01,0.8,1.27
64.9,14.9,48.94,0.8,1.27
65,14.9,48.88,0.8,1.28
65.1,14.9,48.81,0.79,1.28
65.2,14.9,48.74,0.79,1.29
65.3,14.9,48.67,0.79,1.3
65.4,14.9,48.59,0.79,1.3
65.5,14.9,48.51,0.79,1.31
65.6,14.9,48.43,0.79,1.32
65.7,14.9,48.35,0.79,1.32
65.8,14.9,48.27,0.78,1.33
65.9,14.9,48.18,0.78,1.33
66,14.9,48.09,0.78,1.34
66.1,14.9,48,0.78,1.35
58,15,50.19,1,0.88
58.1,15,50.19,1,0.89
58.2,15,50.19,0.99,0.89
58.3,15,50.19,0.99,0.9
58.4,15,50.19,0.99,0.9
58.5,15,50.19,0.98,0.91
58.6,15,50.18,0.98,0.91
58.7,15,50.18,0.98,0.92
58.8,15,50.18,0.97,0.92
58.9,15,50.18,0.97,0.93
59,15,50.18,0.97,0.94
59.1,15,50.18,0.96,0.94
59.2,15,50.18,0.96,0.95
59.3,15,50.18,0.96,0.95
59.4,15,50.18,0.95,0.96
59.5,15,50.18,0.95,0.96
59.6,15,50.17,0.95,0.97
59.7,15,50.17,0.94,0.97
59.8,15,50.17,0.94,0.98
59.9,15,50.17,0.93,0.98
60,15,50.16,0.93,0.99
60.1,15,50.16,0.93,0.99
60.2,15,50.16,0.92,1
60.3,15,50.15,0.92,1
60.4,15,50.15,0.92,1.01
60.5,15,50.14,0.91,1.01
60.6,15,50.13,0.91,1.02
60.7,15,50.13,0.91,1.03
60.8,15,50.12,0.9,1.03
60.9,15,50.11,0.9,1.04
61,15,50.1,0.9,1.04
61.1,15,50.09,0.89,1.05
61.2,15,50.08,0.89,1.05
61.3,15,50.07,0.89,1.06
61.4,15,50.06,0.88,1.06
61.5,15,50.04,0.88,1.07
61.6,15,50.03,0.88,1.08
61.7,15,50.01,0.87,1.08
61.8,15,50,0.87,1.09
61.9,15,49.98,0.87,1.09
62,15,49.96,0.86,1.1
62.1,15,49.94,0.86,1.1
62.2,15,49.92,0.86,1.11
62.3,15,49.9,0.85,1.11
62.4,15,49.87,0.85,1.12
62.5,15,49.85,0.85,1.13
62.6,15,49.82,0.84,1.13
62.7,15,49.8,0.84,1.14
62.8,15,49.77,0.84,1.14
62.9,15,49.74,0.84,1.15
63,15,49.71,0.83,1.15
63.1,15,49.67,0.83,1.16
63.2,15,49.64,0.83,1.17
63.3,15,49.6,0.83,1.17
63.4,15,49.57,0.82,1.18
63.5,15,49.53,0.82,1.18
63.6,15,49.49,0.82,1.19
63.7,15,49.45,0.82,1.2
63.8,15,49.4,0.81,1.2
63.9,15,49.36,0.81,1.21
64,15,49.31,0.81,1.21
64.1,15,49.26,0.81,1.22
64.2,15,49.21,0.8,1.22
64.3,15,49.16,0.8,1.23
64.4,15,49.1,0.8,1.24
64.5,15,49.05,0.8,1.24
64.6,15,48.99,0.8,1.25
64.7,15,48.93,0.79,1.25
64.8,15,48.87,0.79,1.26
64.9,15,48.8,0.79,1.27
65,15,48.74,0.79,1.27
65.1,15,48.67,0.79,1.28
65.2,15,48.6,0.79,1.28
65.3,15,48.53,0.78,1.29
65.4,15,48.45,0.78,1.3
65.5,15,48.37,0.78,1.3
65.6,15,48.29,0.78,1.31
65.7,15,48.21,0.78,1.31
65.8,15,48.13,0.78,1.32
65.9,15,48.04,0.78,1.33
66,15,47.95,0.78,1.33
66.1,15,47.86,0.77,1.34
58,15.1,50.05,1,0.88
58.1,15.1,50.04,0.99,0.88
58.2,15.1,50.04,0.99,0.89
58.3,15.1,50.04,0.99,0.89
58.4,15.1,50.04,0.98,0.9
58.5,15.1,50.04,0.98,0.9
58.6,15.1,50.04,0.98,0.91
58.7,15.1,50.04,0.97,0.91
58.8,15.1,50.04,0.97,0.92
58.9,15.1,50.04,0.96,0.92
59,15.1,50.04,0.96,0.93
59.1,15.1,50.04,0.96,0.93
59.2,15.1,50.04,0.95,0.94
59.3,15.1,50.04,0.95,0.95
59.4,15.1,50.03,0.95,0.95
59.5,15.1,50.03,0.94,0.96
59.6,15.1,50.03,0.94,0.96
59.7,15.1,50.03,0.94,0.97
59.8,15.1,50.03,0.93,0.97
59.9,15.1,50.02,0.93,0.98
60,15.1,50.02,0.93,0.98
60.1,15.1,50.02,0.92,0.99
60.2,15.1,50.01,0.92,0.99
60.3,15.1,50.01,0.91,1
60.4,15.1,50,0.91,1
60.5,15.1,50,0.91,1.01
60.6,15.1,49.99,0.9,1.01
60.7,15.1,49.98,0.9,1.02
60.8,15.1,49.98,0.9,1.03
60.9,15.1,49.97,0.89,1.03
61,15.1,49.96,0.89,1.04
61.1,15.1,49.95,0.89,1.04
61.2,15.1,49.94,0.88,1.05
61.3,15.1,49.93,0.88,1.05
61.4,15.1,49.91,0.88,1.06
61.5,15.1,49.9,0.87,1.06
61.6,15.1,49.89,0.87,1.07
61.7,15.1,49.87,0.87,1.08
61.8,15.1,49.85,0.86,1.08
61.9,15.1,49.84,0.86,1.09
62,15.1,49.82,0.86,1.09
62.1,15.1,49.8,0.85,1.1
62.2,15.1,49.78,0.85,1.1
62.3,15.1,49.76,0.85,1.11
62.4,15.1,49.73,0.84,1.11
62.5,15.1,49.71,0.84,1.12
62.6,15.1,49.68,0.84,1.13
62.7,15.1,49.66,0.84,1.13
62.8,15.1,49.63,0.83,1.14
62.9,15.1,49.6,0.83,1.14
63,15.1,49.57,0.83,1.15
63.1,15.1,49.53,0.82,1.15
63.2,15.1,49.5,0.82,1.16
63.3,15.1,49.46,0.82,1.17
63.4,15.1,49.43,0.82,1.17
63.5,15.1,49.39,0.81,1.18
63.6,15.1,49.35,0.81,1.18
63.7,15.1,49.31,0.81,1.19
63.8,15.1,49.26,0.81,1.2
63.9,15.1,49.22,0.8,1.2
64,15.1,49.17,0.8,1.21
64.1,15.1,49.12,0.8,1.21
64.2,15.1,49.07,0.8,1.22
64.3,15.1,49.02,0.79,1.22
64.4,15.1,48.96,0.79,1.23
64.5,15.1,48.91,0.79,1.24
64.6,15.1,48.85,0.79,1.24
64.7,15.1,48.79,0.79,1.25
64.8,15.1,48.73,0.78,1.25
64.9,15.1,48.66,0.78,1.26
65,15.1,48.6,0.78,1.27
65.1,15.1,48.53,0.78,1.27
65.2,15.1,48.46,0.78,1.28
65.3,15.1,48.39,0.78,1.28
65.4,15.1,48.31,0.78,1.29
65.5,15.1,48.24,0.77,1.3
65.6,15.1,48.16,0.77,1.3
65.7,15.1,48.07,0.77,1.31
65.8,15.1,47.99,0.77,1.31
65.9,15.1,47.9,0.77,1.32
66,15.1,47.82,0.77,1.33
66.1,15.1,47.72,0.77,1.33
58,15.2,49.9,0.99,0.87
58.1,15.2,49.9,0.99,0.88
58.2,15.2,49.9,0.98,0.88
58.3,15.2,49.9,0.98,0.89
58.4,15.2,49.9,0.98,0.89
58.5,15.2,49.9,0.97,0.9
58.6,15.2,49.9,0.97,0.9
58.7,15.2,49.9,0.97,0.91
58.8,15.2,49.9,0.96,0.91
58.9,15.2,49.9,0.96,0.92
59,15.2,49.9,0.96,0.92
59.1,15.2,49.9,0.95,0.93
59.2,15.2,49.89,0.95,0.93
59.3,15.2,49.89,0.95,0.94
59.4,15.2,49.89,0.94,0.95
59.5,15.2,49.89,0.94,0.95
59.6,15.2,49.89,0.93,0.96
59.7,15.2,49.89,0.93,0.96
59.8,15.2,49.88,0.93,0.97
59.9,15.2,49.88,0.92,0.97
60,15.2,49.88,0.92,0.98
60.1,15.2,49.87,0.92,0.98
60.2,15.2,49.87,0.91,0.99
60.3,15.2,49.87,0.91,0.99
60.4,15.2,49.86,0.91,1
60.5,15.2,49.86,0.9,1
60.6,15.2,49.85,0.9,1.01
60.7,15.2,49.84,0.89,1.01
60.8,15.2,49.83,0.89,1.02
60.9,15.2,49.83,0.89,1.03
61,15.2,49.82,0.88,1.03
61.1,15.2,49.81,0.88,1.04
61.2,15.2,49.8,0.88,1.04
61.3,15.2,49.78,0.87,1.05
61.4,15.2,49.77,0.87,1.05
61.5,15.2,49.76,0.87,1.06
61.6,15.2,49.74,0.86,1.06
61.7,15.2,49.73,0.86,1.07
61.8,15.2,49.71,0.86,1.08
61.9,15.2,49.7,0.85,1.08
62,15.2,49.68,0.85,1.09
62.1,15.2,49.66,0.85,1.09
62.2,15.2,49.64,0.84,1.1
62.3,15.2,49.62,0.84,1.1
62.4,15.2,49.59,0.84,1.11
62.5,15.2,49.57,0.83,1.11
62.6,15.2,49.54,0.83,1.12
62.7,15.2,49.52,0.83,1.13
62.8,15.2,49.49,0.83,1.13
62.9,15.2,49.46,0.82,1.14
63,15.2,49.43,0.82,1.14
63.1,15.2,49.39,0.82,1.15
63.2,15.2,49.36,0.81,1.15
63.3,15.2,49.32,0.81,1.16
63.4,15.2,49.29,0.81,1.17
63.5,15.2,49.25,0.81,1.17
63.6,15.2,49.21,0.8,1.18
63.7,15.2,49.17,0.8,1.18
63.8,15.2,49.12,0.8,1.19
63.9,15.2,49.08,0.8,1.19
64,15.2,49.03,0.79,1.2
64.1,15.2,48.98,0.79,1.21
64.2,15.2,48.93,0.79,1.21
64.3,15.2,48.88,0.79,1.22
64.4,15.2,48.83,0.79,1.22
64.5,15.2,48.77,0.78,1.23
64.6,15.2,48.71,0.78,1.24
64.7,15.2,48.65,0.78,1.24
64.8,15.2,48.59,0.78,1.25
64.9,15.2,48.53,0.78,1.25
65,15.2,48.46,0.77,1.26
65.1,15.2,48.39,0.77,1.27
65.2,15.2,48.32,0.77,1.27
65.3,15.2,48.25,0.77,1.28
65.4,15.2,48.18,0.77,1.28
65.5,15.2,48.1,0.77,1.29
65.6,15.2,48.02,0.77,1.3
65.7,15.2,47.94,0.76,1.3
65.8,15.2,47.85,0.76,1.31
65.9,15.2,47.77,0.76,1.31
66,15.2,47.68,0.76,1.32
66.1,15.2,47.59,0.76,1.33
58,15.3,49.76,0.99,0.87
58.1,15.3,49.76,0.98,0.87
58.2,15.3,49.76,0.98,0.88
58.3,15.3,49.76,0.98,0.88
58.4,15.3,49.76,0.97,0.89
58.5,15.3,49.76,0.97,0.89
58.6,15.3,49.76,0.97,0.9
58.7,15.3,49.76,0.96,0.9
58.8,15.3,49.76,0.96,0.91
58.9,15.3,49.76,0.95,0.91
59,15.3,49.75,0.95,0.92
59.1,15.3,49.75,0.95,0.92
59.2,15.3,49.75,0.94,0.93
59.3,15.3,49.75,0.94,0.93
59.4,15.3,49.75,0.94,0.94
59.5,15.3,49.75,0.93,0.95
59.6,15.3,49.75,0.93,0.95
59.7,15.3,49.75,0.93,0.96
59.8,15.3,49.74,0.92,0.96
59.9,15.3,49.74,0.92,0.97
60,15.3,49.74,0.91,0.97
60.1,15.3,49.73,0.91,0.98
60.2,15.3,49.73,0.91,0.98
60.3,15.3,49.73,0.9,0.99
60.4,15.3,49.72,0.9,0.99
60.5,15.3,49.71,0.9,1
60.6,15.3,49.71,0.89,1
60.7,15.3,49.7,0.89,1.01
60.8,15.3,49.69,0.89,1.01
60.9,15.3,49.69,0.88,1.02
61,15.3,49.68,0.88,1.03
61.1,15.3,49.67,0.87,1.03
61.2,15.3,49.66,0.87,1.04
61.3,15.3,49.64,0.87,1.04
61.4,15.3,49.63,0.86,1.05
61.5,15.3,49.62,0.86,1.05
61.6,15.3,49.6,0.86,1.06
61.7,15.3,49.59,0.85,1.06
61.8,15.3,49.57,0.85,1.07
61.9,15.3,49.56,0.85,1.08
62,15.3,49.54,0.84,1.08
62.1,15.3,49.52,0.84,1.09
62.2,15.3,49.5,0.84,1.09
62.3,15.3,49.48,0.83,1.1
62.4,15.3,49.45,0.83,1.1
62.5,15.3,49.43,0.83,1.11
62.6,15.3,49.4,0.83,1.11
62.7,15.3,49.38,0.82,1.12
62.8,15.3,49.35,0.82,1.13
62.9,15.3,49.32,0.82,1.13
63,15.3,49.29,0.81,1.14
63.1,15.3,49.26,0.81,1.14
63.2,15.3,49.22,0.81,1.15
63.3,15.3,49.19,0.8,1.15
63.4,15.3,49.15,0.8,1.16
63.5,15.3,49.11,0.8,1.17
63.6,15.3,49.07,0.8,1.17
63.7,15.3,49.03,0.79,1.18
63.8,15.3,48.99,0.79,1.18
63.9,15.3,48.94,0.79,1.19
64,15.3,48.89,0.79,1.19
64.1,15.3,48.85,0.78,1.2
64.2,15.3,48.8,0.78,1.21
64.3,15.3,48.74,0.78,1.21
64.4,15.3,48.69,0.78,1.22
64.5,15.3,48.63,0.78,1.22
64.6,15.3,48.58,0.77,1.23
64.7,15.3,48.52,0.77,1.24
64.8,15.3,48.45,0.77,1.24
64.9,15.3,48.39,0.77,1.25
65,15.3,48.32,0.77,1.25
65.1,15.3,48.26,0.77,1.26
65.2,15.3,48.19,0.76,1.27
65.3,15.3,48.11,0.76,1.27
65.4,15.3,48.04,0.76,1.28
65.5,15.3,47.96,0.76,1.28
65.6,15.3,47.88,0.76,1.29
65.7,15.3,47.8,0.76,1.3
65.8,15.3,47.72,0.76,1.3
65.9,15.3,47.63,0.75,1.31
66,15.3,47.54,0.75,1.31
66.1,15.3,47.45,0.75,1.32
58,15.4,49.62,0.98,0.86
58.1,15.4,49.62,0.98,0.87
58.2,15.4,49.62,0.97,0.87
58.3,15.4,49.62,0.97,0.88
58.4,15.4,49.62,0.97,0.88
58.5,15.4,49.62,0.96,0.89
58.6,15.4,49.62,0.96,0.89
58.7,15.4,49.62,0.96,0.9
58.8,15.4,49.62,0.95,0.9
58.9,15.4,49.62,0.95,0.91
59,15.4,49.61,0.95,0.91
59.1,15.4,49.61,0.94,0.92
59.2,15.4,49.61,0.94,0.92
59.3,15.4,49.61,0.93,0.93
59.4,15.4,49.61,0.93,0.93
59.5,15.4,49.61,0.93,0.94
59.6,15.4,49.61,0.92,0.95
59.7,15.4,49.61,0.92,0.95
59.8,15.4,49.6,0.92,0.96
59.9,15.4,49.6,0.91,0.96
60,15.4,49.6,0.91,0.97
60.1,15.4,49.6,0.9,0.97
60.2,15.4,49.59,0.9,0.98
60.3,15.4,49.59,0.9,0.98
60.4,15.4,49.58,0.89,0.99
60.5,15.4,49.58,0.89,0.99
60.6,15.4,49.57,0.89,1
60.7,15.4,49.56,0.88,1
60.8,15.4,49.56,0.88,1.01
60.9,15.4,49.55,0.88,1.01
61,15.4,49.54,0.87,1.02
61.1,15.4,49.53,0.87,1.03
61.2,15.4,49.52,0.87,1.03
61.3,15.4,49.51,0.86,1.04
61.4,15.4,49.49,0.86,1.04
61.5,15.4,49.48,0.85,1.05
61.6,15.4,49.47,0.85,1.05
61.7,15.4,49.45,0.85,1.06
61.8,15.4,49.44,0.84,1.06
61.9,15.4,49.42,0.84,1.07
62,15.4,49.4,0.84,1.07
62.1,15.4,49.38,0.83,1.08
62.2,15.4,49.36,0.83,1.09
62.3,15.4,49.34,0.83,1.09
62.4,15.4,49.32,0.82,1.1
62.5,15.4,49.29,0.82,1.1
62.6,15.4,49.27,0.82,1.11
62.7,15.4,49.24,0.82,1.11
62.8,15.4,49.21,0.81,1.12
62.9,15.4,49.18,0.81,1.13
63,15.4,49.15,0.81,1.13
63.1,15.4,49.12,0.8,1.14
63.2,15.4,49.09,0.8,1.14
63.3,15.4,49.05,0.8,1.15
63.4,15.4,49.01,0.8,1.15
63.5,15.4,48.98,0.79,1.16
63.6,15.4,48.94,0.79,1.17
63.7,15.4,48.89,0.79,1.17
63.8,15.4,48.85,0.79,1.18
63.9,15.4,48.81,0.78,1.18
64,15.4,48.76,0.78,1.19
64.1,15.4,48.71,0.78,1.19
64.2,15.4,48.66,0.78,1.2
64.3,15.4,48.61,0.77,1.21
64.4,15.4,48.55,0.77,1.21
64.5,15.4,48.5,0.77,1.22
64.6,15.4,48.44,0.77,1.22
64.7,15.4,48.38,0.77,1.23
64.8,15.4,48.32,0.76,1.24
64.9,15.4,48.26,0.76,1.24
65,15.4,48.19,0.76,1.25
65.1,15.4,48.12,0.76,1.25
65.2,15.4,48.05,0.76,1.26
65.3,15.4,47.98,0.75,1.27
65.4,15.4,47.9,0.75,1.27
65.5,15.4,47.83,0.75,1.28
65.6,15.4,47.75,0.75,1.28
65.7,15.4,47.67,0.75,1.29
65.8,15.4,47.58,0.75,1.3
65.9,15.4,47.5,0.75,1.3
66,15.4,47.41,0.75,1.31
66.1,15.4,47.32,0.75,1.31
58,15.5,49.48,0.98,0.86
58.1,15.5,49.48,0.97,0.86
58.2,15.5,49.48,0.97,0.87
58.3,15.5,49.48,0.97,0.87
58.4,15.5,49.48,0.96,0.88
58.5,15.5,49.48,0.96,0.88
58.6,15.5,49.48,0.96,0.89
58.7,15.5,49.48,0.95,0.89
58.8,15.5,49.48,0.95,0.9
58.9,15.5,49.48,0.94,0.9
59,15.5,49.48,0.94,0.91
59.1,15.5,49.48,0.94,0.91
59.2,15.5,49.47,0.93,0.92
59.3,15.5,49.47,0.93,0.92
59.4,15.5,49.47,0.93,0.93
59.5,15.5,49.47,0.92,0.93
59.6,15.5,49.47,0.92,0.94
59.7,15.5,49.47,0.91,0.95
59.8,15.5,49.47,0.91,0.95
59.9,15.5,49.46,0.91,0.96
60,15.5,49.46,0.9,0.96
60.1,15.5,49.46,0.9,0.97
60.2,15.5,49.45,0.9,0.97
60.3,15.5,49.45,0.89,0.98
60.4,15.5,49.44,0.89,0.98
60.5,15.5,49.44,0.88,0.99
60.6,15.5,49.43,0.88,0.99
60.7,15.5,49.43,0.88,1
60.8,15.5,49.42,0.87,1
60.9,15.5,49.41,0.87,1.01
61,15.5,49.4,0.87,1.01
61.1,15.5,49.39,0.86,1.02
61.2,15.5,49.38,0.86,1.03
61.3,15.5,49.37,0.86,1.03
61.4,15.5,49.36,0.85,1.04
61.5,15.5,49.34,0.85,1.04
61.6,15.5,49.33,0.84,1.05
61.7,15.5,49.31,0.84,1.05
61.8,15.5,49.3,0.84,1.06
61.9,15.5,49.28,0.83,1.06
62,15.5,49.26,0.83,1.07
62.1,15.5,49.24,0.83,1.07
62.2,15.5,49.22,0.82,1.08
62.3,15.5,49.2,0.82,1.09
62.4,15.5,49.18,0.82,1.09
62.5,15.5,49.16,0.82,1.1
62.6,15.5,49.13,0.81,1.1
62.7,15.5,49.1,0.81,1.11
62.8,15.5,49.08,0.81,1.11
62.9,15.5,49.05,0.8,1.12
63,15.5,49.02,0.8,1.13
63.1,15.5,48.98,0.8,1.13
63.2,15.5,48.95,0.79,1.14
63.3,15.5,48.91,0.79,1.14
63.4,15.5,48.88,0.79,1.15
63.5,15.5,48.84,0.79,1.15
63.6,15.5,48.8,0.78,1.16
63.7,15.5,48.76,0.78,1.17
63.8,15.5,48.72,0.78,1.17
63.9,15.5,48.67,0.78,1.18
64,15.5,48.62,0.77,1.18
64.1,15.5,48.58,0.77,1.19
64.2,15.5,48.53,0.77,1.19
64.3,15.5,48.47,0.77,1.2
64.4,15.5,48.42,0.76,1.21
64.5,15.5,48.36,0.76,1.21
64.6,15.5,48.31,0.76,1.22
64.7,15.5,48.25,0.76,1.22
64.8,15.5,48.19,0.76,1.23
64.9,15.5,48.12,0.75,1.24
65,15.5,48.06,0.75,1.24
65.1,15.5,47.99,0.75,1.25
65.2,15.5,47.92,0.75,1.25
65.3,15.5,47.85,0.75,1.26
65.4,15.5,47.77,0.75,1.27
65.5,15.5,47.69,0.74,1.27
65.6,15.5,47.62,0.74,1.28
65.7,15.5,47.53,0.74,1.28
65.8,15.5,47.45,0.74,1.29
65.9,15.5,47.37,0.74,1.3
66,15.5,47.28,0.74,1.3
66.1,15.5,47.19,0.74,1.31
58,15.6,49.34,0.97,0.85
58.1,15.6,49.34,0.97,0.86
58.2,15.6,49.34,0.96,0.86
58.3,15.6,49.34,0.96,0.87
58.4,15.6,49.34,0.96,0.87
58.5,15.6,49.34,0.95,0.88
58.6,15.6,49.34,0.95,0.88
58.7,15.6,49.34,0.95,0.89
58.8,15.6,49.34,0.94,0.89
58.9,15.6,49.34,0.94,0.9
59,15.6,49.34,0.93,0.9
59.1,15.6,49.34,0.93,0.91
59.2,15.6,49.34,0.93,0.91
59.3,15.6,49.34,0.92,0.92
59.4,15.6,49.34,0.92,0.92
59.5,15.6,49.33,0.92,0.93
59.6,15.6,49.33,0.91,0.93
59.7,15.6,49.33,0.91,0.94
59.8,15.6,49.33,0.9,0.95
59.9,15.6,49.33,0.9,0.95
60,15.6,49.32,0.9,0.96
60.1,15.6,49.32,0.89,0.96
60.2,15.6,49.32,0.89,0.97
60.3,15.6,49.31,0.89,0.97
60.4,15.6,49.31,0.88,0.98
60.5,15.6,49.3,0.88,0.98
60.6,15.6,49.3,0.87,0.99
60.7,15.6,49.29,0.87,0.99
60.8,15.6,49.28,0.87,1
60.9,15.6,49.27,0.86,1
61,15.6,49.26,0.86,1.01
61.1,15.6,49.25,0.86,1.01
61.2,15.6,49.24,0.85,1.02
61.3,15.6,49.23,0.85,1.03
61.4,15.6,49.22,0.85,1.03
61.5,15.6,49.21,0.84,1.04
61.6,15.6,49.19,0.84,1.04
61.7,15.6,49.18,0.84,1.05
61.8,15.6,49.16,0.83,1.05
61.9,15.6,49.15,0.83,1.06
62,15.6,49.13,0.82,1.06
62.1,15.6,49.11,0.82,1.07
62.2,15.6,49.09,0.82,1.07
62.3,15.6,49.07,0.81,1.08
62.4,15.6,49.04,0.81,1.09
62.5,15.6,49.02,0.81,1.09
62.6,15.6,49,0.81,1.1
62.7,15.6,48.97,0.8,1.1
62.8,15.6,48.94,0.8,1.11
62.9,15.6,48.91,0.8,1.11
63,15.6,48.88,0.79,1.12
63.1,15.6,48.85,0.79,1.13
63.2,15.6,48.82,0.79,1.13
63.3,15.6,48.78,0.78,1.14
63.4,15.6,48.74,0.78,1.14
63.5,15.6,48.71,0.78,1.15
63.6,15.6,48.67,0.78,1.15
63.7,15.6,48.62,0.77,1.16
63.8,15.6,48.58,0.77,1.17
63.9,15.6,48.54,0.77,1.17
64,15.6,48.49,0.77,1.18
64.1,15.6,48.44,0.76,1.18
64.2,15.6,48.39,0.76,1.19
64.3,15.6,48.34,0.76,1.19
64.4,15.6,48.29,0.76,1.2
64.5,15.6,48.23,0.76,1.21
64.6,15.6,48.17,0.75,1.21
64.7,15.6,48.11,0.75,1.22
64.8,15.6,48.05,0.75,1.22
64.9,15.6,47.99,0.75,1.23
65,15.6,47.92,0.75,1.24
65.1,15.6,47.86,0.74,1.24
65.2,15.6,47.79,0.74,1.25
65.3,15.6,47.71,0.74,1.25
65.4,15.6,47.64,0.74,1.26
65.5,15.6,47.56,0.74,1.27
65.6,15.6,47.48,0.74,1.27
65.7,15.6,47.4,0.73,1.28
65.8,15.6,47.32,0.73,1.28
65.9,15.6,47.23,0.73,1.29
66,15.6,47.15,0.73,1.3
66.1,15.6,47.06,0.73,1.3
58,15.7,49.21,0.97,0.85
58.1,15.7,49.2,0.96,0.85
58.2,15.7,49.2,0.96,0.86
58.3,15.7,49.2,0.96,0.86
58.4,15.7,49.2,0.95,0.87
58.5,15.7,49.2,0.95,0.87
58.6,15.7,49.2,0.94,0.88
58.7,15.7,49.2,0.94,0.88
58.8,15.7,49.2,0.94,0.89
58.9,15.7,49.2,0.93,0.89
59,15.7,49.2,0.93,0.9
59.1,15.7,49.2,0.93,0.9
59.2,15.7,49.2,0.92,0.91
59.3,15.7,49.2,0.92,0.91
59.4,15.7,49.2,0.91,0.92
59.5,15.7,49.2,0.91,0.92
59.6,15.7,49.2,0.91,0.93
59.7,15.7,49.2,0.9,0.94
59.8,15.7,49.19,0.9,0.94
59.9,15.7,49.19,0.9,0.95
60,15.7,49.19,0.89,0.95
60.1,15.7,49.18,0.89,0.96
60.2,15.7,49.18,0.88,0.96
60.3,15.7,49.18,0.88,0.97
60.4,15.7,49.17,0.88,0.97
60.5,15.7,49.17,0.87,0.98
60.6,15.7,49.16,0.87,0.98
60.7,15.7,49.15,0.87,0.99
60.8,15.7,49.15,0.86,0.99
60.9,15.7,49.14,0.86,1
61,15.7,49.13,0.85,1
61.1,15.7,49.12,0.85,1.01
61.2,15.7,49.11,0.85,1.01
61.3,15.7,49.1,0.84,1.02
61.4,15.7,49.09,0.84,1.03
61.5,15.7,49.07,0.84,1.03
61.6,15.7,49.06,0.83,1.04
61.7,15.7,49.04,0.83,1.04
61.8,15.7,49.03,0.83,1.05
61.9,15.7,49.01,0.82,1.05
62,15.7,48.99,0.82,1.06
62.1,15.7,48.97,0.82,1.06
62.2,15.7,48.95,0.81,1.07
62.3,15.7,48.93,0.81,1.07
62.4,15.7,48.91,0.81,1.08
62.5,15.7,48.89,0.8,1.09
62.6,15.7,48.86,0.8,1.09
62.7,15.7,48.83,0.8,1.1
62.8,15.7,48.81,0.79,1.1
62.9,15.7,48.78,0.79,1.11
63,15.7,48.75,0.79,1.11
63.1,15.7,48.72,0.78,1.12
63.2,15.7,48.68,0.78,1.13
63.3,15.7,48.65,0.78,1.13
63.4,15.7,48.61,0.77,1.14
63.5,15.7,48.57,0.77,1.14
63.6,15.7,48.53,0.77,1.15
63.7,15.7,48.49,0.77,1.15
63.8,15.7,48.45,0.76,1.16
63.9,15.7,48.4,0.76,1.17
64,15.7,48.36,0.76,1.17
64.1,15.7,48.31,0.76,1.18
64.2,15.7,48.26,0.75,1.18
64.3,15.7,48.21,0.75,1.19
64.4,15.7,48.15,0.75,1.19
64.5,15.7,48.1,0.75,1.2
64.6,15.7,48.04,0.75,1.21
64.7,15.7,47.98,0.74,1.21
64.8,15.7,47.92,0.74,1.22
64.9,15.7,47.86,0.74,1.22
65,15.7,47.79,0.74,1.23
65.1,15.7,47.72,0.74,1.24
65.2,15.7,47.65,0.73,1.24
65.3,15.7,47.58,0.73,1.25
65.4,15.7,47.51,0.73,1.25
65.5,15.7,47.43,0.73,1.26
65.6,15.7,47.35,0.73,1.26
65.7,15.7,47.27,0.73,1.27
65.8,15.7,47.19,0.73,1.28
65.9,15.7,47.1,0.73,1.28
66,15.7,47.02,0.72,1.29
66.1,15.7,46.93,0.72,1.29
58,15.8,49.07,0.96,0.84
58.1,15.8,49.07,0.96,0.85
58.2,15.8,49.07,0.95,0.85
58.3,15.8,49.07,0.95,0.86
58.4,15.8,49.07,0.95,0.86
58.5,15.8,49.07,0.94,0.87
58.6,15.8,49.07,0.94,0.87
58.7,15.8,49.07,0.94,0.88
58.8,15.8,49.07,0.93,0.88
58.9,15.8,49.07,0.93,0.89
59,15.8,49.07,0.92,0.89
59.1,15.8,49.07,0.92,0.9
59.2,15.8,49.07,0.92,0.9
59.3,15.8,49.07,0.91,0.91
59.4,15.8,49.06,0.91,0.91
59.5,15.8,49.06,0.9,0.92
59.6,15.8,49.06,0.9,0.92
59.7,15.8,49.06,0.9,0.93
59.8,15.8,49.06,0.89,0.94
59.9,15.8,49.06,0.89,0.94
60,15.8,49.05,0.89,0.95
60.1,15.8,49.05,0.88,0.95
60.2,15.8,49.05,0.88,0.96
60.3,15.8,49.04,0.87,0.96
60.4,15.8,49.04,0.87,0.97
60.5,15.8,49.03,0.87,0.97
60.6,15.8,49.03,0.86,0.98
60.7,15.8,49.02,0.86,0.98
60.8,15.8,49.01,0.86,0.99
60.9,15.8,49,0.85,0.99
61,15.8,49,0.85,1
61.1,15.8,48.99,0.84,1
61.2,15.8,48.98,0.84,1.01
61.3,15.8,48.96,0.84,1.01
61.4,15.8,48.95,0.83,1.02
61.5,15.8,48.94,0.83,1.03
61.6,15.8,48.93,0.83,1.03
61.7,15.8,48.91,0.82,1.04
61.8,15.8,48.9,0.82,1.04
61.9,15.8,48.88,0.82,1.05
62,15.8,48.86,0.81,1.05
62.1,15.8,48.84,0.81,1.06
62.2,15.8,48.82,0.81,1.06
62.3,15.8,48.8,0.8,1.07
62.4,15.8,48.78,0.8,1.07
62.5,15.8,48.75,0.8,1.08
62.6,15.8,48.73,0.79,1.09
62.7,15.8,48.7,0.79,1.09
62.8,15.8,48.67,0.79,1.1
62.9,15.8,48.65,0.78,1.1
63,15.8,48.62,0.78,1.11
63.1,15.8,48.58,0.78,1.11
63.2,15.8,48.55,0.77,1.12
63.3,15.8,48.52,0.77,1.13
63.4,15.8,48.48,0.77,1.13
63.5,15.8,48.44,0.77,1.14
63.6,15.8,48.4,0.76,1.14
63.7,15.8,48.36,0.76,1.15
63.8,15.8,48.32,0.76,1.15
63.9,15.8,48.27,0.75,1.16
64,15.8,48.23,0.75,1.17
64.1,15.8,48.18,0.75,1.17
64.2,15.8,48.13,0.75,1.18
64.3,15.8,48.08,0.75,1.18
64.4,15.8,48.02,0.74,1.19
64.5,15.8,47.97,0.74,1.19
64.6,15.8,47.91,0.74,1.2
64.7,15.8,47.85,0.74,1.21
64.8,15.8,47.79,0.73,1.21
64.9,15.8,47.73,0.73,1.22
65,15.8,47.66,0.73,1.22
65.1,15.8,47.59,0.73,1.23
65.2,15.8,47.52,0.73,1.23
65.3,15.8,47.45,0.73,1.24
65.4,15.8,47.38,0.72,1.25
65.5,15.8,47.3,0.72,1.25
65.6,15.8,47.22,0.72,1.26
65.7,15.8,47.14,0.72,1.26
65.8,15.8,47.06,0.72,1.27
65.9,15.8,46.97,0.72,1.28
66,15.8,46.89,0.72,1.28
66.1,15.8,46.8,0.72,1.29
58,15.9,48.94,0.96,0.84
58.1,15.9,48.93,0.95,0.84
58.2,15.9,48.93,0.95,0.85
58.3,15.9,48.93,0.95,0.85
58.4,15.9,48.93,0.94,0.86
58.5,15.9,48.93,0.94,0.86
58.6,15.9,48.93,0.93,0.87
58.7,15.9,48.93,0.93,0.87
58.8,15.9,48.93,0.93,0.88
58.9,15.9,48.93,0.92,0.88
59,15.9,48.93,0.92,0.89
59.1,15.9,48.93,0.91,0.89
59.2,15.9,48.93,0.91,0.9
59.3,15.9,48.93,0.91,0.9
59.4,15.9,48.93,0.9,0.91
59.5,15.9,48.93,0.9,0.91
59.6,15.9,48.93,0.9,0.92
59.7,15.9,48.93,0.89,0.92
59.8,15.9,48.92,0.89,0.93
59.9,15.9,48.92,0.88,0.94
60,15.9,48.92,0.88,0.94
60.1,15.9,48.92,0.88,0.95
60.2,15.9,48.91,0.87,0.95
60.3,15.9,48.91,0.87,0.96
60.4,15.9,48.9,0.86,0.96
60.5,15.9,48.9,0.86,0.97
60.6,15.9,48.89,0.86,0.97
60.7,15.9,48.89,0.85,0.98
60.8,15.9,48.88,0.85,0.98
60.9,15.9,48.87,0.85,0.99
61,15.9,48.86,0.84,0.99
61.1,15.9,48.85,0.84,1
61.2,15.9,48.84,0.83,1
61.3,15.9,48.83,0.83,1.01
61.4,15.9,48.82,0.83,1.01
61.5,15.9,48.81,0.82,1.02
61.6,15.9,48.79,0.82,1.03
61.7,15.9,48.78,0.82,1.03
61.8,15.9,48.76,0.81,1.04
61.9,15.9,48.75,0.81,1.04
62,15.9,48.73,0.81,1.05
62.1,15.9,48.71,0.8,1.05
62.2,15.9,48.69,0.8,1.06
62.3,15.9,48.67,0.8,1.06
62.4,15.9,48.65,0.79,1.07
62.5,15.9,48.62,0.79,1.07
62.6,15.9,48.6,0.79,1.08
62.7,15.9,48.57,0.78,1.09
62.8,15.9,48.54,0.78,1.09
62.9,15.9,48.51,0.78,1.1
63,15.9,48.48,0.77,1.1
63.1,15.9,48.45,0.77,1.11
63.2,15.9,48.42,0.77,1.11
63.3,15.9,48.38,0.76,1.12
63.4,15.9,48.35,0.76,1.13
63.5,15.9,48.31,0.76,1.13
63.6,15.9,48.27,0.76,1.14
63.7,15.9,48.23,0.75,1.14
63.8,15.9,48.19,0.75,1.15
63.9,15.9,48.14,0.75,1.15
64,15.9,48.1,0.75,1.16
64.1,15.9,48.05,0.74,1.16
64.2,15.9,48,0.74,1.17
64.3,15.9,47.95,0.74,1.18
64.4,15.9,47.89,0.74,1.18
64.5,15.9,47.84,0.73,1.19
64.6,15.9,47.78,0.73,1.19
64.7,15.9,47.72,0.73,1.2
64.8,15.9,47.66,0.73,1.21
64.9,15.9,47.6,0.73,1.21
65,15.9,47.53,0.72,1.22
65.1,15.9,47.47,0.72,1.22
65.2,15.9,47.4,0.72,1.23
65.3,15.9,47.32,0.72,1.23
65.4,15.9,47.25,0.72,1.24
65.5,15.9,47.17,0.72,1.25
65.6,15.9,47.1,0.71,1.25
65.7,15.9,47.01,0.71,1.26
65.8,15.9,46.93,0.71,1.26
65.9,15.9,46.85,0.71,1.27
66,15.9,46.76,0.71,1.28
66.1,15.9,46.67,0.71,1.28
58,16,48.8,0.95,0.83
58.1,16,48.8,0.95,0.84
58.2,16,48.8,0.94,0.84
58.3,16,48.8,0.94,0.85
58.4,16,48.8,0.94,0.85
58.5,16,48.8,0.93,0.86
58.6,16,48.8,0.93,0.86
58.7,16,48.8,0.93,0.87
58.8,16,48.8,0.92,0.87
58.9,16,48.8,0.92,0.88
59,16,48.8,0.91,0.88
59.1,16,48.8,0.91,0.89
59.2,16,48.8,0.91,0.89
59.3,16,48.8,0.9,0.9
59.4,16,48.8,0.9,0.9
59.5,16,48.8,0.89,0.91
59.6,16,48.8,0.89,0.91
59.7,16,48.79,0.89,0.92
59.8,16,48.79,0.88,0.92
59.9,16,48.79,0.88,0.93
60,16,48.79,0.87,0.94
60.1,16,48.78,0.87,0.94
60.2,16,48.78,0.87,0.95
60.3,16,48.78,0.86,0.95
60.4,16,48.77,0.86,0.96
60.5,16,48.77,0.85,0.96
60.6,16,48.76,0.85,0.97
60.7,16,48.75,0.85,0.97
60.8,16,48.75,0.84,0.98
60.9,16,48.74,0.84,0.98
61,16,48.73,0.84,0.99
61.1,16,48.72,0.83,0.99
61.2,16,48.71,0.83,1
61.3,16,48.7,0.82,1
61.4,16,48.69,0.82,1.01
61.5,16,48.68,0.82,1.01
61.6,16,48.66,0.81,1.02
61.7,16,48.65,0.81,1.03
61.8,16,48.63,0.81,1.03
61.9,16,48.62,0.8,1.04
62,16,48.6,0.8,1.04
62.1,16,48.58,0.8,1.05
62.2,16,48.56,0.79,1.05
62.3,16,48.54,0.79,1.06
62.4,16,48.52,0.79,1.06
62.5,16,48.49,0.78,1.07
62.6,16,48.47,0.78,1.07
62.7,16,48.44,0.78,1.08
62.8,16,48.41,0.77,1.09
62.9,16,48.38,0.77,1.09
63,16,48.35,0.77,1.1
63.1,16,48.32,0.76,1.1
63.2,16,48.29,0.76,1.11
63.3,16,48.26,0.76,1.11
63.4,16,48.22,0.75,1.12
63.5,16,48.18,0.75,1.13
63.6,16,48.14,0.75,1.13
63.7,16,48.1,0.75,1.14
63.8,16,48.06,0.74,1.14
63.9,16,48.01,0.74,1.15
64,16,47.97,0.74,1.15
64.1,16,47.92,0.74,1.16
64.2,16,47.87,0.73,1.16
64.3,16,47.82,0.73,1.17
64.4,16,47.77,0.73,1.18
64.5,16,47.71,0.73,1.18
64.6,16,47.65,0.72,1.19
64.7,16,47.59,0.72,1.19
64.8,16,47.53,0.72,1.2
64.9,16,47.47,0.72,1.21
65,16,47.4,0.72,1.21
65.1,16,47.34,0.71,1.22
65.2,16,47.27,0.71,1.22
65.3,16,47.2,0.71,1.23
65.4,16,47.12,0.71,1.23
65.5,16,47.05,0.71,1.24
65.6,16,46.97,0.71,1.25
65.7,16,46.89,0.71,1.25
65.8,16,46.8,0.7,1.26
65.9,16,46.72,0.7,1.26
66,16,46.63,0.7,1.27
66.1,16,46.54,0.7,1.28
58,16.1,48.67,0.95,0.83
58.1,16.1,48.67,0.94,0.83
58.2,16.1,48.67,0.94,0.84
58.3,16.1,48.67,0.94,0.84
58.4,16.1,48.67,0.93,0.85
58.5,16.1,48.67,0.93,0.85
58.6,16.1,48.67,0.92,0.86
58.7,16.1,48.67,0.92,0.86
58.8,16.1,48.67,0.92,0.87
58.9,16.1,48.67,0.91,0.87
59,16.1,48.67,0.91,0.88
59.1,16.1,48.67,0.9,0.88
59.2,16.1,48.67,0.9,0.89
59.3,16.1,48.67,0.9,0.89
59.4,16.1,48.67,0.89,0.9
59.5,16.1,48.67,0.89,0.9
59.6,16.1,48.66,0.88,0.91
59.7,16.1,48.66,0.88,0.91
59.8,16.1,48.66,0.88,0.92
59.9,16.1,48.66,0.87,0.93
60,16.1,48.66,0.87,0.93
60.1,16.1,48.65,0.86,0.94
60.2,16.1,48.65,0.86,0.94
60.3,16.1,48.65,0.86,0.95
60.4,16.1,48.64,0.85,0.95
60.5,16.1,48.64,0.85,0.96
60.6,16.1,48.63,0.84,0.96
60.7,16.1,48.62,0.84,0.97
60.8,16.1,48.62,0.84,0.97
60.9,16.1,48.61,0.83,0.98
61,16.1,48.6,0.83,0.98
61.1,16.1,48.59,0.83,0.99
61.2,16.1,48.58,0.82,0.99
61.3,16.1,48.57,0.82,1
61.4,16.1,48.56,0.81,1
61.5,16.1,48.55,0.81,1.01
61.6,16.1,48.53,0.81,1.01
61.7,16.1,48.52,0.8,1.02
61.8,16.1,48.5,0.8,1.03
61.9,16.1,48.49,0.8,1.03
62,16.1,48.47,0.79,1.04
62.1,16.1,48.45,0.79,1.04
62.2,16.1,48.43,0.79,1.05
62.3,16.1,48.41,0.78,1.05
62.4,16.1,48.39,0.78,1.06
62.5,16.1,48.36,0.78,1.06
62.6,16.1,48.34,0.77,1.07
62.7,16.1,48.31,0.77,1.07
62.8,16.1,48.28,0.77,1.08
62.9,16.1,48.26,0.76,1.09
63,16.1,48.23,0.76,1.09
63.1,16.1,48.19,0.76,1.1
63.2,16.1,48.16,0.75,1.1
63.3,16.1,48.13,0.75,1.11
63.4,16.1,48.09,0.75,1.11
63.5,16.1,48.05,0.74,1.12
63.6,16.1,48.01,0.74,1.13
63.7,16.1,47.97,0.74,1.13
63.8,16.1,47.93,0.74,1.14
63.9,16.1,47.89,0.73,1.14
64,16.1,47.84,0.73,1.15
64.1,16.1,47.79,0.73,1.15
64.2,16.1,47.74,0.73,1.16
64.3,16.1,47.69,0.72,1.16
64.4,16.1,47.64,0.72,1.17
64.5,16.1,47.58,0.72,1.18
64.6,16.1,47.53,0.72,1.18
64.7,16.1,47.47,0.72,1.19
64.8,16.1,47.41,0.71,1.19
64.9,16.1,47.34,0.71,1.2
65,16.1,47.28,0.71,1.21
65.1,16.1,47.21,0.71,1.21
65.2,16.1,47.14,0.71,1.22
65.3,16.1,47.07,0.7,1.22
65.4,16.1,47,0.7,1.23
65.5,16.1,46.92,0.7,1.23
65.6,16.1,46.84,0.7,1.24
65.7,16.1,46.76,0.7,1.25
65.8,16.1,46.68,0.7,1.25
65.9,16.1,46.59,0.7,1.26
66,16.1,46.51,0.69,1.26
66.1,16.1,46.42,0.69,1.27
58,16.2,48.54,0.94,0.82
58.1,16.2,48.54,0.94,0.83
58.2,16.2,48.54,0.93,0.83
58.3,16.2,48.54,0.93,0.84
58.4,16.2,48.54,0.93,0.84
58.5,16.2,48.54,0.92,0.85
58.6,16.2,48.54,0.92,0.85
58.7,16.2,48.54,0.91,0.86
58.8,16.2,48.54,0.91,0.86
58.9,16.2,48.54,0.91,0.87
59,16.2,48.54,0.9,0.87
59.1,16.2,48.54,0.9,0.88
59.2,16.2,48.54,0.89,0.88
59.3,16.2,48.54,0.89,0.89
59.4,16.2,48.54,0.89,0.89
59.5,16.2,48.54,0.88,0.9
59.6,16.2,48.54,0.88,0.9
59.7,16.2,48.53,0.87,0.91
59.8,16.2,48.53,0.87,0.91
59.9,16.2,48.53,0.87,0.92
60,16.2,48.53,0.86,0.93
60.1,16.2,48.52,0.86,0.93
60.2,16.2,48.52,0.85,0.94
60.3,16.2,48.52,0.85,0.94
60.4,16.2,48.51,0.85,0.95
60.5,16.2,48.51,0.84,0.95
60.6,16.2,48.5,0.84,0.96
60.7,16.2,48.5,0.83,0.96
60.8,16.2,48.49,0.83,0.97
60.9,16.2,48.48,0.83,0.97
61,16.2,48.47,0.82,0.98
61.1,16.2,48.46,0.82,0.98
61.2,16.2,48.45,0.82,0.99
61.3,16.2,48.44,0.81,0.99
61.4,16.2,48.43,0.81,1
61.5,16.2,48.42,0.8,1
61.6,16.2,48.4,0.8,1.01
61.7,16.2,48.39,0.8,1.01
61.8,16.2,48.37,0.79,1.02
61.9,16.2,48.36,0.79,1.03
62,16.2,48.34,0.79,1.03
62.1,16.2,48.32,0.78,1.04
62.2,16.2,48.3,0.78,1.04
62.3,16.2,48.28,0.78,1.05
62.4,16.2,48.26,0.77,1.05
62.5,16.2,48.24,0.77,1.06
62.6,16.2,48.21,0.77,1.06
62.7,16.2,48.18,0.76,1.07
62.8,16.2,48.16,0.76,1.07
62.9,16.2,48.13,0.76,1.08
63,16.2,48.1,0.75,1.09
63.1,16.2,48.07,0.75,1.09
63.2,16.2,48.03,0.75,1.1
63.3,16.2,48,0.74,1.1
63.4,16.2,47.96,0.74,1.11
63.5,16.2,47.93,0.74,1.11
63.6,16.2,47.89,0.73,1.12
63.7,16.2,47.85,0.73,1.13
63.8,16.2,47.8,0.73,1.13
63.9,16.2,47.76,0.73,1.14
64,16.2,47.71,0.72,1.14
64.1,16.2,47.67,0.72,1.15
64.2,16.2,47.62,0.72,1.15
64.3,16.2,47.57,0.72,1.16
64.4,16.2,47.51,0.71,1.16
64.5,16.2,47.46,0.71,1.17
64.6,16.2,47.4,0.71,1.18
64.7,16.2,47.34,0.71,1.18
64.8,16.2,47.28,0.71,1.19
64.9,16.2,47.22,0.7,1.19
65,16.2,47.15,0.7,1.2
65.1,16.2,47.09,0.7,1.21
65.2,16.2,47.02,0.7,1.21
65.3,16.2,46.95,0.7,1.22
65.4,16.2,46.87,0.7,1.22
65.5,16.2,46.8,0.69,1.23
65.6,16.2,46.72,0.69,1.23
65.7,16.2,46.64,0.69,1.24
65.8,16.2,46.55,0.69,1.25
65.9,16.2,46.47,0.69,1.25
66,16.2,46.38,0.69,1.26
66.1,16.2,46.29,0.69,1.26
58,16.3,48.41,0.94,0.82
58.1,16.3,48.41,0.93,0.83
58.2,16.3,48.41,0.93,0.83
58.3,16.3,48.41,0.93,0.83
58.4,16.3,48.41,0.92,0.84
58.5,16.3,48.41,0.92,0.84
58.6,16.3,48.41,0.91,0.85
58.7,16.3,48.41,0.91,0.85
58.8,16.3,48.41,0.91,0.86
58.9,16.3,48.41,0.9,0.86
59,16.3,48.41,0.9,0.87
59.1,16.3,48.41,0.89,0.87
59.2,16.3,48.41,0.89,0.88
59.3,16.3,48.41,0.89,0.88
59.4,16.3,48.41,0.88,0.89
59.5,16.3,48.41,0.88,0.89
59.6,16.3,48.41,0.87,0.9
59.7,16.3,48.4,0.87,0.9
59.8,16.3,48.4,0.86,0.91
59.9,16.3,48.4,0.86,0.92
60,16.3,48.4,0.86,0.92
60.1,16.3,48.4,0.85,0.93
60.2,16.3,48.39,0.85,0.93
60.3,16.3,48.39,0.84,0.94
60.4,16.3,48.38,0.84,0.94
60.5,16.3,48.38,0.84,0.95
60.6,16.3,48.37,0.83,0.95
60.7,16.3,48.37,0.83,0.96
60.8,16.3,48.36,0.82,0.96
60.9,16.3,48.35,0.82,0.97
61,16.3,48.34,0.82,0.97
61.1,16.3,48.34,0.81,0.98
61.2,16.3,48.33,0.81,0.98
61.3,16.3,48.31,0.81,0.99
61.4,16.3,48.3,0.8,0.99
61.5,16.3,48.29,0.8,1
61.6,16.3,48.28,0.79,1
61.7,16.3,48.26,0.79,1.01
61.8,16.3,48.25,0.79,1.01
61.9,16.3,48.23,0.78,1.02
62,16.3,48.21,0.78,1.03
62.1,16.3,48.19,0.78,1.03
62.2,16.3,48.18,0.77,1.04
62.3,16.3,48.15,0.77,1.04
62.4,16.3,48.13,0.77,1.05
62.5,16.3,48.11,0.76,1.05
62.6,16.3,48.08,0.76,1.06
62.7,16.3,48.06,0.76,1.06
62.8,16.3,48.03,0.75,1.07
62.9,16.3,48,0.75,1.07
63,16.3,47.97,0.75,1.08
63.1,16.3,47.94,0.74,1.09
63.2,16.3,47.91,0.74,1.09
63.3,16.3,47.87,0.74,1.1
63.4,16.3,47.84,0.73,1.1
63.5,16.3,47.8,0.73,1.11
63.6,16.3,47.76,0.73,1.11
63.7,16.3,47.72,0.73,1.12
63.8,16.3,47.68,0.72,1.13
63.9,16.3,47.63,0.72,1.13
64,16.3,47.59,0.72,1.14
64.1,16.3,47.54,0.71,1.14
64.2,16.3,47.49,0.71,1.15
64.3,16.3,47.44,0.71,1.15
64.4,16.3,47.39,0.71,1.16
64.5,16.3,47.33,0.71,1.16
64.6,16.3,47.28,0.7,1.17
64.7,16.3,47.22,0.7,1.18
64.8,16.3,47.16,0.7,1.18
64.9,16.3,47.09,0.7,1.19
65,16.3,47.03,0.69,1.19
65.1,16.3,46.96,0.69,1.2
65.2,16.3,46.89,0.69,1.21
65.3,16.3,46.82,0.69,1.21
65.4,16.3,46.75,0.69,1.22
65.5,16.3,46.67,0.69,1.22
65.6,16.3,46.59,0.69,1.23
65.7,16.3,46.51,0.68,1.23
65.8,16.3,46.43,0.68,1.24
65.9,16.3,46.35,0.68,1.25
66,16.3,46.26,0.68,1.25
66.1,16.3,46.17,0.68,1.26
58,16.4,48.28,0.93,0.82
58.1,16.4,48.28,0.93,0.82
58.2,16.4,48.28,0.92,0.83
58.3,16.4,48.28,0.92,0.83
58.4,16.4,48.28,0.92,0.84
58.5,16.4,48.28,0.91,0.84
58.6,16.4,48.28,0.91,0.84
58.7,16.4,48.28,0.9,0.85
58.8,16.4,48.28,0.9,0.85
58.9,16.4,48.28,0.9,0.86
59,16.4,48.28,0.89,0.86
59.1,16.4,48.28,0.89,0.87
59.2,16.4,48.28,0.88,0.87
59.3,16.4,48.28,0.88,0.88
59.4,16.4,48.28,0.88,0.88
59.5,16.4,48.28,0.87,0.89
59.6,16.4,48.28,0.87,0.89
59.7,16.4,48.28,0.86,0.9
59.8,16.4,48.28,0.86,0.91
59.9,16.4,48.27,0.86,0.91
60,16.4,48.27,0.85,0.92
60.1,16.4,48.27,0.85,0.92
60.2,16.4,48.27,0.84,0.93
60.3,16.4,48.26,0.84,0.93
60.4,16.4,48.26,0.83,0.94
60.5,16.4,48.25,0.83,0.94
60.6,16.4,48.25,0.83,0.95
60.7,16.4,48.24,0.82,0.95
60.8,16.4,48.23,0.82,0.96
60.9,16.4,48.23,0.81,0.96
61,16.4,48.22,0.81,0.97
61.1,16.4,48.21,0.81,0.97
61.2,16.4,48.2,0.8,0.98
61.3,16.4,48.19,0.8,0.98
61.4,16.4,48.18,0.8,0.99
61.5,16.4,48.16,0.79,0.99
61.6,16.4,48.15,0.79,1
61.7,16.4,48.14,0.78,1
61.8,16.4,48.12,0.78,1.01
61.9,16.4,48.1,0.78,1.02
62,16.4,48.09,0.77,1.02
62.1,16.4,48.07,0.77,1.03
62.2,16.4,48.05,0.77,1.03
62.3,16.4,48.03,0.76,1.04
62.4,16.4,48.01,0.76,1.04
62.5,16.4,47.98,0.76,1.05
62.6,16.4,47.96,0.75,1.05
62.7,16.4,47.93,0.75,1.06
62.8,16.4,47.91,0.75,1.06
62.9,16.4,47.88,0.74,1.07
63,16.4,47.85,0.74,1.07
63.1,16.4,47.82,0.74,1.08
63.2,16.4,47.78,0.73,1.09
63.3,16.4,47.75,0.73,1.09
63.4,16.4,47.71,0.73,1.1
63.5,16.4,47.68,0.72,1.1
63.6,16.4,47.64,0.72,1.11
63.7,16.4,47.6,0.72,1.11
63.8,16.4,47.55,0.72,1.12
63.9,16.4,47.51,0.71,1.13
64,16.4,47.46,0.71,1.13
64.1,16.4,47.42,0.71,1.14
64.2,16.4,47.37,0.71,1.14
64.3,16.4,47.32,0.7,1.15
64.4,16.4,47.26,0.7,1.15
64.5,16.4,47.21,0.7,1.16
64.6,16.4,47.15,0.7,1.16
64.7,16.4,47.09,0.69,1.17
64.8,16.4,47.03,0.69,1.18
64.9,16.4,46.97,0.69,1.18
65,16.4,46.91,0.69,1.19
65.1,16.4,46.84,0.69,1.19
65.2,16.4,46.77,0.68,1.2
65.3,16.4,46.7,0.68,1.21
65.4,16.4,46.63,0.68,1.21
65.5,16.4,46.55,0.68,1.22
65.6,16.4,46.47,0.68,1.22
65.7,16.4,46.39,0.68,1.23
65.8,16.4,46.31,0.68,1.23
65.9,16.4,46.22,0.67,1.24
66,16.4,46.14,0.67,1.25
66.1,16.4,46.05,0.67,1.25
58,16.5,48.15,0.93,0.81
58.1,16.5,48.15,0.92,0.82
58.2,16.5,48.15,0.92,0.82
58.3,16.5,48.15,0.91,0.83
58.4,16.5,48.15,0.91,0.83
58.5,16.5,48.15,0.91,0.84
58.6,16.5,48.15,0.9,0.84
58.7,16.5,48.15,0.9,0.85
58.8,16.5,48.15,0.89,0.85
58.9,16.5,48.15,0.89,0.86
59,16.5,48.15,0.89,0.86
59.1,16.5,48.15,0.88,0.87
59.2,16.5,48.15,0.88,0.87
59.3,16.5,48.15,0.87,0.88
59.4,16.5,48.15,0.87,0.88
59.5,16.5,48.15,0.87,0.89
59.6,16.5,48.15,0.86,0.89
59.7,16.5,48.15,0.86,0.9
59.8,16.5,48.15,0.85,0.9
59.9,16.5,48.15,0.85,0.91
60,16.5,48.15,0.85,0.91
60.1,16.5,48.14,0.84,0.92
60.2,16.5,48.14,0.84,0.92
60.3,16.5,48.14,0.83,0.93
60.4,16.5,48.13,0.83,0.93
60.5,16.5,48.13,0.82,0.94
60.6,16.5,48.12,0.82,0.94
60.7,16.5,48.11,0.82,0.95
60.8,16.5,48.11,0.81,0.95
60.9,16.5,48.1,0.81,0.96
61,16.5,48.09,0.8,0.96
61.1,16.5,48.08,0.8,0.97
61.2,16.5,48.07,0.8,0.97
61.3,16.5,48.06,0.79,0.98
61.4,16.5,48.05,0.79,0.98
61.5,16.5,48.04,0.79,0.99
61.6,16.5,48.03,0.78,0.99
61.7,16.5,48.01,0.78,1
61.8,16.5,48,0.77,1
61.9,16.5,47.98,0.77,1.01
62,16.5,47.96,0.77,1.02
62.1,16.5,47.94,0.76,1.02
62.2,16.5,47.92,0.76,1.03
62.3,16.5,47.9,0.76,1.03
62.4,16.5,47.88,0.75,1.04
62.5,16.5,47.86,0.75,1.04
62.6,16.5,47.83,0.75,1.05
62.7,16.5,47.81,0.74,1.05
62.8,16.5,47.78,0.74,1.06
62.9,16.5,47.75,0.74,1.06
63,16.5,47.72,0.73,1.07
63.1,16.5,47.69,0.73,1.08
63.2,16.5,47.66,0.73,1.08
63.3,16.5,47.63,0.72,1.09
63.4,16.5,47.59,0.72,1.09
63.5,16.5,47.55,0.72,1.1
63.6,16.5,47.51,0.71,1.1
63.7,16.5,47.47,0.71,1.11
63.8,16.5,47.43,0.71,1.11
63.9,16.5,47.39,0.71,1.12
64,16.5,47.34,0.7,1.13
64.1,16.5,47.29,0.7,1.13
64.2,16.5,47.25,0.7,1.14
64.3,16.5,47.19,0.7,1.14
64.4,16.5,47.14,0.69,1.15
64.5,16.5,47.09,0.69,1.15
64.6,16.5,47.03,0.69,1.16
64.7,16.5,46.97,0.69,1.16
64.8,16.5,46.91,0.68,1.17
64.9,16.5,46.85,0.68,1.18
65,16.5,46.78,0.68,1.18
65.1,16.5,46.72,0.68,1.19
65.2,16.5,46.65,0.68,1.19
65.3,16.5,46.58,0.68,1.2
65.4,16.5,46.5,0.67,1.21
65.5,16.5,46.43,0.67,1.21
65.6,16.5,46.35,0.67,1.22
65.7,16.5,46.27,0.67,1.22
65.8,16.5,46.19,0.67,1.23
65.9,16.5,46.1,0.67,1.23
66,16.5,46.02,0.67,1.24
66.1,16.5,45.93,0.66,1.25
58,16.6,48.03,0.92,0.81
58.1,16.6,48.03,0.92,0.81
58.2,16.6,48.03,0.91,0.82
58.3,16.6,48.03,0.91,0.82
58.4,16.6,48.03,0.91,0.83
58.5,16.6,48.03,0.9,0.83
58.6,16.6,48.03,0.9,0.84
58.7,16.6,48.03,0.89,0.84
58.8,16.6,48.03,0.89,0.85
58.9,16.6,48.03,0.88,0.85
59,16.6,48.03,0.88,0.86
59.1,16.6,48.03,0.88,0.86
59.2,16.6,48.03,0.87,0.87
59.3,16.6,48.03,0.87,0.87
59.4,16.6,48.03,0.86,0.88
59.5,16.6,48.03,0.86,0.88
59.6,16.6,48.03,0.86,0.89
59.7,16.6,48.03,0.85,0.89
59.8,16.6,48.02,0.85,0.9
59.9,16.6,48.02,0.84,0.9
60,16.6,48.02,0.84,0.91
60.1,16.6,48.02,0.84,0.91
60.2,16.6,48.01,0.83,0.92
60.3,16.6,48.01,0.83,0.92
60.4,16.6,48.01,0.82,0.93
60.5,16.6,48,0.82,0.93
60.6,16.6,48,0.81,0.94
60.7,16.6,47.99,0.81,0.94
60.8,16.6,47.98,0.81,0.95
60.9,16.6,47.98,0.8,0.95
61,16.6,47.97,0.8,0.96
61.1,16.6,47.96,0.79,0.96
61.2,16.6,47.95,0.79,0.97
61.3,16.6,47.94,0.79,0.97
61.4,16.6,47.93,0.78,0.98
61.5,16.6,47.92,0.78,0.98
61.6,16.6,47.9,0.78,0.99
61.7,16.6,47.89,0.77,0.99
61.8,16.6,47.87,0.77,1
61.9,16.6,47.86,0.76,1
62,16.6,47.84,0.76,1.01
62.1,16.6,47.82,0.76,1.02
62.2,16.6,47.8,0.75,1.02
62.3,16.6,47.78,0.75,1.03
62.4,16.6,47.76,0.75,1.03
62.5,16.6,47.74,0.74,1.04
62.6,16.6,47.71,0.74,1.04
62.7,16.6,47.69,0.74,1.05
62.8,16.6,47.66,0.73,1.05
62.9,16.6,47.63,0.73,1.06
63,16.6,47.6,0.73,1.06
63.1,16.6,47.57,0.72,1.07
63.2,16.6,47.54,0.72,1.08
63.3,16.6,47.5,0.72,1.08
63.4,16.6,47.47,0.71,1.09
63.5,16.6,47.43,0.71,1.09
63.6,16.6,47.39,0.71,1.1
63.7,16.6,47.35,0.7,1.1
63.8,16.6,47.31,0.7,1.11
63.9,16.6,47.27,0.7,1.11
64,16.6,47.22,0.7,1.12
64.1,16.6,47.17,0.69,1.13
64.2,16.6,47.12,0.69,1.13
64.3,16.6,47.07,0.69,1.14
64.4,16.6,47.02,0.69,1.14
64.5,16.6,46.97,0.68,1.15
64.6,16.6,46.91,0.68,1.15
64.7,16.6,46.85,0.68,1.16
64.8,16.6,46.79,0.68,1.16
64.9,16.6,46.73,0.68,1.17
65,16.6,46.66,0.67,1.18
65.1,16.6,46.6,0.67,1.18
65.2,16.6,46.53,0.67,1.19
65.3,16.6,46.46,0.67,1.19
65.4,16.6,46.38,0.67,1.2
65.5,16.6,46.31,0.66,1.21
65.6,16.6,46.23,0.66,1.21
65.7,16.6,46.15,0.66,1.22
65.8,16.6,46.07,0.66,1.22
65.9,16.6,45.98,0.66,1.23
66,16.6,45.9,0.66,1.23
66.1,16.6,45.81,0.66,1.24
58,16.7,47.9,0.92,0.8
58.1,16.7,47.9,0.91,0.81
58.2,16.7,47.9,0.91,0.81
58.3,16.7,47.9,0.9,0.82
58.4,16.7,47.9,0.9,0.82
58.5,16.7,47.9,0.9,0.83
58.6,16.7,47.9,0.89,0.83
58.7,16.7,47.9,0.89,0.84
58.8,16.7,47.9,0.88,0.84
58.9,16.7,47.9,0.88,0.85
59,16.7,47.9,0.88,0.85
59.1,16.7,47.91,0.87,0.86
59.2,16.7,47.91,0.87,0.86
59.3,16.7,47.9,0.86,0.87
59.4,16.7,47.9,0.86,0.87
59.5,16.7,47.9,0.85,0.88
59.6,16.7,47.9,0.85,0.88
59.7,16.7,47.9,0.85,0.89
59.8,16.7,47.9,0.84,0.89
59.9,16.7,47.9,0.84,0.9
60,16.7,47.9,0.83,0.9
60.1,16.7,47.89,0.83,0.91
60.2,16.7,47.89,0.83,0.91
60.3,16.7,47.89,0.82,0.92
60.4,16.7,47.88,0.82,0.92
60.5,16.7,47.88,0.81,0.93
60.6,16.7,47.87,0.81,0.93
60.7,16.7,47.87,0.8,0.94
60.8,16.7,47.86,0.8,0.94
60.9,16.7,47.85,0.8,0.95
61,16.7,47.85,0.79,0.95
61.1,16.7,47.84,0.79,0.96
61.2,16.7,47.83,0.78,0.96
61.3,16.7,47.82,0.78,0.97
61.4,16.7,47.8,0.78,0.97
61.5,16.7,47.79,0.77,0.98
61.6,16.7,47.78,0.77,0.98
61.7,16.7,47.77,0.76,0.99
61.8,16.7,47.75,0.76,0.99
61.9,16.7,47.73,0.76,1
62,16.7,47.72,0.75,1
62.1,16.7,47.7,0.75,1.01
62.2,16.7,47.68,0.75,1.02
62.3,16.7,47.66,0.74,1.02
62.4,16.7,47.64,0.74,1.03
62.5,16.7,47.61,0.74,1.03
62.6,16.7,47.59,0.73,1.04
62.7,16.7,47.56,0.73,1.04
62.8,16.7,47.54,0.73,1.05
62.9,16.7,47.51,0.72,1.05
63,16.7,47.48,0.72,1.06
63.1,16.7,47.45,0.72,1.06
63.2,16.7,47.42,0.71,1.07
63.3,16.7,47.38,0.71,1.08
63.4,16.7,47.35,0.71,1.08
63.5,16.7,47.31,0.7,1.09
63.6,16.7,47.27,0.7,1.09
63.7,16.7,47.23,0.7,1.1
63.8,16.7,47.19,0.69,1.1
63.9,16.7,47.14,0.69,1.11
64,16.7,47.1,0.69,1.11
64.1,16.7,47.05,0.69,1.12
64.2,16.7,47,0.68,1.13
64.3,16.7,46.95,0.68,1.13
64.4,16.7,46.9,0.68,1.14
64.5,16.7,46.85,0.68,1.14
64.6,16.7,46.79,0.67,1.15
64.7,16.7,46.73,0.67,1.15
64.8,16.7,46.67,0.67,1.16
64.9,16.7,46.61,0.67,1.17
65,16.7,46.54,0.67,1.17
65.1,16.7,46.48,0.66,1.18
65.2,16.7,46.41,0.66,1.18
65.3,16.7,46.34,0.66,1.19
65.4,16.7,46.26,0.66,1.19
65.5,16.7,46.19,0.66,1.2
65.6,16.7,46.11,0.66,1.21
65.7,16.7,46.03,0.65,1.21
65.8,16.7,45.95,0.65,1.22
65.9,16.7,45.87,0.65,1.22
66,16.7,45.78,0.65,1.23
66.1,16.7,45.69,0.65,1.23
58,16.8,47.78,0.91,0.8
58.1,16.8,47.78,0.91,0.8
58.2,16.8,47.78,0.9,0.81
58.3,16.8,47.78,0.9,0.81
58.4,16.8,47.78,0.89,0.82
58.5,16.8,47.78,0.89,0.82
58.6,16.8,47.78,0.89,0.83
58.7,16.8,47.78,0.88,0.83
58.8,16.8,47.78,0.88,0.84
58.9,16.8,47.78,0.87,0.84
59,16.8,47.78,0.87,0.85
59.1,16.8,47.78,0.87,0.85
59.2,16.8,47.78,0.86,0.86
59.3,16.8,47.78,0.86,0.86
59.4,16.8,47.78,0.85,0.87
59.5,16.8,47.78,0.85,0.87
59.6,16.8,47.78,0.84,0.88
59.7,16.8,47.78,0.84,0.88
59.8,16.8,47.78,0.84,0.89
59.9,16.8,47.78,0.83,0.89
60,16.8,47.77,0.83,0.9
60.1,16.8,47.77,0.82,0.9
60.2,16.8,47.77,0.82,0.91
60.3,16.8,47.76,0.82,0.91
60.4,16.8,47.76,0.81,0.92
60.5,16.8,47.76,0.81,0.92
60.6,16.8,47.75,0.8,0.93
60.7,16.8,47.74,0.8,0.93
60.8,16.8,47.74,0.79,0.94
60.9,16.8,47.73,0.79,0.94
61,16.8,47.72,0.79,0.95
61.1,16.8,47.71,0.78,0.95
61.2,16.8,47.7,0.78,0.96
61.3,16.8,47.69,0.77,0.96
61.4,16.8,47.68,0.77,0.97
61.5,16.8,47.67,0.77,0.97
61.6,16.8,47.66,0.76,0.98
61.7,16.8,47.64,0.76,0.98
61.8,16.8,47.63,0.75,0.99
61.9,16.8,47.61,0.75,0.99
62,16.8,47.6,0.75,1
62.1,16.8,47.58,0.74,1.01
62.2,16.8,47.56,0.74,1.01
62.3,16.8,47.54,0.74,1.02
62.4,16.8,47.52,0.73,1.02
62.5,16.8,47.49,0.73,1.03
62.6,16.8,47.47,0.73,1.03
62.7,16.8,47.44,0.72,1.04
62.8,16.8,47.42,0.72,1.04
62.9,16.8,47.39,0.72,1.05
63,16.8,47.36,0.71,1.05
63.1,16.8,47.33,0.71,1.06
63.2,16.8,47.3,0.71,1.06
63.3,16.8,47.26,0.7,1.07
63.4,16.8,47.23,0.7,1.08
63.5,16.8,47.19,0.7,1.08
63.6,16.8,47.15,0.69,1.09
63.7,16.8,47.11,0.69,1.09
63.8,16.8,47.07,0.69,1.1
63.9,16.8,47.03,0.68,1.1
64,16.8,46.98,0.68,1.11
64.1,16.8,46.93,0.68,1.11
64.2,16.8,46.88,0.68,1.12
64.3,16.8,46.83,0.67,1.13
64.4,16.8,46.78,0.67,1.13
64.5,16.8,46.73,0.67,1.14
64.6,16.8,46.67,0.67,1.14
64.7,16.8,46.61,0.67,1.15
64.8,16.8,46.55,0.66,1.15
64.9,16.8,46.49,0.66,1.16
65,16.8,46.43,0.66,1.17
65.1,16.8,46.36,0.66,1.17
65.2,16.8,46.29,0.66,1.18
65.3,16.8,46.22,0.65,1.18
65.4,16.8,46.15,0.65,1.19
65.5,16.8,46.07,0.65,1.19
65.6,16.8,45.99,0.65,1.2
65.7,16.8,45.91,0.65,1.21
65.8,16.8,45.83,0.65,1.21
65.9,16.8,45.75,0.65,1.22
66,16.8,45.66,0.64,1.22
66.1,16.8,45.57,0.64,1.23
58,16.9,47.66,0.91,0.79
58.1,16.9,47.66,0.9,0.8
58.2,16.9,47.66,0.9,0.8
58.3,16.9,47.66,0.89,0.81
58.4,16.9,47.66,0.89,0.81
58.5,16.9,47.66,0.89,0.82
58.6,16.9,47.66,0.88,0.82
58.7,16.9,47.66,0.88,0.83
58.8,16.9,47.66,0.87,0.83
58.9,16.9,47.66,0.87,0.84
59,16.9,47.66,0.86,0.84
59.1,16.9,47.66,0.86,0.85
59.2,16.9,47.66,0.86,0.85
59.3,16.9,47.66,0.85,0.86
59.4,16.9,47.66,0.85,0.86
59.5,16.9,47.66,0.84,0.87
59.6,16.9,47.66,0.84,0.87
59.7,16.9,47.66,0.83,0.88
59.8,16.9,47.66,0.83,0.88
59.9,16.9,47.65,0.83,0.89
60,16.9,47.65,0.82,0.89
60.1,16.9,47.65,0.82,0.9
60.2,16.9,47.65,0.81,0.9
60.3,16.9,47.64,0.81,0.91
60.4,16.9,47.64,0.8,0.91
60.5,16.9,47.64,0.8,0.92
60.6,16.9,47.63,0.8,0.92
60.7,16.9,47.62,0.79,0.93
60.8,16.9,47.62,0.79,0.93
60.9,16.9,47.61,0.78,0.94
61,16.9,47.6,0.78,0.94
61.1,16.9,47.59,0.78,0.95
61.2,16.9,47.58,0.77,0.95
61.3,16.9,47.57,0.77,0.96
61.4,16.9,47.56,0.76,0.96
61.5,16.9,47.55,0.76,0.97
61.6,16.9,47.54,0.76,0.97
61.7,16.9,47.52,0.75,0.98
61.8,16.9,47.51,0.75,0.98
61.9,16.9,47.49,0.74,0.99
62,16.9,47.48,0.74,0.99
62.1,16.9,47.46,0.74,1
62.2,16.9,47.44,0.73,1.01
62.3,16.9,47.42,0.73,1.01
62.4,16.9,47.4,0.73,1.02
62.5,16.9,47.37,0.72,1.02
62.6,16.9,47.35,0.72,1.03
62.7,16.9,47.32,0.72,1.03
62.8,16.9,47.3,0.71,1.04
62.9,16.9,47.27,0.71,1.04
63,16.9,47.24,0.71,1.05
63.1,16.9,47.21,0.7,1.05
63.2,16.9,47.18,0.7,1.06
63.3,16.9,47.14,0.7,1.06
63.4,16.9,47.11,0.69,1.07
63.5,16.9,47.07,0.69,1.08
63.6,16.9,47.03,0.69,1.08
63.7,16.9,46.99,0.68,1.09
63.8,16.9,46.95,0.68,1.09
63.9,16.9,46.91,0.68,1.1
64,16.9,46.86,0.68,1.1
64.1,16.9,46.82,0.67,1.11
64.2,16.9,46.77,0.67,1.11
64.3,16.9,46.72,0.67,1.12
64.4,16.9,46.66,0.66,1.13
64.5,16.9,46.61,0.66,1.13
64.6,16.9,46.55,0.66,1.14
64.7,16.9,46.49,0.66,1.14
64.8,16.9,46.43,0.66,1.15
64.9,16.9,46.37,0.65,1.15
65,16.9,46.31,0.65,1.16
65.1,16.9,46.24,0.65,1.17
65.2,16.9,46.17,0.65,1.17
65.3,16.9,46.1,0.65,1.18
65.4,16.9,46.03,0.64,1.18
65.5,16.9,45.95,0.64,1.19
65.6,16.9,45.88,0.64,1.19
65.7,16.9,45.8,0.64,1.2
65.8,16.9,45.72,0.64,1.21
65.9,16.9,45.63,0.64,1.21
66,16.9,45.55,0.64,1.22
66.1,16.9,45.46,0.64,1.22
58,17,47.54,0.9,0.79
58.1,17,47.54,0.9,0.79
58.2,17,47.54,0.89,0.8
58.3,17,47.54,0.89,0.8
58.4,17,47.54,0.88,0.81
58.5,17,47.54,0.88,0.81
58.6,17,47.54,0.88,0.82
58.7,17,47.54,0.87,0.82
58.8,17,47.54,0.87,0.83
58.9,17,47.54,0.86,0.83
59,17,47.54,0.86,0.84
59.1,17,47.54,0.85,0.84
59.2,17,47.54,0.85,0.85
59.3,17,47.54,0.85,0.85
59.4,17,47.54,0.84,0.86
59.5,17,47.54,0.84,0.86
59.6,17,47.54,0.83,0.87
59.7,17,47.54,0.83,0.87
59.8,17,47.54,0.82,0.88
59.9,17,47.53,0.82,0.88
60,17,47.53,0.82,0.89
60.1,17,47.53,0.81,0.89
60.2,17,47.53,0.81,0.9
60.3,17,47.52,0.8,0.9
60.4,17,47.52,0.8,0.91
60.5,17,47.52,0.79,0.91
60.6,17,47.51,0.79,0.92
60.7,17,47.5,0.79,0.92
60.8,17,47.5,0.78,0.93
60.9,17,47.49,0.78,0.93
61,17,47.48,0.77,0.94
61.1,17,47.47,0.77,0.94
61.2,17,47.46,0.77,0.95
61.3,17,47.45,0.76,0.95
61.4,17,47.44,0.76,0.96
61.5,17,47.43,0.75,0.96
61.6,17,47.42,0.75,0.97
61.7,17,47.4,0.75,0.97
61.8,17,47.39,0.74,0.98
61.9,17,47.37,0.74,0.98
62,17,47.36,0.73,0.99
62.1,17,47.34,0.73,0.99
62.2,17,47.32,0.73,1
62.3,17,47.3,0.72,1.01
62.4,17,47.28,0.72,1.01
62.5,17,47.26,0.72,1.02
62.6,17,47.23,0.71,1.02
62.7,17,47.21,0.71,1.03
62.8,17,47.18,0.71,1.03
62.9,17,47.15,0.7,1.04
63,17,47.12,0.7,1.04
63.1,17,47.09,0.7,1.05
63.2,17,47.06,0.69,1.05
63.3,17,47.03,0.69,1.06
63.4,17,46.99,0.69,1.06
63.5,17,46.95,0.68,1.07
63.6,17,46.92,0.68,1.08
63.7,17,46.88,0.68,1.08
63.8,17,46.83,0.67,1.09
63.9,17,46.79,0.67,1.09
64,17,46.74,0.67,1.1
64.1,17,46.7,0.67,1.1
64.2,17,46.65,0.66,1.11
64.3,17,46.6,0.66,1.11
64.4,17,46.55,0.66,1.12
64.5,17,46.49,0.66,1.13
64.6,17,46.44,0.65,1.13
64.7,17,46.38,0.65,1.14
64.8,17,46.32,0.65,1.14
64.9,17,46.26,0.65,1.15
65,17,46.19,0.64,1.15
65.1,17,46.13,0.64,1.16
65.2,17,46.06,0.64,1.17
65.3,17,45.99,0.64,1.17
65.4,17,45.91,0.64,1.18
65.5,17,45.84,0.64,1.18
65.6,17,45.76,0.63,1.19
65.7,17,45.68,0.63,1.19
65.8,17,45.6,0.63,1.2
65.9,17,45.52,0.63,1.21
66,17,45.43,0.63,1.21
66.1,17,45.34,0.63,1.22
58,17.1,47.42,0.9,0.78
58.1,17.1,47.42,0.89,0.79
58.2,17.1,47.42,0.89,0.79
58.3,17.1,47.42,0.88,0.8
58.4,17.1,47.42,0.88,0.8
58.5,17.1,47.42,0.87,0.81
58.6,17.1,47.42,0.87,0.81
58.7,17.1,47.42,0.87,0.82
58.8,17.1,47.42,0.86,0.82
58.9,17.1,47.42,0.86,0.83
59,17.1,47.42,0.85,0.83
59.1,17.1,47.42,0.85,0.84
59.2,17.1,47.42,0.84,0.84
59.3,17.1,47.42,0.84,0.85
59.4,17.1,47.42,0.84,0.85
59.5,17.1,47.42,0.83,0.86
59.6,17.1,47.42,0.83,0.86
59.7,17.1,47.42,0.82,0.87
59.8,17.1,47.42,0.82,0.87
59.9,17.1,47.42,0.81,0.88
60,17.1,47.41,0.81,0.88
60.1,17.1,47.41,0.81,0.89
60.2,17.1,47.41,0.8,0.89
60.3,17.1,47.4,0.8,0.9
60.4,17.1,47.4,0.79,0.9
60.5,17.1,47.4,0.79,0.91
60.6,17.1,47.39,0.78,0.91
60.7,17.1,47.39,0.78,0.92
60.8,17.1,47.38,0.78,0.92
60.9,17.1,47.37,0.77,0.93
61,17.1,47.36,0.77,0.93
61.1,17.1,47.36,0.76,0.94
61.2,17.1,47.35,0.76,0.94
61.3,17.1,47.34,0.76,0.95
61.4,17.1,47.33,0.75,0.95
61.5,17.1,47.31,0.75,0.96
61.6,17.1,47.3,0.74,0.96
61.7,17.1,47.29,0.74,0.97
61.8,17.1,47.27,0.74,0.97
61.9,17.1,47.26,0.73,0.98
62,17.1,47.24,0.73,0.98
62.1,17.1,47.22,0.72,0.99
62.2,17.1,47.2,0.72,1
62.3,17.1,47.18,0.72,1
62.4,17.1,47.16,0.71,1.01
62.5,17.1,47.14,0.71,1.01
62.6,17.1,47.11,0.71,1.02
62.7,17.1,47.09,0.7,1.02
62.8,17.1,47.06,0.7,1.03
62.9,17.1,47.03,0.7,1.03
63,17.1,47.01,0.69,1.04
63.1,17.1,46.97,0.69,1.04
63.2,17.1,46.94,0.69,1.05
63.3,17.1,46.91,0.68,1.05
63.4,17.1,46.87,0.68,1.06
63.5,17.1,46.84,0.68,1.07
63.6,17.1,46.8,0.67,1.07
63.7,17.1,46.76,0.67,1.08
63.8,17.1,46.72,0.67,1.08
63.9,17.1,46.67,0.66,1.09
64,17.1,46.63,0.66,1.09
64.1,17.1,46.58,0.66,1.1
64.2,17.1,46.53,0.66,1.1
64.3,17.1,46.48,0.65,1.11
64.4,17.1,46.43,0.65,1.11
64.5,17.1,46.38,0.65,1.12
64.6,17.1,46.32,0.65,1.13
64.7,17.1,46.26,0.64,1.13
64.8,17.1,46.2,0.64,1.14
64.9,17.1,46.14,0.64,1.14
65,17.1,46.08,0.64,1.15
65.1,17.1,46.01,0.64,1.15
65.2,17.1,45.94,0.63,1.16
65.3,17.1,45.87,0.63,1.17
65.4,17.1,45.8,0.63,1.17
65.5,17.1,45.73,0.63,1.18
65.6,17.1,45.65,0.63,1.18
65.7,17.1,45.57,0.63,1.19
65.8,17.1,45.49,0.62,1.19
65.9,17.1,45.4,0.62,1.2
66,17.1,45.32,0.62,1.21
66.1,17.1,45.23,0.62,1.21
58,17.2,47.3,0.89,0.78
58.1,17.2,47.3,0.89,0.78
58.2,17.2,47.3,0.88,0.79
58.3,17.2,47.3,0.88,0.79
58.4,17.2,47.3,0.87,0.8
58.5,17.2,47.3,0.87,0.8
58.6,17.2,47.3,0.86,0.81
58.7,17.2,47.3,0.86,0.81
58.8,17.2,47.3,0.86,0.82
58.9,17.2,47.3,0.85,0.82
59,17.2,47.3,0.85,0.83
59.1,17.2,47.3,0.84,0.83
59.2,17.2,47.3,0.84,0.84
59.3,17.2,47.3,0.83,0.84
59.4,17.2,47.3,0.83,0.85
59.5,17.2,47.3,0.83,0.85
59.6,17.2,47.3,0.82,0.86
59.7,17.2,47.3,0.82,0.86
59.8,17.2,47.3,0.81,0.87
59.9,17.2,47.3,0.81,0.87
60,17.2,47.3,0.8,0.88
60.1,17.2,47.29,0.8,0.88
60.2,17.2,47.29,0.8,0.89
60.3,17.2,47.29,0.79,0.89
60.4,17.2,47.28,0.79,0.9
60.5,17.2,47.28,0.78,0.9
60.6,17.2,47.27,0.78,0.91
60.7,17.2,47.27,0.77,0.91
60.8,17.2,47.26,0.77,0.92
60.9,17.2,47.25,0.77,0.92
61,17.2,47.25,0.76,0.93
61.1,17.2,47.24,0.76,0.93
61.2,17.2,47.23,0.75,0.94
61.3,17.2,47.22,0.75,0.94
61.4,17.2,47.21,0.75,0.95
61.5,17.2,47.2,0.74,0.95
61.6,17.2,47.18,0.74,0.96
61.7,17.2,47.17,0.73,0.96
61.8,17.2,47.16,0.73,0.97
61.9,17.2,47.14,0.73,0.97
62,17.2,47.12,0.72,0.98
62.1,17.2,47.11,0.72,0.98
62.2,17.2,47.09,0.71,0.99
62.3,17.2,47.07,0.71,1
62.4,17.2,47.04,0.71,1
62.5,17.2,47.02,0.7,1.01
62.6,17.2,47,0.7,1.01
62.7,17.2,46.97,0.7,1.02
62.8,17.2,46.95,0.69,1.02
62.9,17.2,46.92,0.69,1.03
63,17.2,46.89,0.68,1.03
63.1,17.2,46.86,0.68,1.04
63.2,17.2,46.83,0.68,1.04
63.3,17.2,46.79,0.68,1.05
63.4,17.2,46.76,0.67,1.05
63.5,17.2,46.72,0.67,1.06
63.6,17.2,46.68,0.67,1.07
63.7,17.2,46.64,0.66,1.07
63.8,17.2,46.6,0.66,1.08
63.9,17.2,46.56,0.66,1.08
64,17.2,46.51,0.65,1.09
64.1,17.2,46.47,0.65,1.09
64.2,17.2,46.42,0.65,1.1
64.3,17.2,46.37,0.65,1.1
64.4,17.2,46.32,0.64,1.11
64.5,17.2,46.26,0.64,1.11
64.6,17.2,46.21,0.64,1.12
64.7,17.2,46.15,0.64,1.13
64.8,17.2,46.09,0.63,1.13
64.9,17.2,46.03,0.63,1.14
65,17.2,45.96,0.63,1.14
65.1,17.2,45.9,0.63,1.15
65.2,17.2,45.83,0.63,1.15
65.3,17.2,45.76,0.63,1.16
65.4,17.2,45.69,0.62,1.17
65.5,17.2,45.61,0.62,1.17
65.6,17.2,45.53,0.62,1.18
65.7,17.2,45.46,0.62,1.18
65.8,17.2,45.37,0.62,1.19
65.9,17.2,45.29,0.62,1.19
66,17.2,45.2,0.62,1.2
66.1,17.2,45.12,0.61,1.21
58,17.3,47.18,0.89,0.78
58.1,17.3,47.18,0.88,0.78
58.2,17.3,47.18,0.88,0.79
58.3,17.3,47.18,0.87,0.79
58.4,17.3,47.18,0.87,0.79
58.5,17.3,47.18,0.86,0.8
58.6,17.3,47.18,0.86,0.8
58.7,17.3,47.18,0.86,0.81
58.8,17.3,47.18,0.85,0.81
58.9,17.3,47.18,0.85,0.82
59,17.3,47.18,0.84,0.82
59.1,17.3,47.18,0.84,0.83
59.2,17.3,47.18,0.83,0.83
59.3,17.3,47.18,0.83,0.84
59.4,17.3,47.18,0.82,0.84
59.5,17.3,47.18,0.82,0.85
59.6,17.3,47.18,0.82,0.85
59.7,17.3,47.18,0.81,0.86
59.8,17.3,47.18,0.81,0.86
59.9,17.3,47.18,0.8,0.87
60,17.3,47.18,0.8,0.87
60.1,17.3,47.18,0.79,0.88
60.2,17.3,47.17,0.79,0.88
60.3,17.3,47.17,0.79,0.89
60.4,17.3,47.17,0.78,0.89
60.5,17.3,47.16,0.78,0.9
60.6,17.3,47.16,0.77,0.9
60.7,17.3,47.15,0.77,0.91
60.8,17.3,47.15,0.76,0.91
60.9,17.3,47.14,0.76,0.92
61,17.3,47.13,0.76,0.92
61.1,17.3,47.12,0.75,0.93
61.2,17.3,47.11,0.75,0.93
61.3,17.3,47.1,0.74,0.94
61.4,17.3,47.09,0.74,0.94
61.5,17.3,47.08,0.73,0.95
61.6,17.3,47.07,0.73,0.95
61.7,17.3,47.05,0.73,0.96
61.8,17.3,47.04,0.72,0.96
61.9,17.3,47.02,0.72,0.97
62,17.3,47.01,0.71,0.97
62.1,17.3,46.99,0.71,0.98
62.2,17.3,46.97,0.71,0.99
62.3,17.3,46.95,0.7,0.99
62.4,17.3,46.93,0.7,1
62.5,17.3,46.91,0.7,1
62.6,17.3,46.88,0.69,1.01
62.7,17.3,46.86,0.69,1.01
62.8,17.3,46.83,0.69,1.02
62.9,17.3,46.8,0.68,1.02
63,17.3,46.78,0.68,1.03
63.1,17.3,46.74,0.67,1.03
63.2,17.3,46.71,0.67,1.04
63.3,17.3,46.68,0.67,1.04
63.4,17.3,46.64,0.67,1.05
63.5,17.3,46.61,0.66,1.05
63.6,17.3,46.57,0.66,1.06
63.7,17.3,46.53,0.66,1.07
63.8,17.3,46.49,0.65,1.07
63.9,17.3,46.45,0.65,1.08
64,17.3,46.4,0.65,1.08
64.1,17.3,46.35,0.64,1.09
64.2,17.3,46.31,0.64,1.09
64.3,17.3,46.26,0.64,1.1
64.4,17.3,46.2,0.64,1.1
64.5,17.3,46.15,0.63,1.11
64.6,17.3,46.09,0.63,1.12
64.7,17.3,46.04,0.63,1.12
64.8,17.3,45.98,0.63,1.13
64.9,17.3,45.91,0.63,1.13
65,17.3,45.85,0.62,1.14
65.1,17.3,45.78,0.62,1.14
65.2,17.3,45.72,0.62,1.15
65.3,17.3,45.65,0.62,1.15
65.4,17.3,45.57,0.62,1.16
65.5,17.3,45.5,0.61,1.17
65.6,17.3,45.42,0.61,1.17
65.7,17.3,45.34,0.61,1.18
65.8,17.3,45.26,0.61,1.18
65.9,17.3,45.18,0.61,1.19
66,17.3,45.09,0.61,1.19
66.1,17.3,45,0.61,1.2
58,17.4,47.06,0.88,0.77
58.1,17.4,47.06,0.88,0.78
58.2,17.4,47.06,0.87,0.78
58.3,17.4,47.06,0.87,0.79
58.4,17.4,47.06,0.86,0.79
58.5,17.4,47.06,0.86,0.8
58.6,17.4,47.06,0.85,0.8
58.7,17.4,47.07,0.85,0.8
58.8,17.4,47.07,0.85,0.81
58.9,17.4,47.07,0.84,0.81
59,17.4,47.07,0.84,0.82
59.1,17.4,47.07,0.83,0.82
59.2,17.4,47.07,0.83,0.83
59.3,17.4,47.07,0.82,0.83
59.4,17.4,47.07,0.82,0.84
59.5,17.4,47.07,0.81,0.84
59.6,17.4,47.07,0.81,0.85
59.7,17.4,47.07,0.81,0.85
59.8,17.4,47.07,0.8,0.86
59.9,17.4,47.06,0.8,0.86
60,17.4,47.06,0.79,0.87
60.1,17.4,47.06,0.79,0.87
60.2,17.4,47.06,0.78,0.88
60.3,17.4,47.06,0.78,0.88
60.4,17.4,47.05,0.78,0.89
60.5,17.4,47.05,0.77,0.89
60.6,17.4,47.04,0.77,0.9
60.7,17.4,47.04,0.76,0.9
60.8,17.4,47.03,0.76,0.91
60.9,17.4,47.02,0.75,0.91
61,17.4,47.02,0.75,0.92
61.1,17.4,47.01,0.75,0.92
61.2,17.4,47,0.74,0.93
61.3,17.4,46.99,0.74,0.93
61.4,17.4,46.98,0.73,0.94
61.5,17.4,46.97,0.73,0.94
61.6,17.4,46.95,0.72,0.95
61.7,17.4,46.94,0.72,0.95
61.8,17.4,46.93,0.72,0.96
61.9,17.4,46.91,0.71,0.96
62,17.4,46.89,0.71,0.97
62.1,17.4,46.88,0.7,0.98
62.2,17.4,46.86,0.7,0.98
62.3,17.4,46.84,0.7,0.99
62.4,17.4,46.82,0.69,0.99
62.5,17.4,46.79,0.69,1
62.6,17.4,46.77,0.69,1
62.7,17.4,46.74,0.68,1.01
62.8,17.4,46.72,0.68,1.01
62.9,17.4,46.69,0.68,1.02
63,17.4,46.66,0.67,1.02
63.1,17.4,46.63,0.67,1.03
63.2,17.4,46.6,0.66,1.03
63.3,17.4,46.57,0.66,1.04
63.4,17.4,46.53,0.66,1.04
63.5,17.4,46.5,0.66,1.05
63.6,17.4,46.46,0.65,1.05
63.7,17.4,46.42,0.65,1.06
63.8,17.4,46.38,0.65,1.07
63.9,17.4,46.33,0.64,1.07
64,17.4,46.29,0.64,1.08
64.1,17.4,46.24,0.64,1.08
64.2,17.4,46.19,0.64,1.09
64.3,17.4,46.14,0.63,1.09
64.4,17.4,46.09,0.63,1.1
64.5,17.4,46.04,0.63,1.1
64.6,17.4,45.98,0.63,1.11
64.7,17.4,45.92,0.62,1.12
64.8,17.4,45.86,0.62,1.12
64.9,17.4,45.8,0.62,1.13
65,17.4,45.74,0.62,1.13
65.1,17.4,45.67,0.61,1.14
65.2,17.4,45.61,0.61,1.14
65.3,17.4,45.54,0.61,1.15
65.4,17.4,45.46,0.61,1.15
65.5,17.4,45.39,0.61,1.16
65.6,17.4,45.31,0.61,1.17
65.7,17.4,45.23,0.6,1.17
65.8,17.4,45.15,0.6,1.18
65.9,17.4,45.07,0.6,1.18
66,17.4,44.98,0.6,1.19
66.1,17.4,44.89,0.6,1.19
58,17.5,46.95,0.87,0.77
58.1,17.5,46.95,0.87,0.77
58.2,17.5,46.95,0.87,0.78
58.3,17.5,46.95,0.86,0.78
58.4,17.5,46.95,0.86,0.79
58.5,17.5,46.95,0.85,0.79
58.6,17.5,46.95,0.85,0.8
58.7,17.5,46.95,0.84,0.8
58.8,17.5,46.95,0.84,0.81
58.9,17.5,46.95,0.84,0.81
59,17.5,46.95,0.83,0.82
59.1,17.5,46.95,0.83,0.82
59.2,17.5,46.95,0.82,0.82
59.3,17.5,46.95,0.82,0.83
59.4,17.5,46.95,0.81,0.83
59.5,17.5,46.95,0.81,0.84
59.6,17.5,46.95,0.8,0.84
59.7,17.5,46.95,0.8,0.85
59.8,17.5,46.95,0.8,0.85
59.9,17.5,46.95,0.79,0.86
60,17.5,46.95,0.79,0.86
60.1,17.5,46.95,0.78,0.87
60.2,17.5,46.94,0.78,0.87
60.3,17.5,46.94,0.77,0.88
60.4,17.5,46.94,0.77,0.88
60.5,17.5,46.93,0.76,0.89
60.6,17.5,46.93,0.76,0.89
60.7,17.5,46.92,0.76,0.9
60.8,17.5,46.92,0.75,0.9
60.9,17.5,46.91,0.75,0.91
61,17.5,46.9,0.74,0.91
61.1,17.5,46.89,0.74,0.92
61.2,17.5,46.89,0.73,0.92
61.3,17.5,46.88,0.73,0.93
61.4,17.5,46.86,0.73,0.93
61.5,17.5,46.85,0.72,0.94
61.6,17.5,46.84,0.72,0.94
61.7,17.5,46.83,0.71,0.95
61.8,17.5,46.81,0.71,0.95
61.9,17.5,46.8,0.71,0.96
62,17.5,46.78,0.7,0.97
62.1,17.5,46.76,0.7,0.97
62.2,17.5,46.74,0.69,0.98
62.3,17.5,46.72,0.69,0.98
62.4,17.5,46.7,0.69,0.99
62.5,17.5,46.68,0.68,0.99
62.6,17.5,46.66,0.68,1
62.7,17.5,46.63,0.68,1
62.8,17.5,46.61,0.67,1.01
62.9,17.5,46.58,0.67,1.01
63,17.5,46.55,0.66,1.02
63.1,17.5,46.52,0.66,1.02
63.2,17.5,46.49,0.66,1.03
63.3,17.5,46.45,0.65,1.03
63.4,17.5,46.42,0.65,1.04
63.5,17.5,46.38,0.65,1.04
63.6,17.5,46.35,0.65,1.05
63.7,17.5,46.31,0.64,1.06
63.8,17.5,46.26,0.64,1.06
63.9,17.5,46.22,0.64,1.07
64,17.5,46.18,0.63,1.07
64.1,17.5,46.13,0.63,1.08
64.2,17.5,46.08,0.63,1.08
64.3,17.5,46.03,0.63,1.09
64.4,17.5,45.98,0.62,1.09
64.5,17.5,45.93,0.62,1.1
64.6,17.5,45.87,0.62,1.1
64.7,17.5,45.81,0.62,1.11
64.8,17.5,45.75,0.61,1.12
64.9,17.5,45.69,0.61,1.12
65,17.5,45.63,0.61,1.13
65.1,17.5,45.56,0.61,1.13
65.2,17.5,45.5,0.61,1.14
65.3,17.5,45.43,0.6,1.14
65.4,17.5,45.35,0.6,1.15
65.5,17.5,45.28,0.6,1.15
65.6,17.5,45.2,0.6,1.16
65.7,17.5,45.12,0.6,1.17
65.8,17.5,45.04,0.6,1.17
65.9,17.5,44.96,0.6,1.18
66,17.5,44.87,0.59,1.18
66.1,17.5,44.78,0.59,1.19
58,17.6,46.83,0.87,0.76
58.1,17.6,46.83,0.87,0.77
58.2,17.6,46.83,0.86,0.77
58.3,17.6,46.83,0.86,0.78
58.4,17.6,46.83,0.85,0.78
58.5,17.6,46.83,0.85,0.79
58.6,17.6,46.83,0.84,0.79
58.7,17.6,46.84,0.84,0.8
58.8,17.6,46.84,0.83,0.8
58.9,17.6,46.84,0.83,0.81
59,17.6,46.84,0.83,0.81
59.1,17.6,46.84,0.82,0.82
59.2,17.6,46.84,0.82,0.82
59.3,17.6,46.84,0.81,0.83
59.4,17.6,46.84,0.81,0.83
59.5,17.6,46.84,0.8,0.83
59.6,17.6,46.84,0.8,0.84
59.7,17.6,46.84,0.79,0.84
59.8,17.6,46.84,0.79,0.85
59.9,17.6,46.84,0.79,0.85
60,17.6,46.84,0.78,0.86
60.1,17.6,46.83,0.78,0.86
60.2,17.6,46.83,0.77,0.87
60.3,17.6,46.83,0.77,0.87
60.4,17.6,46.82,0.76,0.88
60.5,17.6,46.82,0.76,0.88
60.6,17.6,46.82,0.75,0.89
60.7,17.6,46.81,0.75,0.89
60.8,17.6,46.8,0.75,0.9
60.9,17.6,46.8,0.74,0.9
61,17.6,46.79,0.74,0.91
61.1,17.6,46.78,0.73,0.91
61.2,17.6,46.77,0.73,0.92
61.3,17.6,46.76,0.72,0.92
61.4,17.6,46.75,0.72,0.93
61.5,17.6,46.74,0.72,0.93
61.6,17.6,46.73,0.71,0.94
61.7,17.6,46.71,0.71,0.94
61.8,17.6,46.7,0.7,0.95
61.9,17.6,46.69,0.7,0.96
62,17.6,46.67,0.7,0.96
62.1,17.6,46.65,0.69,0.97
62.2,17.6,46.63,0.69,0.97
62.3,17.6,46.61,0.68,0.98
62.4,17.6,46.59,0.68,0.98
62.5,17.6,46.57,0.68,0.99
62.6,17.6,46.55,0.67,0.99
62.7,17.6,46.52,0.67,1
62.8,17.6,46.49,0.67,1
62.9,17.6,46.47,0.66,1.01
63,17.6,46.44,0.66,1.01
63.1,17.6,46.41,0.65,1.02
63.2,17.6,46.38,0.65,1.02
63.3,17.6,46.34,0.65,1.03
63.4,17.6,46.31,0.64,1.03
63.5,17.6,46.27,0.64,1.04
63.6,17.6,46.23,0.64,1.04
63.7,17.6,46.2,0.64,1.05
63.8,17.6,46.15,0.63,1.06
63.9,17.6,46.11,0.63,1.06
64,17.6,46.07,0.63,1.07
64.1,17.6,46.02,0.62,1.07
64.2,17.6,45.97,0.62,1.08
64.3,17.6,45.92,0.62,1.08
64.4,17.6,45.87,0.62,1.09
64.5,17.6,45.82,0.61,1.09
64.6,17.6,45.76,0.61,1.1
64.7,17.6,45.7,0.61,1.1
64.8,17.6,45.64,0.61,1.11
64.9,17.6,45.58,0.6,1.12
65,17.6,45.52,0.6,1.12
65.1,17.6,45.45,0.6,1.13
65.2,17.6,45.39,0.6,1.13
65.3,17.6,45.32,0.6,1.14
65.4,17.6,45.24,0.6,1.14
65.5,17.6,45.17,0.59,1.15
65.6,17.6,45.09,0.59,1.16
65.7,17.6,45.02,0.59,1.16
65.8,17.6,44.93,0.59,1.17
65.9,17.6,44.85,0.59,1.17
66,17.6,44.76,0.59,1.18
66.1,17.6,44.68,0.59,1.18
58,17.7,46.72,0.86,0.76
58.1,17.7,46.72,0.86,0.76
58.2,17.7,46.72,0.86,0.77
58.3,17.7,46.72,0.85,0.77
58.4,17.7,46.72,0.85,0.78
58.5,17.7,46.72,0.84,0.78
58.6,17.7,46.72,0.84,0.79
58.7,17.7,46.72,0.83,0.79
58.8,17.7,46.72,0.83,0.8
58.9,17.7,46.72,0.82,0.8
59,17.7,46.73,0.82,0.81
59.1,17.7,46.73,0.82,0.81
59.2,17.7,46.73,0.81,0.82
59.3,17.7,46.73,0.81,0.82
59.4,17.7,46.73,0.8,0.83
59.5,17.7,46.73,0.8,0.83
59.6,17.7,46.73,0.79,0.84
59.7,17.7,46.73,0.79,0.84
59.8,17.7,46.73,0.78,0.85
59.9,17.7,46.72,0.78,0.85
60,17.7,46.72,0.78,0.85
60.1,17.7,46.72,0.77,0.86
60.2,17.7,46.72,0.77,0.86
60.3,17.7,46.72,0.76,0.87
60.4,17.7,46.71,0.76,0.87
60.5,17.7,46.71,0.75,0.88
60.6,17.7,46.7,0.75,0.88
60.7,17.7,46.7,0.74,0.89
60.8,17.7,46.69,0.74,0.89
60.9,17.7,46.69,0.74,0.9
61,17.7,46.68,0.73,0.9
61.1,17.7,46.67,0.73,0.91
61.2,17.7,46.66,0.72,0.91
61.3,17.7,46.65,0.72,0.92
61.4,17.7,46.64,0.71,0.92
61.5,17.7,46.63,0.71,0.93
61.6,17.7,46.62,0.71,0.93
61.7,17.7,46.6,0.7,0.94
61.8,17.7,46.59,0.7,0.95
61.9,17.7,46.57,0.69,0.95
62,17.7,46.56,0.69,0.96
62.1,17.7,46.54,0.69,0.96
62.2,17.7,46.52,0.68,0.97
62.3,17.7,46.5,0.68,0.97
62.4,17.7,46.48,0.67,0.98
62.5,17.7,46.46,0.67,0.98
62.6,17.7,46.44,0.67,0.99
62.7,17.7,46.41,0.66,0.99
62.8,17.7,46.38,0.66,1
62.9,17.7,46.36,0.66,1
63,17.7,46.33,0.65,1.01
63.1,17.7,46.3,0.65,1.01
63.2,17.7,46.27,0.64,1.02
63.3,17.7,46.23,0.64,1.02
63.4,17.7,46.2,0.64,1.03
63.5,17.7,46.16,0.64,1.03
63.6,17.7,46.13,0.63,1.04
63.7,17.7,46.09,0.63,1.05
63.8,17.7,46.04,0.63,1.05
63.9,17.7,46,0.62,1.06
64,17.7,45.96,0.62,1.06
64.1,17.7,45.91,0.62,1.07
64.2,17.7,45.86,0.61,1.07
64.3,17.7,45.81,0.61,1.08
64.4,17.7,45.76,0.61,1.08
64.5,17.7,45.71,0.61,1.09
64.6,17.7,45.65,0.6,1.09
64.7,17.7,45.6,0.6,1.1
64.8,17.7,45.54,0.6,1.11
64.9,17.7,45.48,0.6,1.11
65,17.7,45.41,0.6,1.12
65.1,17.7,45.35,0.59,1.12
65.2,17.7,45.28,0.59,1.13
65.3,17.7,45.21,0.59,1.13
65.4,17.7,45.14,0.59,1.14
65.5,17.7,45.06,0.59,1.14
65.6,17.7,44.99,0.59,1.15
65.7,17.7,44.91,0.58,1.16
65.8,17.7,44.83,0.58,1.16
65.9,17.7,44.74,0.58,1.17
66,17.7,44.66,0.58,1.17
66.1,17.7,44.57,0.58,1.18
58,17.8,46.61,0.86,0.76
58.1,17.8,46.61,0.85,0.76
58.2,17.8,46.61,0.85,0.76
58.3,17.8,46.61,0.85,0.77
58.4,17.8,46.61,0.84,0.77
58.5,17.8,46.61,0.84,0.78
58.6,17.8,46.61,0.83,0.78
58.7,17.8,46.61,0.83,0.79
58.8,17.8,46.61,0.82,0.79
58.9,17.8,46.61,0.82,0.8
59,17.8,46.61,0.81,0.8
59.1,17.8,46.61,0.81,0.81
59.2,17.8,46.62,0.81,0.81
59.3,17.8,46.62,0.8,0.82
59.4,17.8,46.62,0.8,0.82
59.5,17.8,46.62,0.79,0.83
59.6,17.8,46.62,0.79,0.83
59.7,17.8,46.62,0.78,0.84
59.8,17.8,46.61,0.78,0.84
59.9,17.8,46.61,0.77,0.85
60,17.8,46.61,0.77,0.85
60.1,17.8,46.61,0.76,0.86
60.2,17.8,46.61,0.76,0.86
60.3,17.8,46.6,0.76,0.87
60.4,17.8,46.6,0.75,0.87
60.5,17.8,46.6,0.75,0.88
60.6,17.8,46.59,0.74,0.88
60.7,17.8,46.59,0.74,0.88
60.8,17.8,46.58,0.73,0.89
60.9,17.8,46.58,0.73,0.89
61,17.8,46.57,0.72,0.9
61.1,17.8,46.56,0.72,0.9
61.2,17.8,46.55,0.72,0.91
61.3,17.8,46.54,0.71,0.92
61.4,17.8,46.53,0.71,0.92
61.5,17.8,46.52,0.7,0.93
61.6,17.8,46.51,0.7,0.93
61.7,17.8,46.49,0.7,0.94
61.8,17.8,46.48,0.69,0.94
61.9,17.8,46.46,0.69,0.95
62,17.8,46.45,0.68,0.95
62.1,17.8,46.43,0.68,0.96
62.2,17.8,46.41,0.67,0.96
62.3,17.8,46.39,0.67,0.97
62.4,17.8,46.37,0.67,0.97
62.5,17.8,46.35,0.66,0.98
62.6,17.8,46.33,0.66,0.98
62.7,17.8,46.3,0.66,0.99
62.8,17.8,46.28,0.65,0.99
62.9,17.8,46.25,0.65,1
63,17.8,46.22,0.65,1
63.1,17.8,46.19,0.64,1.01
63.2,17.8,46.16,0.64,1.01
63.3,17.8,46.13,0.63,1.02
63.4,17.8,46.09,0.63,1.02
63.5,17.8,46.05,0.63,1.03
63.6,17.8,46.02,0.63,1.03
63.7,17.8,45.98,0.62,1.04
63.8,17.8,45.94,0.62,1.05
63.9,17.8,45.89,0.62,1.05
64,17.8,45.85,0.61,1.06
64.1,17.8,45.8,0.61,1.06
64.2,17.8,45.76,0.61,1.07
64.3,17.8,45.71,0.61,1.07
64.4,17.8,45.65,0.6,1.08
64.5,17.8,45.6,0.6,1.08
64.6,17.8,45.55,0.6,1.09
64.7,17.8,45.49,0.6,1.09
64.8,17.8,45.43,0.59,1.1
64.9,17.8,45.37,0.59,1.11
65,17.8,45.31,0.59,1.11
65.1,17.8,45.24,0.59,1.12
65.2,17.8,45.17,0.58,1.12
65.3,17.8,45.1,0.58,1.13
65.4,17.8,45.03,0.58,1.13
65.5,17.8,44.96,0.58,1.14
65.6,17.8,44.88,0.58,1.14
65.7,17.8,44.8,0.58,1.15
65.8,17.8,44.72,0.58,1.16
65.9,17.8,44.64,0.57,1.16
66,17.8,44.55,0.57,1.17
66.1,17.8,44.46,0.57,1.17
58,17.9,46.5,0.85,0.75
58.1,17.9,46.5,0.85,0.76
58.2,17.9,46.5,0.85,0.76
58.3,17.9,46.5,0.84,0.77
58.4,17.9,46.5,0.84,0.77
58.5,17.9,46.5,0.83,0.77
58.6,17.9,46.5,0.83,0.78
58.7,17.9,46.5,0.82,0.78
58.8,17.9,46.5,0.82,0.79
58.9,17.9,46.5,0.81,0.79
59,17.9,46.5,0.81,0.8
59.1,17.9,46.5,0.8,0.8
59.2,17.9,46.5,0.8,0.81
59.3,17.9,46.51,0.8,0.81
59.4,17.9,46.51,0.79,0.82
59.5,17.9,46.51,0.79,0.82
59.6,17.9,46.51,0.78,0.83
59.7,17.9,46.51,0.78,0.83
59.8,17.9,46.5,0.77,0.84
59.9,17.9,46.5,0.77,0.84
60,17.9,46.5,0.76,0.85
60.1,17.9,46.5,0.76,0.85
60.2,17.9,46.5,0.75,0.86
60.3,17.9,46.49,0.75,0.86
60.4,17.9,46.49,0.75,0.87
60.5,17.9,46.49,0.74,0.87
60.6,17.9,46.48,0.74,0.88
60.7,17.9,46.48,0.73,0.88
60.8,17.9,46.47,0.73,0.89
60.9,17.9,46.47,0.72,0.89
61,17.9,46.46,0.72,0.9
61.1,17.9,46.45,0.71,0.9
61.2,17.9,46.44,0.71,0.91
61.3,17.9,46.43,0.71,0.91
61.4,17.9,46.42,0.7,0.92
61.5,17.9,46.41,0.7,0.92
61.6,17.9,46.4,0.69,0.93
61.7,17.9,46.39,0.69,0.93
61.8,17.9,46.37,0.68,0.94
61.9,17.9,46.36,0.68,0.94
62,17.9,46.34,0.68,0.95
62.1,17.9,46.32,0.67,0.95
62.2,17.9,46.3,0.67,0.96
62.3,17.9,46.28,0.66,0.96
62.4,17.9,46.26,0.66,0.97
62.5,17.9,46.24,0.66,0.97
62.6,17.9,46.22,0.65,0.98
62.7,17.9,46.19,0.65,0.98
62.8,17.9,46.17,0.65,0.99
62.9,17.9,46.14,0.64,0.99
63,17.9,46.11,0.64,1
63.1,17.9,46.08,0.64,1
63.2,17.9,46.05,0.63,1.01
63.3,17.9,46.02,0.63,1.01
63.4,17.9,45.98,0.62,1.02
63.5,17.9,45.95,0.62,1.02
63.6,17.9,45.91,0.62,1.03
63.7,17.9,45.87,0.62,1.04
63.8,17.9,45.83,0.61,1.04
63.9,17.9,45.79,0.61,1.05
64,17.9,45.74,0.61,1.05
64.1,17.9,45.7,0.6,1.06
64.2,17.9,45.65,0.6,1.06
64.3,17.9,45.6,0.6,1.07
64.4,17.9,45.55,0.6,1.07
64.5,17.9,45.5,0.59,1.08
64.6,17.9,45.44,0.59,1.08
64.7,17.9,45.38,0.59,1.09
64.8,17.9,45.32,0.59,1.09
64.9,17.9,45.26,0.58,1.1
65,17.9,45.2,0.58,1.11
65.1,17.9,45.13,0.58,1.11
65.2,17.9,45.07,0.58,1.12
65.3,17.9,45,0.58,1.12
65.4,17.9,44.93,0.57,1.13
65.5,17.9,44.85,0.57,1.13
65.6,17.9,44.78,0.57,1.14
65.7,17.9,44.7,0.57,1.14
65.8,17.9,44.62,0.57,1.15
65.9,17.9,44.53,0.57,1.16
66,17.9,44.45,0.57,1.16
66.1,17.9,44.36,0.56,1.17
58,18,46.39,0.85,0.75
58.1,18,46.39,0.84,0.75
58.2,18,46.39,0.84,0.76
58.3,18,46.39,0.84,0.76
58.4,18,46.39,0.83,0.77
58.5,18,46.39,0.83,0.77
58.6,18,46.39,0.82,0.78
58.7,18,46.39,0.82,0.78
58.8,18,46.39,0.81,0.78
58.9,18,46.39,0.81,0.79
59,18,46.39,0.8,0.79
59.1,18,46.39,0.8,0.8
59.2,18,46.4,0.79,0.8
59.3,18,46.4,0.79,0.81
59.4,18,46.4,0.79,0.81
59.5,18,46.4,0.78,0.82
59.6,18,46.4,0.78,0.82
59.7,18,46.4,0.77,0.83
59.8,18,46.4,0.77,0.83
59.9,18,46.39,0.76,0.84
60,18,46.39,0.76,0.84
60.1,18,46.39,0.75,0.85
60.2,18,46.39,0.75,0.85
60.3,18,46.39,0.74,0.86
60.4,18,46.38,0.74,0.86
60.5,18,46.38,0.74,0.87
60.6,18,46.37,0.73,0.87
60.7,18,46.37,0.73,0.88
60.8,18,46.36,0.72,0.88
60.9,18,46.36,0.72,0.89
61,18,46.35,0.71,0.89
61.1,18,46.34,0.71,0.9
61.2,18,46.33,0.7,0.9
61.3,18,46.32,0.7,0.91
61.4,18,46.31,0.7,0.91
61.5,18,46.3,0.69,0.92
61.6,18,46.29,0.69,0.92
61.7,18,46.28,0.68,0.93
61.8,18,46.26,0.68,0.93
61.9,18,46.25,0.67,0.94
62,18,46.23,0.67,0.94
62.1,18,46.22,0.67,0.95
62.2,18,46.2,0.66,0.95
62.3,18,46.18,0.66,0.96
62.4,18,46.16,0.65,0.96
62.5,18,46.13,0.65,0.97
62.6,18,46.11,0.65,0.97
62.7,18,46.09,0.64,0.98
62.8,18,46.06,0.64,0.98
62.9,18,46.03,0.64,0.99
63,18,46.01,0.63,0.99
63.1,18,45.98,0.63,1
63.2,18,45.94,0.63,1
63.3,18,45.91,0.62,1.01
63.4,18,45.88,0.62,1.01
63.5,18,45.84,0.62,1.02
63.6,18,45.8,0.61,1.02
63.7,18,45.76,0.61,1.03
63.8,18,45.72,0.61,1.04
63.9,18,45.68,0.6,1.04
64,18,45.64,0.6,1.05
64.1,18,45.59,0.6,1.05
64.2,18,45.54,0.59,1.06
64.3,18,45.49,0.59,1.06
64.4,18,45.44,0.59,1.07
64.5,18,45.39,0.59,1.07
64.6,18,45.33,0.58,1.08
64.7,18,45.28,0.58,1.08
64.8,18,45.22,0.58,1.09
64.9,18,45.16,0.58,1.1
65,18,45.09,0.58,1.1
65.1,18,45.03,0.57,1.11
65.2,18,44.96,0.57,1.11
65.3,18,44.89,0.57,1.12
65.4,18,44.82,0.57,1.12
65.5,18,44.75,0.57,1.13
65.6,18,44.67,0.56,1.13
65.7,18,44.59,0.56,1.14
65.8,18,44.51,0.56,1.15
65.9,18,44.43,0.56,1.15
66,18,44.34,0.56,1.16
66.1,18,44.26,0.56,1.16
58,18.1,46.28,0.84,0.74
58.1,18.1,46.28,0.84,0.75
58.2,18.1,46.28,0.83,0.75
58.3,18.1,46.28,0.83,0.76
58.4,18.1,46.28,0.83,0.76
58.5,18.1,46.28,0.82,0.77
58.6,18.1,46.28,0.82,0.77
58.7,18.1,46.28,0.81,0.78
58.8,18.1,46.28,0.81,0.78
58.9,18.1,46.28,0.8,0.79
59,18.1,46.29,0.8,0.79
59.1,18.1,46.29,0.79,0.79
59.2,18.1,46.29,0.79,0.8
59.3,18.1,46.29,0.78,0.8
59.4,18.1,46.29,0.78,0.81
59.5,18.1,46.29,0.78,0.81
59.6,18.1,46.29,0.77,0.82
59.7,18.1,46.29,0.77,0.82
59.8,18.1,46.29,0.76,0.83
59.9,18.1,46.29,0.76,0.83
60,18.1,46.29,0.75,0.84
60.1,18.1,46.28,0.75,0.84
60.2,18.1,46.28,0.74,0.85
60.3,18.1,46.28,0.74,0.85
60.4,18.1,46.28,0.73,0.86
60.5,18.1,46.27,0.73,0.86
60.6,18.1,46.27,0.72,0.87
60.7,18.1,46.26,0.72,0.87
60.8,18.1,46.26,0.72,0.88
60.9,18.1,46.25,0.71,0.88
61,18.1,46.24,0.71,0.89
61.1,18.1,46.24,0.7,0.89
61.2,18.1,46.23,0.7,0.9
61.3,18.1,46.22,0.69,0.9
61.4,18.1,46.21,0.69,0.91
61.5,18.1,46.2,0.69,0.91
61.6,18.1,46.18,0.68,0.92
61.7,18.1,46.17,0.68,0.92
61.8,18.1,46.16,0.67,0.93
61.9,18.1,46.14,0.67,0.93
62,18.1,46.13,0.66,0.94
62.1,18.1,46.11,0.66,0.94
62.2,18.1,46.09,0.66,0.95
62.3,18.1,46.07,0.65,0.95
62.4,18.1,46.05,0.65,0.96
62.5,18.1,46.03,0.64,0.96
62.6,18.1,46.01,0.64,0.97
62.7,18.1,45.98,0.64,0.97
62.8,18.1,45.96,0.63,0.98
62.9,18.1,45.93,0.63,0.98
63,18.1,45.9,0.63,0.99
63.1,18.1,45.87,0.62,0.99
63.2,18.1,45.84,0.62,1
63.3,18.1,45.81,0.62,1
63.4,18.1,45.77,0.61,1.01
63.5,18.1,45.74,0.61,1.01
63.6,18.1,45.7,0.61,1.02
63.7,18.1,45.66,0.6,1.03
63.8,18.1,45.62,0.6,1.03
63.9,18.1,45.58,0.6,1.04
64,18.1,45.53,0.59,1.04
64.1,18.1,45.49,0.59,1.05
64.2,18.1,45.44,0.59,1.05
64.3,18.1,45.39,0.58,1.06
64.4,18.1,45.34,0.58,1.06
64.5,18.1,45.29,0.58,1.07
64.6,18.1,45.23,0.58,1.07
64.7,18.1,45.17,0.57,1.08
64.8,18.1,45.11,0.57,1.08
64.9,18.1,45.05,0.57,1.09
65,18.1,44.99,0.57,1.1
65.1,18.1,44.93,0.57,1.1
65.2,18.1,44.86,0.56,1.11
65.3,18.1,44.79,0.56,1.11
65.4,18.1,44.72,0.56,1.12
65.5,18.1,44.64,0.56,1.12
65.6,18.1,44.57,0.56,1.13
65.7,18.1,44.49,0.56,1.13
65.8,18.1,44.41,0.55,1.14
65.9,18.1,44.33,0.55,1.15
66,18.1,44.24,0.55,1.15
66.1,18.1,44.15,0.55,1.16
58,18.2,46.17,0.84,0.74
58.1,18.2,46.17,0.83,0.74
58.2,18.2,46.17,0.83,0.75
58.3,18.2,46.17,0.82,0.75
58.4,18.2,46.17,0.82,0.76
58.5,18.2,46.17,0.82,0.76
58.6,18.2,46.17,0.81,0.77
58.7,18.2,46.18,0.81,0.77
58.8,18.2,46.18,0.8,0.78
58.9,18.2,46.18,0.8,0.78
59,18.2,46.18,0.79,0.79
59.1,18.2,46.18,0.79,0.79
59.2,18.2,46.18,0.78,0.8
59.3,18.2,46.18,0.78,0.8
59.4,18.2,46.18,0.77,0.8
59.5,18.2,46.18,0.77,0.81
59.6,18.2,46.18,0.76,0.81
59.7,18.2,46.18,0.76,0.82
59.8,18.2,46.18,0.76,0.82
59.9,18.2,46.18,0.75,0.83
60,18.2,46.18,0.75,0.83
60.1,18.2,46.18,0.74,0.84
60.2,18.2,46.18,0.74,0.84
60.3,18.2,46.17,0.73,0.85
60.4,18.2,46.17,0.73,0.85
60.5,18.2,46.17,0.72,0.86
60.6,18.2,46.16,0.72,0.86
60.7,18.2,46.16,0.71,0.87
60.8,18.2,46.15,0.71,0.87
60.9,18.2,46.14,0.71,0.88
61,18.2,46.14,0.7,0.88
61.1,18.2,46.13,0.7,0.89
61.2,18.2,46.12,0.69,0.89
61.3,18.2,46.11,0.69,0.9
61.4,18.2,46.1,0.68,0.9
61.5,18.2,46.09,0.68,0.91
61.6,18.2,46.08,0.67,0.91
61.7,18.2,46.07,0.67,0.92
61.8,18.2,46.05,0.67,0.92
61.9,18.2,46.04,0.66,0.93
62,18.2,46.02,0.66,0.93
62.1,18.2,46,0.65,0.94
62.2,18.2,45.99,0.65,0.94
62.3,18.2,45.97,0.65,0.95
62.4,18.2,45.95,0.64,0.95
62.5,18.2,45.92,0.64,0.96
62.6,18.2,45.9,0.63,0.96
62.7,18.2,45.88,0.63,0.97
62.8,18.2,45.85,0.63,0.97
62.9,18.2,45.82,0.62,0.98
63,18.2,45.8,0.62,0.98
63.1,18.2,45.77,0.62,0.99
63.2,18.2,45.73,0.61,0.99
63.3,18.2,45.7,0.61,1
63.4,18.2,45.67,0.61,1
63.5,18.2,45.63,0.6,1.01
63.6,18.2,45.6,0.6,1.02
63.7,18.2,45.56,0.6,1.02
63.8,18.2,45.52,0.59,1.03
63.9,18.2,45.47,0.59,1.03
64,18.2,45.43,0.59,1.04
64.1,18.2,45.38,0.58,1.04
64.2,18.2,45.34,0.58,1.05
64.3,18.2,45.29,0.58,1.05
64.4,18.2,45.24,0.58,1.06
64.5,18.2,45.18,0.57,1.06
64.6,18.2,45.13,0.57,1.07
64.7,18.2,45.07,0.57,1.07
64.8,18.2,45.01,0.57,1.08
64.9,18.2,44.95,0.56,1.08
65,18.2,44.89,0.56,1.09
65.1,18.2,44.82,0.56,1.1
65.2,18.2,44.76,0.56,1.1
65.3,18.2,44.69,0.56,1.11
65.4,18.2,44.62,0.55,1.11
65.5,18.2,44.54,0.55,1.12
65.6,18.2,44.47,0.55,1.12
65.7,18.2,44.39,0.55,1.13
65.8,18.2,44.31,0.55,1.13
65.9,18.2,44.23,0.55,1.14
66,18.2,44.14,0.55,1.15
66.1,18.2,44.05,0.54,1.15
58,18.3,46.06,0.83,0.74
58.1,18.3,46.06,0.83,0.74
58.2,18.3,46.06,0.82,0.74
58.3,18.3,46.06,0.82,0.75
58.4,18.3,46.07,0.81,0.75
58.5,18.3,46.07,0.81,0.76
58.6,18.3,46.07,0.81,0.76
58.7,18.3,46.07,0.8,0.77
58.8,18.3,46.07,0.8,0.77
58.9,18.3,46.07,0.79,0.78
59,18.3,46.07,0.79,0.78
59.1,18.3,46.07,0.78,0.79
59.2,18.3,46.07,0.78,0.79
59.3,18.3,46.08,0.77,0.8
59.4,18.3,46.08,0.77,0.8
59.5,18.3,46.08,0.76,0.81
59.6,18.3,46.08,0.76,0.81
59.7,18.3,46.08,0.75,0.81
59.8,18.3,46.08,0.75,0.82
59.9,18.3,46.07,0.75,0.82
60,18.3,46.07,0.74,0.83
60.1,18.3,46.07,0.74,0.83
60.2,18.3,46.07,0.73,0.84
60.3,18.3,46.07,0.73,0.84
60.4,18.3,46.06,0.72,0.85
60.5,18.3,46.06,0.72,0.85
60.6,18.3,46.06,0.71,0.86
60.7,18.3,46.05,0.71,0.86
60.8,18.3,46.05,0.7,0.87
60.9,18.3,46.04,0.7,0.87
61,18.3,46.03,0.69,0.88
61.1,18.3,46.02,0.69,0.88
61.2,18.3,46.02,0.69,0.89
61.3,18.3,46.01,0.68,0.89
61.4,18.3,46,0.68,0.9
61.5,18.3,45.99,0.67,0.9
61.6,18.3,45.97,0.67,0.91
61.7,18.3,45.96,0.66,0.91
61.8,18.3,45.95,0.66,0.92
61.9,18.3,45.93,0.66,0.92
62,18.3,45.92,0.65,0.93
62.1,18.3,45.9,0.65,0.93
62.2,18.3,45.88,0.64,0.94
62.3,18.3,45.86,0.64,0.94
62.4,18.3,45.84,0.64,0.95
62.5,18.3,45.82,0.63,0.95
62.6,18.3,45.8,0.63,0.96
62.7,18.3,45.77,0.62,0.96
62.8,18.3,45.75,0.62,0.97
62.9,18.3,45.72,0.62,0.97
63,18.3,45.69,0.61,0.98
63.1,18.3,45.66,0.61,0.98
63.2,18.3,45.63,0.61,0.99
63.3,18.3,45.6,0.6,0.99
63.4,18.3,45.57,0.6,1
63.5,18.3,45.53,0.6,1.01
63.6,18.3,45.49,0.59,1.01
63.7,18.3,45.45,0.59,1.02
63.8,18.3,45.41,0.59,1.02
63.9,18.3,45.37,0.58,1.03
64,18.3,45.33,0.58,1.03
64.1,18.3,45.28,0.58,1.04
64.2,18.3,45.23,0.57,1.04
64.3,18.3,45.18,0.57,1.05
64.4,18.3,45.13,0.57,1.05
64.5,18.3,45.08,0.57,1.06
64.6,18.3,45.03,0.56,1.06
64.7,18.3,44.97,0.56,1.07
64.8,18.3,44.91,0.56,1.07
64.9,18.3,44.85,0.56,1.08
65,18.3,44.79,0.56,1.09
65.1,18.3,44.72,0.55,1.09
65.2,18.3,44.66,0.55,1.1
65.3,18.3,44.59,0.55,1.1
65.4,18.3,44.51,0.55,1.11
65.5,18.3,44.44,0.55,1.11
65.6,18.3,44.37,0.54,1.12
65.7,18.3,44.29,0.54,1.12
65.8,18.3,44.21,0.54,1.13
65.9,18.3,44.12,0.54,1.13
66,18.3,44.04,0.54,1.14
66.1,18.3,43.95,0.54,1.15
58,18.4,45.96,0.83,0.73
58.1,18.4,45.96,0.82,0.74
58.2,18.4,45.96,0.82,0.74
58.3,18.4,45.96,0.81,0.75
58.4,18.4,45.96,0.81,0.75
58.5,18.4,45.96,0.8,0.75
58.6,18.4,45.96,0.8,0.76
58.7,18.4,45.96,0.8,0.76
58.8,18.4,45.97,0.79,0.77
58.9,18.4,45.97,0.79,0.77
59,18.4,45.97,0.78,0.78
59.1,18.4,45.97,0.78,0.78
59.2,18.4,45.97,0.77,0.79
59.3,18.4,45.97,0.77,0.79
59.4,18.4,45.97,0.76,0.8
59.5,18.4,45.97,0.76,0.8
59.6,18.4,45.97,0.75,0.81
59.7,18.4,45.97,0.75,0.81
59.8,18.4,45.97,0.74,0.82
59.9,18.4,45.97,0.74,0.82
60,18.4,45.97,0.73,0.82
60.1,18.4,45.97,0.73,0.83
60.2,18.4,45.97,0.73,0.83
60.3,18.4,45.96,0.72,0.84
60.4,18.4,45.96,0.72,0.84
60.5,18.4,45.96,0.71,0.85
60.6,18.4,45.95,0.71,0.85
60.7,18.4,45.95,0.7,0.86
60.8,18.4,45.94,0.7,0.86
60.9,18.4,45.94,0.69,0.87
61,18.4,45.93,0.69,0.87
61.1,18.4,45.92,0.68,0.88
61.2,18.4,45.91,0.68,0.88
61.3,18.4,45.9,0.68,0.89
61.4,18.4,45.89,0.67,0.89
61.5,18.4,45.88,0.67,0.9
61.6,18.4,45.87,0.66,0.9
61.7,18.4,45.86,0.66,0.91
61.8,18.4,45.84,0.65,0.91
61.9,18.4,45.83,0.65,0.92
62,18.4,45.81,0.65,0.92
62.1,18.4,45.8,0.64,0.93
62.2,18.4,45.78,0.64,0.93
62.3,18.4,45.76,0.63,0.94
62.4,18.4,45.74,0.63,0.94
62.5,18.4,45.72,0.63,0.95
62.6,18.4,45.69,0.62,0.95
62.7,18.4,45.67,0.62,0.96
62.8,18.4,45.65,0.61,0.96
62.9,18.4,45.62,0.61,0.97
63,18.4,45.59,0.61,0.97
63.1,18.4,45.56,0.6,0.98
63.2,18.4,45.53,0.6,0.98
63.3,18.4,45.5,0.6,0.99
63.4,18.4,45.46,0.59,1
63.5,18.4,45.43,0.59,1
63.6,18.4,45.39,0.59,1.01
63.7,18.4,45.35,0.58,1.01
63.8,18.4,45.31,0.58,1.02
63.9,18.4,45.27,0.58,1.02
64,18.4,45.23,0.57,1.03
64.1,18.4,45.18,0.57,1.03
64.2,18.4,45.13,0.57,1.04
64.3,18.4,45.08,0.57,1.04
64.4,18.4,45.03,0.56,1.05
64.5,18.4,44.98,0.56,1.05
64.6,18.4,44.93,0.56,1.06
64.7,18.4,44.87,0.56,1.06
64.8,18.4,44.81,0.55,1.07
64.9,18.4,44.75,0.55,1.07
65,18.4,44.69,0.55,1.08
65.1,18.4,44.62,0.55,1.09
65.2,18.4,44.56,0.54,1.09
65.3,18.4,44.49,0.54,1.1
65.4,18.4,44.41,0.54,1.1
65.5,18.4,44.34,0.54,1.11
65.6,18.4,44.27,0.54,1.11
65.7,18.4,44.19,0.54,1.12
65.8,18.4,44.11,0.53,1.12
65.9,18.4,44.03,0.53,1.13
66,18.4,43.94,0.53,1.14
66.1,18.4,43.85,0.53,1.14
58,18.5,45.85,0.82,0.73
58.1,18.5,45.85,0.82,0.73
58.2,18.5,45.85,0.81,0.74
58.3,18.5,45.86,0.81,0.74
58.4,18.5,45.86,0.8,0.75
58.5,18.5,45.86,0.8,0.75
58.6,18.5,45.86,0.79,0.76
58.7,18.5,45.86,0.79,0.76
58.8,18.5,45.86,0.79,0.76
58.9,18.5,45.86,0.78,0.77
59,18.5,45.86,0.78,0.77
59.1,18.5,45.87,0.77,0.78
59.2,18.5,45.87,0.77,0.78
59.3,18.5,45.87,0.76,0.79
59.4,18.5,45.87,0.76,0.79
59.5,18.5,45.87,0.75,0.8
59.6,18.5,45.87,0.75,0.8
59.7,18.5,45.87,0.74,0.81
59.8,18.5,45.87,0.74,0.81
59.9,18.5,45.87,0.73,0.82
60,18.5,45.87,0.73,0.82
60.1,18.5,45.86,0.72,0.83
60.2,18.5,45.86,0.72,0.83
60.3,18.5,45.86,0.72,0.84
60.4,18.5,45.86,0.71,0.84
60.5,18.5,45.85,0.71,0.84
60.6,18.5,45.85,0.7,0.85
60.7,18.5,45.84,0.7,0.85
60.8,18.5,45.84,0.69,0.86
60.9,18.5,45.83,0.69,0.86
61,18.5,45.83,0.68,0.87
61.1,18.5,45.82,0.68,0.87
61.2,18.5,45.81,0.67,0.88
61.3,18.5,45.8,0.67,0.88
61.4,18.5,45.79,0.67,0.89
61.5,18.5,45.78,0.66,0.89
61.6,18.5,45.77,0.66,0.9
61.7,18.5,45.76,0.65,0.9
61.8,18.5,45.74,0.65,0.91
61.9,18.5,45.73,0.64,0.91
62,18.5,45.71,0.64,0.92
62.1,18.5,45.69,0.64,0.92
62.2,18.5,45.68,0.63,0.93
62.3,18.5,45.66,0.63,0.93
62.4,18.5,45.64,0.62,0.94
62.5,18.5,45.62,0.62,0.94
62.6,18.5,45.59,0.62,0.95
62.7,18.5,45.57,0.61,0.95
62.8,18.5,45.54,0.61,0.96
62.9,18.5,45.52,0.6,0.96
63,18.5,45.49,0.6,0.97
63.1,18.5,45.46,0.6,0.97
63.2,18.5,45.43,0.59,0.98
63.3,18.5,45.4,0.59,0.99
63.4,18.5,45.36,0.59,0.99
63.5,18.5,45.33,0.58,1
63.6,18.5,45.29,0.58,1
63.7,18.5,45.25,0.58,1.01
63.8,18.5,45.21,0.57,1.01
63.9,18.5,45.17,0.57,1.02
64,18.5,45.13,0.57,1.02
64.1,18.5,45.08,0.56,1.03
64.2,18.5,45.03,0.56,1.03
64.3,18.5,44.98,0.56,1.04
64.4,18.5,44.93,0.56,1.04
64.5,18.5,44.88,0.55,1.05
64.6,18.5,44.83,0.55,1.05
64.7,18.5,44.77,0.55,1.06
64.8,18.5,44.71,0.55,1.06
64.9,18.5,44.65,0.54,1.07
65,18.5,44.59,0.54,1.08
65.1,18.5,44.52,0.54,1.08
65.2,18.5,44.46,0.54,1.09
65.3,18.5,44.39,0.54,1.09
65.4,18.5,44.32,0.53,1.1
65.5,18.5,44.24,0.53,1.1
65.6,18.5,44.17,0.53,1.11
65.7,18.5,44.09,0.53,1.11
65.8,18.5,44.01,0.53,1.12
65.9,18.5,43.93,0.53,1.12
66,18.5,43.84,0.53,1.13
66.1,18.5,43.75,0.52,1.14
58,18.6,45.75,0.82,0.72
58.1,18.6,45.75,0.81,0.73
58.2,18.6,45.75,0.81,0.73
58.3,18.6,45.75,0.8,0.74
58.4,18.6,45.75,0.8,0.74
58.5,18.6,45.75,0.79,0.75
58.6,18.6,45.76,0.79,0.75
58.7,18.6,45.76,0.78,0.76
58.8,18.6,45.76,0.78,0.76
58.9,18.6,45.76,0.78,0.77
59,18.6,45.76,0.77,0.77
59.1,18.6,45.76,0.77,0.77
59.2,18.6,45.76,0.76,0.78
59.3,18.6,45.76,0.76,0.78
59.4,18.6,45.77,0.75,0.79
59.5,18.6,45.77,0.75,0.79
59.6,18.6,45.77,0.74,0.8
59.7,18.6,45.77,0.74,0.8
59.8,18.6,45.77,0.73,0.81
59.9,18.6,45.76,0.73,0.81
60,18.6,45.76,0.72,0.82
60.1,18.6,45.76,0.72,0.82
60.2,18.6,45.76,0.71,0.83
60.3,18.6,45.76,0.71,0.83
60.4,18.6,45.76,0.7,0.84
60.5,18.6,45.75,0.7,0.84
60.6,18.6,45.75,0.7,0.85
60.7,18.6,45.74,0.69,0.85
60.8,18.6,45.74,0.69,0.86
60.9,18.6,45.73,0.68,0.86
61,18.6,45.72,0.68,0.86
61.1,18.6,45.72,0.67,0.87
61.2,18.6,45.71,0.67,0.87
61.3,18.6,45.7,0.66,0.88
61.4,18.6,45.69,0.66,0.88
61.5,18.6,45.68,0.65,0.89
61.6,18.6,45.67,0.65,0.89
61.7,18.6,45.65,0.65,0.9
61.8,18.6,45.64,0.64,0.9
61.9,18.6,45.63,0.64,0.91
62,18.6,45.61,0.63,0.91
62.1,18.6,45.59,0.63,0.92
62.2,18.6,45.58,0.63,0.92
62.3,18.6,45.56,0.62,0.93
62.4,18.6,45.54,0.62,0.93
62.5,18.6,45.52,0.61,0.94
62.6,18.6,45.49,0.61,0.94
62.7,18.6,45.47,0.61,0.95
62.8,18.6,45.44,0.6,0.95
62.9,18.6,45.42,0.6,0.96
63,18.6,45.39,0.59,0.97
63.1,18.6,45.36,0.59,0.97
63.2,18.6,45.33,0.59,0.98
63.3,18.6,45.3,0.58,0.98
63.4,18.6,45.26,0.58,0.99
63.5,18.6,45.23,0.58,0.99
63.6,18.6,45.19,0.57,1
63.7,18.6,45.15,0.57,1
63.8,18.6,45.11,0.57,1.01
63.9,18.6,45.07,0.56,1.01
64,18.6,45.03,0.56,1.02
64.1,18.6,44.98,0.56,1.02
64.2,18.6,44.93,0.56,1.03
64.3,18.6,44.89,0.55,1.03
64.4,18.6,44.83,0.55,1.04
64.5,18.6,44.78,0.55,1.04
64.6,18.6,44.73,0.54,1.05
64.7,18.6,44.67,0.54,1.05
64.8,18.6,44.61,0.54,1.06
64.9,18.6,44.55,0.54,1.07
65,18.6,44.49,0.54,1.07
65.1,18.6,44.42,0.53,1.08
65.2,18.6,44.36,0.53,1.08
65.3,18.6,44.29,0.53,1.09
65.4,18.6,44.22,0.53,1.09
65.5,18.6,44.15,0.53,1.1
65.6,18.6,44.07,0.52,1.1
65.7,18.6,43.99,0.52,1.11
65.8,18.6,43.91,0.52,1.11
65.9,18.6,43.83,0.52,1.12
66,18.6,43.75,0.52,1.13
66.1,18.6,43.66,0.52,1.13
58,18.7,45.65,0.81,0.72
58.1,18.7,45.65,0.81,0.73
58.2,18.7,45.65,0.8,0.73
58.3,18.7,45.65,0.8,0.73
58.4,18.7,45.65,0.79,0.74
58.5,18.7,45.65,0.79,0.74
58.6,18.7,45.65,0.78,0.75
58.7,18.7,45.66,0.78,0.75
58.8,18.7,45.66,0.77,0.76
58.9,18.7,45.66,0.77,0.76
59,18.7,45.66,0.77,0.77
59.1,18.7,45.66,0.76,0.77
59.2,18.7,45.66,0.76,0.78
59.3,18.7,45.66,0.75,0.78
59.4,18.7,45.66,0.75,0.78
59.5,18.7,45.66,0.74,0.79
59.6,18.7,45.66,0.74,0.79
59.7,18.7,45.66,0.73,0.8
59.8,18.7,45.66,0.73,0.8
59.9,18.7,45.66,0.72,0.81
60,18.7,45.66,0.72,0.81
60.1,18.7,45.66,0.71,0.82
60.2,18.7,45.66,0.71,0.82
60.3,18.7,45.66,0.7,0.83
60.4,18.7,45.65,0.7,0.83
60.5,18.7,45.65,0.69,0.84
60.6,18.7,45.65,0.69,0.84
60.7,18.7,45.64,0.69,0.85
60.8,18.7,45.64,0.68,0.85
60.9,18.7,45.63,0.68,0.86
61,18.7,45.62,0.67,0.86
61.1,18.7,45.62,0.67,0.87
61.2,18.7,45.61,0.66,0.87
61.3,18.7,45.6,0.66,0.88
61.4,18.7,45.59,0.65,0.88
61.5,18.7,45.58,0.65,0.89
61.6,18.7,45.57,0.64,0.89
61.7,18.7,45.56,0.64,0.9
61.8,18.7,45.54,0.64,0.9
61.9,18.7,45.53,0.63,0.9
62,18.7,45.51,0.63,0.91
62.1,18.7,45.49,0.62,0.91
62.2,18.7,45.48,0.62,0.92
62.3,18.7,45.46,0.62,0.92
62.4,18.7,45.44,0.61,0.93
62.5,18.7,45.42,0.61,0.94
62.6,18.7,45.39,0.6,0.94
62.7,18.7,45.37,0.6,0.95
62.8,18.7,45.34,0.6,0.95
62.9,18.7,45.32,0.59,0.96
63,18.7,45.29,0.59,0.96
63.1,18.7,45.26,0.58,0.97
63.2,18.7,45.23,0.58,0.97
63.3,18.7,45.2,0.58,0.98
63.4,18.7,45.16,0.57,0.98
63.5,18.7,45.13,0.57,0.99
63.6,18.7,45.09,0.57,0.99
63.7,18.7,45.05,0.56,1
63.8,18.7,45.01,0.56,1
63.9,18.7,44.97,0.56,1.01
64,18.7,44.93,0.55,1.01
64.1,18.7,44.88,0.55,1.02
64.2,18.7,44.84,0.55,1.02
64.3,18.7,44.79,0.55,1.03
64.4,18.7,44.74,0.54,1.03
64.5,18.7,44.68,0.54,1.04
64.6,18.7,44.63,0.54,1.04
64.7,18.7,44.57,0.54,1.05
64.8,18.7,44.52,0.53,1.05
64.9,18.7,44.45,0.53,1.06
65,18.7,44.39,0.53,1.07
65.1,18.7,44.33,0.53,1.07
65.2,18.7,44.26,0.52,1.08
65.3,18.7,44.19,0.52,1.08
65.4,18.7,44.12,0.52,1.09
65.5,18.7,44.05,0.52,1.09
65.6,18.7,43.97,0.52,1.1
65.7,18.7,43.9,0.52,1.1
65.8,18.7,43.82,0.52,1.11
65.9,18.7,43.73,0.51,1.11
66,18.7,43.65,0.51,1.12
66.1,18.7,43.56,0.51,1.13
58,18.8,45.55,0.81,0.72
58.1,18.8,45.55,0.8,0.72
58.2,18.8,45.55,0.8,0.73
58.3,18.8,45.55,0.79,0.73
58.4,18.8,45.55,0.79,0.74
58.5,18.8,45.55,0.78,0.74
58.6,18.8,45.55,0.78,0.74
58.7,18.8,45.55,0.77,0.75
58.8,18.8,45.56,0.77,0.75
58.9,18.8,45.56,0.76,0.76
59,18.8,45.56,0.76,0.76
59.1,18.8,45.56,0.76,0.77
59.2,18.8,45.56,0.75,0.77
59.3,18.8,45.56,0.75,0.78
59.4,18.8,45.56,0.74,0.78
59.5,18.8,45.56,0.74,0.79
59.6,18.8,45.56,0.73,0.79
59.7,18.8,45.56,0.73,0.79
59.8,18.8,45.56,0.72,0.8
59.9,18.8,45.56,0.72,0.8
60,18.8,45.56,0.71,0.81
60.1,18.8,45.56,0.71,0.81
60.2,18.8,45.56,0.7,0.82
60.3,18.8,45.56,0.7,0.82
60.4,18.8,45.55,0.69,0.83
60.5,18.8,45.55,0.69,0.83
60.6,18.8,45.55,0.68,0.84
60.7,18.8,45.54,0.68,0.84
60.8,18.8,45.54,0.67,0.85
60.9,18.8,45.53,0.67,0.85
61,18.8,45.53,0.67,0.86
61.1,18.8,45.52,0.66,0.86
61.2,18.8,45.51,0.66,0.87
61.3,18.8,45.5,0.65,0.87
61.4,18.8,45.49,0.65,0.88
61.5,18.8,45.48,0.64,0.88
61.6,18.8,45.47,0.64,0.89
61.7,18.8,45.46,0.63,0.89
61.8,18.8,45.44,0.63,0.9
61.9,18.8,45.43,0.63,0.9
62,18.8,45.41,0.62,0.91
62.1,18.8,45.4,0.62,0.91
62.2,18.8,45.38,0.61,0.92
62.3,18.8,45.36,0.61,0.92
62.4,18.8,45.34,0.6,0.93
62.5,18.8,45.32,0.6,0.93
62.6,18.8,45.3,0.6,0.94
62.7,18.8,45.27,0.59,0.94
62.8,18.8,45.25,0.59,0.95
62.9,18.8,45.22,0.59,0.95
63,18.8,45.19,0.58,0.96
63.1,18.8,45.16,0.58,0.96
63.2,18.8,45.13,0.57,0.97
63.3,18.8,45.1,0.57,0.97
63.4,18.8,45.07,0.57,0.98
63.5,18.8,45.03,0.56,0.98
63.6,18.8,45,0.56,0.99
63.7,18.8,44.96,0.56,0.99
63.8,18.8,44.92,0.55,1
63.9,18.8,44.87,0.55,1
64,18.8,44.83,0.55,1.01
64.1,18.8,44.79,0.55,1.01
64.2,18.8,44.74,0.54,1.02
64.3,18.8,44.69,0.54,1.02
64.4,18.8,44.64,0.54,1.03
64.5,18.8,44.59,0.53,1.03
64.6,18.8,44.53,0.53,1.04
64.7,18.8,44.48,0.53,1.04
64.8,18.8,44.42,0.53,1.05
64.9,18.8,44.36,0.52,1.06
65,18.8,44.3,0.52,1.06
65.1,18.8,44.23,0.52,1.07
65.2,18.8,44.17,0.52,1.07
65.3,18.8,44.1,0.52,1.08
65.4,18.8,44.03,0.51,1.08
65.5,18.8,43.95,0.51,1.09
65.6,18.8,43.88,0.51,1.09
65.7,18.8,43.8,0.51,1.1
65.8,18.8,43.72,0.51,1.1
65.9,18.8,43.64,0.51,1.11
66,18.8,43.55,0.51,1.12
66.1,18.8,43.47,0.51,1.12
58,18.9,45.45,0.8,0.71
58.1,18.9,45.45,0.8,0.72
58.2,18.9,45.45,0.79,0.72
58.3,18.9,45.45,0.79,0.73
58.4,18.9,45.45,0.78,0.73
58.5,18.9,45.45,0.78,0.74
58.6,18.9,45.45,0.77,0.74
58.7,18.9,45.46,0.77,0.74
58.8,18.9,45.46,0.76,0.75
58.9,18.9,45.46,0.76,0.75
59,18.9,45.46,0.75,0.76
59.1,18.9,45.46,0.75,0.76
59.2,18.9,45.46,0.75,0.77
59.3,18.9,45.46,0.74,0.77
59.4,18.9,45.46,0.74,0.78
59.5,18.9,45.46,0.73,0.78
59.6,18.9,45.47,0.73,0.79
59.7,18.9,45.47,0.72,0.79
59.8,18.9,45.47,0.72,0.8
59.9,18.9,45.46,0.71,0.8
60,18.9,45.46,0.71,0.8
60.1,18.9,45.46,0.7,0.81
60.2,18.9,45.46,0.7,0.81
60.3,18.9,45.46,0.69,0.82
60.4,18.9,45.46,0.69,0.82
60.5,18.9,45.45,0.68,0.83
60.6,18.9,45.45,0.68,0.83
60.7,18.9,45.44,0.67,0.84
60.8,18.9,45.44,0.67,0.84
60.9,18.9,45.43,0.66,0.85
61,18.9,45.43,0.66,0.85
61.1,18.9,45.42,0.66,0.86
61.2,18.9,45.41,0.65,0.86
61.3,18.9,45.4,0.65,0.87
61.4,18.9,45.39,0.64,0.87
61.5,18.9,45.38,0.64,0.88
61.6,18.9,45.37,0.63,0.88
61.7,18.9,45.36,0.63,0.89
61.8,18.9,45.35,0.62,0.89
61.9,18.9,45.33,0.62,0.9
62,18.9,45.32,0.62,0.9
62.1,18.9,45.3,0.61,0.91
62.2,18.9,45.28,0.61,0.91
62.3,18.9,45.26,0.6,0.92
62.4,18.9,45.24,0.6,0.92
62.5,18.9,45.22,0.59,0.93
62.6,18.9,45.2,0.59,0.93
62.7,18.9,45.17,0.59,0.94
62.8,18.9,45.15,0.58,0.94
62.9,18.9,45.12,0.58,0.95
63,18.9,45.1,0.58,0.95
63.1,18.9,45.07,0.57,0.96
63.2,18.9,45.04,0.57,0.96
63.3,18.9,45,0.56,0.97
63.4,18.9,44.97,0.56,0.97
63.5,18.9,44.94,0.56,0.98
63.6,18.9,44.9,0.55,0.98
63.7,18.9,44.86,0.55,0.99
63.8,18.9,44.82,0.55,0.99
63.9,18.9,44.78,0.55,1
64,18.9,44.74,0.54,1
64.1,18.9,44.69,0.54,1.01
64.2,18.9,44.64,0.54,1.01
64.3,18.9,44.6,0.53,1.02
64.4,18.9,44.54,0.53,1.02
64.5,18.9,44.49,0.53,1.03
64.6,18.9,44.44,0.53,1.03
64.7,18.9,44.38,0.52,1.04
64.8,18.9,44.32,0.52,1.05
64.9,18.9,44.26,0.52,1.05
65,18.9,44.2,0.52,1.06
65.1,18.9,44.14,0.51,1.06
65.2,18.9,44.07,0.51,1.07
65.3,18.9,44,0.51,1.07
65.4,18.9,43.93,0.51,1.08
65.5,18.9,43.86,0.51,1.08
65.6,18.9,43.78,0.51,1.09
65.7,18.9,43.71,0.5,1.09
65.8,18.9,43.63,0.5,1.1
65.9,18.9,43.54,0.5,1.1
66,18.9,43.46,0.5,1.11
66.1,18.9,43.37,0.5,1.12
58,19,45.35,0.8,0.71
58.1,19,45.35,0.79,0.71
58.2,19,45.35,0.79,0.72
58.3,19,45.35,0.78,0.72
58.4,19,45.35,0.78,0.73
58.5,19,45.35,0.77,0.73
58.6,19,45.36,0.77,0.74
58.7,19,45.36,0.76,0.74
58.8,19,45.36,0.76,0.75
58.9,19,45.36,0.75,0.75
59,19,45.36,0.75,0.75
59.1,19,45.36,0.74,0.76
59.2,19,45.36,0.74,0.76
59.3,19,45.37,0.74,0.77
59.4,19,45.37,0.73,0.77
59.5,19,45.37,0.73,0.78
59.6,19,45.37,0.72,0.78
59.7,19,45.37,0.72,0.79
59.8,19,45.37,0.71,0.79
59.9,19,45.37,0.71,0.8
60,19,45.37,0.7,0.8
60.1,19,45.36,0.7,0.81
60.2,19,45.36,0.69,0.81
60.3,19,45.36,0.69,0.81
60.4,19,45.36,0.68,0.82
60.5,19,45.36,0.68,0.82
60.6,19,45.35,0.67,0.83
60.7,19,45.35,0.67,0.83
60.8,19,45.34,0.66,0.84
60.9,19,45.34,0.66,0.84
61,19,45.33,0.65,0.85
61.1,19,45.32,0.65,0.85
61.2,19,45.31,0.65,0.86
61.3,19,45.31,0.64,0.86
61.4,19,45.3,0.64,0.87
61.5,19,45.29,0.63,0.87
61.6,19,45.27,0.63,0.88
61.7,19,45.26,0.62,0.88
61.8,19,45.25,0.62,0.89
61.9,19,45.23,0.61,0.89
62,19,45.22,0.61,0.9
62.1,19,45.2,0.61,0.9
62.2,19,45.18,0.6,0.91
62.3,19,45.17,0.6,0.91
62.4,19,45.15,0.59,0.92
62.5,19,45.12,0.59,0.92
62.6,19,45.1,0.58,0.93
62.7,19,45.08,0.58,0.93
62.8,19,45.05,0.58,0.94
62.9,19,45.03,0.57,0.94
63,19,45,0.57,0.95
63.1,19,44.97,0.57,0.95
63.2,19,44.94,0.56,0.96
63.3,19,44.91,0.56,0.96
63.4,19,44.88,0.56,0.97
63.5,19,44.84,0.55,0.97
63.6,19,44.8,0.55,0.98
63.7,19,44.77,0.55,0.98
63.8,19,44.73,0.54,0.99
63.9,19,44.68,0.54,0.99
64,19,44.64,0.54,1
64.1,19,44.6,0.53,1
64.2,19,44.55,0.53,1.01
64.3,19,44.5,0.53,1.01
64.4,19,44.45,0.52,1.02
64.5,19,44.4,0.52,1.02
64.6,19,44.34,0.52,1.03
64.7,19,44.29,0.52,1.04
64.8,19,44.23,0.51,1.04
64.9,19,44.17,0.51,1.05
65,19,44.11,0.51,1.05
65.1,19,44.04,0.51,1.06
65.2,19,43.98,0.51,1.06
65.3,19,43.91,0.5,1.07
65.4,19,43.84,0.5,1.07
65.5,19,43.77,0.5,1.08
65.6,19,43.69,0.5,1.08
65.7,19,43.61,0.5,1.09
65.8,19,43.53,0.5,1.09
65.9,19,43.45,0.49,1.1
66,19,43.37,0.49,1.11
66.1,19,43.28,0.49,1.11
58,19.1,45.25,0.79,0.71
58.1,19.1,45.25,0.79,0.71
58.2,19.1,45.25,0.78,0.72
58.3,19.1,45.25,0.78,0.72
58.4,19.1,45.25,0.77,0.72
58.5,19.1,45.26,0.77,0.73
58.6,19.1,45.26,0.76,0.73
58.7,19.1,45.26,0.76,0.74
58.8,19.1,45.26,0.75,0.74
58.9,19.1,45.26,0.75,0.75
59,19.1,45.26,0.74,0.75
59.1,19.1,45.27,0.74,0.76
59.2,19.1,45.27,0.73,0.76
59.3,19.1,45.27,0.73,0.76
59.4,19.1,45.27,0.72,0.77
59.5,19.1,45.27,0.72,0.77
59.6,19.1,45.27,0.72,0.78
59.7,19.1,45.27,0.71,0.78
59.8,19.1,45.27,0.71,0.79
59.9,19.1,45.27,0.7,0.79
60,19.1,45.27,0.7,0.8
60.1,19.1,45.27,0.69,0.8
60.2,19.1,45.27,0.69,0.81
60.3,19.1,45.26,0.68,0.81
60.4,19.1,45.26,0.68,0.82
60.5,19.1,45.26,0.67,0.82
60.6,19.1,45.25,0.67,0.83
60.7,19.1,45.25,0.66,0.83
60.8,19.1,45.25,0.66,0.83
60.9,19.1,45.24,0.65,0.84
61,19.1,45.23,0.65,0.84
61.1,19.1,45.23,0.64,0.85
61.2,19.1,45.22,0.64,0.85
61.3,19.1,45.21,0.63,0.86
61.4,19.1,45.2,0.63,0.86
61.5,19.1,45.19,0.63,0.87
61.6,19.1,45.18,0.62,0.87
61.7,19.1,45.17,0.62,0.88
61.8,19.1,45.15,0.61,0.88
61.9,19.1,45.14,0.61,0.89
62,19.1,45.12,0.6,0.89
62.1,19.1,45.11,0.6,0.9
62.2,19.1,45.09,0.6,0.9
62.3,19.1,45.07,0.59,0.91
62.4,19.1,45.05,0.59,0.91
62.5,19.1,45.03,0.58,0.92
62.6,19.1,45.01,0.58,0.92
62.7,19.1,44.98,0.58,0.93
62.8,19.1,44.96,0.57,0.93
62.9,19.1,44.93,0.57,0.94
63,19.1,44.91,0.56,0.94
63.1,19.1,44.88,0.56,0.95
63.2,19.1,44.85,0.56,0.95
63.3,19.1,44.81,0.55,0.96
63.4,19.1,44.78,0.55,0.96
63.5,19.1,44.75,0.55,0.97
63.6,19.1,44.71,0.54,0.97
63.7,19.1,44.67,0.54,0.98
63.8,19.1,44.63,0.54,0.98
63.9,19.1,44.59,0.53,0.99
64,19.1,44.55,0.53,0.99
64.1,19.1,44.5,0.53,1
64.2,19.1,44.46,0.52,1
64.3,19.1,44.41,0.52,1.01
64.4,19.1,44.36,0.52,1.01
64.5,19.1,44.3,0.52,1.02
64.6,19.1,44.25,0.51,1.03
64.7,19.1,44.19,0.51,1.03
64.8,19.1,44.14,0.51,1.04
64.9,19.1,44.08,0.51,1.04
65,19.1,44.02,0.5,1.05
65.1,19.1,43.95,0.5,1.05
65.2,19.1,43.88,0.5,1.06
65.3,19.1,43.82,0.5,1.06
65.4,19.1,43.75,0.5,1.07
65.5,19.1,43.67,0.49,1.07
65.6,19.1,43.6,0.49,1.08
65.7,19.1,43.52,0.49,1.08
65.8,19.1,43.44,0.49,1.09
65.9,19.1,43.36,0.49,1.09
66,19.1,43.28,0.49,1.1
66.1,19.1,43.19,0.49,1.11
58,19.2,45.15,0.79,0.7
58.1,19.2,45.15,0.78,0.71
58.2,19.2,45.16,0.78,0.71
58.3,19.2,45.16,0.77,0.72
58.4,19.2,45.16,0.77,0.72
58.5,19.2,45.16,0.76,0.72
58.6,19.2,45.16,0.76,0.73
58.7,19.2,45.16,0.75,0.73
58.8,19.2,45.16,0.75,0.74
58.9,19.2,45.17,0.74,0.74
59,19.2,45.17,0.74,0.75
59.1,19.2,45.17,0.73,0.75
59.2,19.2,45.17,0.73,0.76
59.3,19.2,45.17,0.72,0.76
59.4,19.2,45.17,0.72,0.77
59.5,19.2,45.17,0.71,0.77
59.6,19.2,45.17,0.71,0.77
59.7,19.2,45.17,0.71,0.78
59.8,19.2,45.17,0.7,0.78
59.9,19.2,45.17,0.7,0.79
60,19.2,45.17,0.69,0.79
60.1,19.2,45.17,0.69,0.8
60.2,19.2,45.17,0.68,0.8
60.3,19.2,45.17,0.68,0.81
60.4,19.2,45.17,0.67,0.81
60.5,19.2,45.16,0.67,0.82
60.6,19.2,45.16,0.66,0.82
60.7,19.2,45.16,0.66,0.83
60.8,19.2,45.15,0.65,0.83
60.9,19.2,45.14,0.65,0.84
61,19.2,45.14,0.64,0.84
61.1,19.2,45.13,0.64,0.85
61.2,19.2,45.12,0.63,0.85
61.3,19.2,45.11,0.63,0.85
61.4,19.2,45.11,0.62,0.86
61.5,19.2,45.1,0.62,0.86
61.6,19.2,45.08,0.62,0.87
61.7,19.2,45.07,0.61,0.87
61.8,19.2,45.06,0.61,0.88
61.9,19.2,45.04,0.6,0.88
62,19.2,45.03,0.6,0.89
62.1,19.2,45.01,0.59,0.89
62.2,19.2,45,0.59,0.9
62.3,19.2,44.98,0.59,0.9
62.4,19.2,44.96,0.58,0.91
62.5,19.2,44.94,0.58,0.91
62.6,19.2,44.91,0.57,0.92
62.7,19.2,44.89,0.57,0.92
62.8,19.2,44.87,0.57,0.93
62.9,19.2,44.84,0.56,0.93
63,19.2,44.81,0.56,0.94
63.1,19.2,44.78,0.55,0.94
63.2,19.2,44.75,0.55,0.95
63.3,19.2,44.72,0.55,0.95
63.4,19.2,44.69,0.54,0.96
63.5,19.2,44.65,0.54,0.96
63.6,19.2,44.62,0.54,0.97
63.7,19.2,44.58,0.53,0.97
63.8,19.2,44.54,0.53,0.98
63.9,19.2,44.5,0.53,0.98
64,19.2,44.45,0.52,0.99
64.1,19.2,44.41,0.52,0.99
64.2,19.2,44.36,0.52,1
64.3,19.2,44.32,0.52,1
64.4,19.2,44.26,0.51,1.01
64.5,19.2,44.21,0.51,1.02
64.6,19.2,44.16,0.51,1.02
64.7,19.2,44.1,0.5,1.03
64.8,19.2,44.05,0.5,1.03
64.9,19.2,43.99,0.5,1.04
65,19.2,43.92,0.5,1.04
65.1,19.2,43.86,0.5,1.05
65.2,19.2,43.79,0.49,1.05
65.3,19.2,43.73,0.49,1.06
65.4,19.2,43.65,0.49,1.06
65.5,19.2,43.58,0.49,1.07
65.6,19.2,43.51,0.49,1.07
65.7,19.2,43.43,0.49,1.08
65.8,19.2,43.35,0.48,1.08
65.9,19.2,43.27,0.48,1.09
66,19.2,43.19,0.48,1.1
66.1,19.2,43.1,0.48,1.1
58,19.3,45.06,0.78,0.7
58.1,19.3,45.06,0.78,0.7
58.2,19.3,45.06,0.77,0.71
58.3,19.3,45.06,0.77,0.71
58.4,19.3,45.06,0.76,0.72
58.5,19.3,45.06,0.76,0.72
58.6,19.3,45.07,0.75,0.73
58.7,19.3,45.07,0.75,0.73
58.8,19.3,45.07,0.74,0.73
58.9,19.3,45.07,0.74,0.74
59,19.3,45.07,0.73,0.74
59.1,19.3,45.07,0.73,0.75
59.2,19.3,45.08,0.72,0.75
59.3,19.3,45.08,0.72,0.76
59.4,19.3,45.08,0.71,0.76
59.5,19.3,45.08,0.71,0.77
59.6,19.3,45.08,0.7,0.77
59.7,19.3,45.08,0.7,0.78
59.8,19.3,45.08,0.69,0.78
59.9,19.3,45.08,0.69,0.78
60,19.3,45.08,0.69,0.79
60.1,19.3,45.08,0.68,0.79
60.2,19.3,45.08,0.68,0.8
60.3,19.3,45.07,0.67,0.8
60.4,19.3,45.07,0.67,0.81
60.5,19.3,45.07,0.66,0.81
60.6,19.3,45.07,0.66,0.82
60.7,19.3,45.06,0.65,0.82
60.8,19.3,45.06,0.65,0.83
60.9,19.3,45.05,0.64,0.83
61,19.3,45.04,0.64,0.84
61.1,19.3,45.04,0.63,0.84
61.2,19.3,45.03,0.63,0.85
61.3,19.3,45.02,0.62,0.85
61.4,19.3,45.01,0.62,0.86
61.5,19.3,45,0.61,0.86
61.6,19.3,44.99,0.61,0.87
61.7,19.3,44.98,0.61,0.87
61.8,19.3,44.96,0.6,0.87
61.9,19.3,44.95,0.6,0.88
62,19.3,44.94,0.59,0.88
62.1,19.3,44.92,0.59,0.89
62.2,19.3,44.9,0.58,0.89
62.3,19.3,44.88,0.58,0.9
62.4,19.3,44.86,0.58,0.9
62.5,19.3,44.84,0.57,0.91
62.6,19.3,44.82,0.57,0.91
62.7,19.3,44.8,0.56,0.92
62.8,19.3,44.77,0.56,0.92
62.9,19.3,44.75,0.56,0.93
63,19.3,44.72,0.55,0.93
63.1,19.3,44.69,0.55,0.94
63.2,19.3,44.66,0.54,0.94
63.3,19.3,44.63,0.54,0.95
63.4,19.3,44.6,0.54,0.95
63.5,19.3,44.56,0.53,0.96
63.6,19.3,44.52,0.53,0.96
63.7,19.3,44.49,0.53,0.97
63.8,19.3,44.45,0.52,0.97
63.9,19.3,44.41,0.52,0.98
64,19.3,44.36,0.52,0.98
64.1,19.3,44.32,0.51,0.99
64.2,19.3,44.27,0.51,1
64.3,19.3,44.22,0.51,1
64.4,19.3,44.17,0.51,1.01
64.5,19.3,44.12,0.5,1.01
64.6,19.3,44.07,0.5,1.02
64.7,19.3,44.01,0.5,1.02
64.8,19.3,43.95,0.5,1.03
64.9,19.3,43.89,0.49,1.03
65,19.3,43.83,0.49,1.04
65.1,19.3,43.77,0.49,1.04
65.2,19.3,43.7,0.49,1.05
65.3,19.3,43.63,0.49,1.05
65.4,19.3,43.56,0.48,1.06
65.5,19.3,43.49,0.48,1.06
65.6,19.3,43.42,0.48,1.07
65.7,19.3,43.34,0.48,1.07
65.8,19.3,43.26,0.48,1.08
65.9,19.3,43.18,0.48,1.09
66,19.3,43.1,0.48,1.09
66.1,19.3,43.01,0.47,1.1
58,19.4,44.96,0.78,0.7
58.1,19.4,44.96,0.77,0.7
58.2,19.4,44.97,0.77,0.7
58.3,19.4,44.97,0.76,0.71
58.4,19.4,44.97,0.76,0.71
58.5,19.4,44.97,0.75,0.72
58.6,19.4,44.97,0.75,0.72
58.7,19.4,44.97,0.74,0.73
58.8,19.4,44.98,0.74,0.73
58.9,19.4,44.98,0.73,0.74
59,19.4,44.98,0.73,0.74
59.1,19.4,44.98,0.72,0.74
59.2,19.4,44.98,0.72,0.75
59.3,19.4,44.98,0.71,0.75
59.4,19.4,44.98,0.71,0.76
59.5,19.4,44.99,0.7,0.76
59.6,19.4,44.99,0.7,0.77
59.7,19.4,44.99,0.69,0.77
59.8,19.4,44.99,0.69,0.78
59.9,19.4,44.99,0.68,0.78
60,19.4,44.99,0.68,0.79
60.1,19.4,44.98,0.67,0.79
60.2,19.4,44.98,0.67,0.79
60.3,19.4,44.98,0.67,0.8
60.4,19.4,44.98,0.66,0.8
60.5,19.4,44.98,0.66,0.81
60.6,19.4,44.97,0.65,0.81
60.7,19.4,44.97,0.65,0.82
60.8,19.4,44.96,0.64,0.82
60.9,19.4,44.96,0.64,0.83
61,19.4,44.95,0.63,0.83
61.1,19.4,44.94,0.63,0.84
61.2,19.4,44.94,0.62,0.84
61.3,19.4,44.93,0.62,0.85
61.4,19.4,44.92,0.61,0.85
61.5,19.4,44.91,0.61,0.86
61.6,19.4,44.9,0.6,0.86
61.7,19.4,44.89,0.6,0.87
61.8,19.4,44.87,0.6,0.87
61.9,19.4,44.86,0.59,0.88
62,19.4,44.84,0.59,0.88
62.1,19.4,44.83,0.58,0.89
62.2,19.4,44.81,0.58,0.89
62.3,19.4,44.79,0.57,0.9
62.4,19.4,44.77,0.57,0.9
62.5,19.4,44.75,0.57,0.9
62.6,19.4,44.73,0.56,0.91
62.7,19.4,44.71,0.56,0.91
62.8,19.4,44.68,0.55,0.92
62.9,19.4,44.66,0.55,0.92
63,19.4,44.63,0.55,0.93
63.1,19.4,44.6,0.54,0.93
63.2,19.4,44.57,0.54,0.94
63.3,19.4,44.54,0.54,0.94
63.4,19.4,44.5,0.53,0.95
63.5,19.4,44.47,0.53,0.95
63.6,19.4,44.43,0.52,0.96
63.7,19.4,44.4,0.52,0.97
63.8,19.4,44.36,0.52,0.97
63.9,19.4,44.32,0.52,0.98
64,19.4,44.27,0.51,0.98
64.1,19.4,44.23,0.51,0.99
64.2,19.4,44.18,0.51,0.99
64.3,19.4,44.13,0.5,1
64.4,19.4,44.08,0.5,1
64.5,19.4,44.03,0.5,1.01
64.6,19.4,43.98,0.5,1.01
64.7,19.4,43.92,0.49,1.02
64.8,19.4,43.86,0.49,1.02
64.9,19.4,43.8,0.49,1.03
65,19.4,43.74,0.49,1.03
65.1,19.4,43.68,0.48,1.04
65.2,19.4,43.61,0.48,1.04
65.3,19.4,43.55,0.48,1.05
65.4,19.4,43.48,0.48,1.05
65.5,19.4,43.4,0.48,1.06
65.6,19.4,43.33,0.47,1.06
65.7,19.4,43.25,0.47,1.07
65.8,19.4,43.17,0.47,1.08
65.9,19.4,43.09,0.47,1.08
66,19.4,43.01,0.47,1.09
66.1,19.4,42.92,0.47,1.09
58,19.5,44.87,0.77,0.69
58.1,19.5,44.87,0.77,0.7
58.2,19.5,44.87,0.76,0.7
58.3,19.5,44.87,0.76,0.71
58.4,19.5,44.88,0.75,0.71
58.5,19.5,44.88,0.75,0.71
58.6,19.5,44.88,0.74,0.72
58.7,19.5,44.88,0.74,0.72
58.8,19.5,44.88,0.73,0.73
58.9,19.5,44.88,0.73,0.73
59,19.5,44.89,0.72,0.74
59.1,19.5,44.89,0.72,0.74
59.2,19.5,44.89,0.71,0.75
59.3,19.5,44.89,0.71,0.75
59.4,19.5,44.89,0.7,0.75
59.5,19.5,44.89,0.7,0.76
59.6,19.5,44.89,0.69,0.76
59.7,19.5,44.89,0.69,0.77
59.8,19.5,44.89,0.68,0.77
59.9,19.5,44.89,0.68,0.78
60,19.5,44.89,0.67,0.78
60.1,19.5,44.89,0.67,0.79
60.2,19.5,44.89,0.66,0.79
60.3,19.5,44.89,0.66,0.8
60.4,19.5,44.89,0.66,0.8
60.5,19.5,44.88,0.65,0.81
60.6,19.5,44.88,0.65,0.81
60.7,19.5,44.88,0.64,0.81
60.8,19.5,44.87,0.64,0.82
60.9,19.5,44.87,0.63,0.82
61,19.5,44.86,0.63,0.83
61.1,19.5,44.85,0.62,0.83
61.2,19.5,44.85,0.62,0.84
61.3,19.5,44.84,0.61,0.84
61.4,19.5,44.83,0.61,0.85
61.5,19.5,44.82,0.6,0.85
61.6,19.5,44.81,0.6,0.86
61.7,19.5,44.79,0.59,0.86
61.8,19.5,44.78,0.59,0.87
61.9,19.5,44.77,0.59,0.87
62,19.5,44.75,0.58,0.88
62.1,19.5,44.74,0.58,0.88
62.2,19.5,44.72,0.57,0.89
62.3,19.5,44.7,0.57,0.89
62.4,19.5,44.68,0.56,0.9
62.5,19.5,44.66,0.56,0.9
62.6,19.5,44.64,0.56,0.91
62.7,19.5,44.62,0.55,0.91
62.8,19.5,44.59,0.55,0.92
62.9,19.5,44.57,0.54,0.92
63,19.5,44.54,0.54,0.93
63.1,19.5,44.51,0.54,0.93
63.2,19.5,44.48,0.53,0.94
63.3,19.5,44.45,0.53,0.94
63.4,19.5,44.41,0.53,0.95
63.5,19.5,44.38,0.52,0.95
63.6,19.5,44.34,0.52,0.96
63.7,19.5,44.31,0.52,0.96
63.8,19.5,44.27,0.51,0.97
63.9,19.5,44.23,0.51,0.97
64,19.5,44.18,0.51,0.98
64.1,19.5,44.14,0.5,0.98
64.2,19.5,44.09,0.5,0.99
64.3,19.5,44.04,0.5,0.99
64.4,19.5,43.99,0.49,1
64.5,19.5,43.94,0.49,1
64.6,19.5,43.89,0.49,1.01
64.7,19.5,43.83,0.49,1.01
64.8,19.5,43.78,0.48,1.02
64.9,19.5,43.72,0.48,1.02
65,19.5,43.65,0.48,1.03
65.1,19.5,43.59,0.48,1.03
65.2,19.5,43.53,0.48,1.04
65.3,19.5,43.46,0.47,1.04
65.4,19.5,43.39,0.47,1.05
65.5,19.5,43.32,0.47,1.05
65.6,19.5,43.24,0.47,1.06
65.7,19.5,43.16,0.47,1.06
65.8,19.5,43.08,0.47,1.07
65.9,19.5,43,0.46,1.08
66,19.5,42.92,0.46,1.08
66.1,19.5,42.83,0.46,1.09
58,19.6,44.78,0.77,0.69
58.1,19.6,44.78,0.76,0.69
58.2,19.6,44.78,0.76,0.7
58.3,19.6,44.78,0.75,0.7
58.4,19.6,44.78,0.75,0.71
58.5,19.6,44.78,0.74,0.71
58.6,19.6,44.79,0.74,0.72
58.7,19.6,44.79,0.73,0.72
58.8,19.6,44.79,0.73,0.72
58.9,19.6,44.79,0.72,0.73
59,19.6,44.79,0.72,0.73
59.1,19.6,44.8,0.71,0.74
59.2,19.6,44.8,0.71,0.74
59.3,19.6,44.8,0.7,0.75
59.4,19.6,44.8,0.7,0.75
59.5,19.6,44.8,0.69,0.76
59.6,19.6,44.8,0.69,0.76
59.7,19.6,44.8,0.68,0.76
59.8,19.6,44.8,0.68,0.77
59.9,19.6,44.8,0.67,0.77
60,19.6,44.8,0.67,0.78
60.1,19.6,44.8,0.66,0.78
60.2,19.6,44.8,0.66,0.79
60.3,19.6,44.8,0.65,0.79
60.4,19.6,44.8,0.65,0.8
60.5,19.6,44.79,0.64,0.8
60.6,19.6,44.79,0.64,0.81
60.7,19.6,44.78,0.64,0.81
60.8,19.6,44.78,0.63,0.82
60.9,19.6,44.77,0.63,0.82
61,19.6,44.77,0.62,0.82
61.1,19.6,44.76,0.62,0.83
61.2,19.6,44.75,0.61,0.83
61.3,19.6,44.75,0.61,0.84
61.4,19.6,44.74,0.6,0.84
61.5,19.6,44.73,0.6,0.85
61.6,19.6,44.72,0.59,0.85
61.7,19.6,44.7,0.59,0.86
61.8,19.6,44.69,0.58,0.86
61.9,19.6,44.68,0.58,0.87
62,19.6,44.66,0.58,0.87
62.1,19.6,44.65,0.57,0.88
62.2,19.6,44.63,0.57,0.88
62.3,19.6,44.61,0.56,0.89
62.4,19.6,44.59,0.56,0.89
62.5,19.6,44.57,0.55,0.9
62.6,19.6,44.55,0.55,0.9
62.7,19.6,44.53,0.55,0.91
62.8,19.6,44.5,0.54,0.91
62.9,19.6,44.48,0.54,0.92
63,19.6,44.45,0.53,0.92
63.1,19.6,44.42,0.53,0.93
63.2,19.6,44.39,0.53,0.93
63.3,19.6,44.36,0.52,0.94
63.4,19.6,44.33,0.52,0.94
63.5,19.6,44.29,0.52,0.95
63.6,19.6,44.26,0.51,0.95
63.7,19.6,44.22,0.51,0.96
63.8,19.6,44.18,0.51,0.96
63.9,19.6,44.14,0.5,0.97
64,19.6,44.09,0.5,0.97
64.1,19.6,44.05,0.5,0.98
64.2,19.6,44,0.49,0.98
64.3,19.6,43.96,0.49,0.99
64.4,19.6,43.91,0.49,0.99
64.5,19.6,43.85,0.49,1
64.6,19.6,43.8,0.48,1
64.7,19.6,43.75,0.48,1.01
64.8,19.6,43.69,0.48,1.01
64.9,19.6,43.63,0.48,1.02
65,19.6,43.57,0.47,1.02
65.1,19.6,43.5,0.47,1.03
65.2,19.6,43.44,0.47,1.03
65.3,19.6,43.37,0.47,1.04
65.4,19.6,43.3,0.47,1.04
65.5,19.6,43.23,0.46,1.05
65.6,19.6,43.15,0.46,1.05
65.7,19.6,43.08,0.46,1.06
65.8,19.6,43,0.46,1.07
65.9,19.6,42.92,0.46,1.07
66,19.6,42.83,0.46,1.08
66.1,19.6,42.75,0.46,1.08
58,19.7,44.69,0.76,0.69
58.1,19.7,44.69,0.76,0.69
58.2,19.7,44.69,0.75,0.69
58.3,19.7,44.69,0.75,0.7
58.4,19.7,44.69,0.74,0.7
58.5,19.7,44.69,0.74,0.71
58.6,19.7,44.7,0.73,0.71
58.7,19.7,44.7,0.73,0.72
58.8,19.7,44.7,0.72,0.72
58.9,19.7,44.7,0.72,0.73
59,19.7,44.7,0.71,0.73
59.1,19.7,44.7,0.71,0.73
59.2,19.7,44.71,0.7,0.74
59.3,19.7,44.71,0.7,0.74
59.4,19.7,44.71,0.69,0.75
59.5,19.7,44.71,0.69,0.75
59.6,19.7,44.71,0.68,0.76
59.7,19.7,44.71,0.68,0.76
59.8,19.7,44.71,0.67,0.77
59.9,19.7,44.71,0.67,0.77
60,19.7,44.71,0.66,0.77
60.1,19.7,44.71,0.66,0.78
60.2,19.7,44.71,0.65,0.78
60.3,19.7,44.71,0.65,0.79
60.4,19.7,44.71,0.64,0.79
60.5,19.7,44.7,0.64,0.8
60.6,19.7,44.7,0.63,0.8
60.7,19.7,44.69,0.63,0.81
60.8,19.7,44.69,0.63,0.81
60.9,19.7,44.69,0.62,0.82
61,19.7,44.68,0.62,0.82
61.1,19.7,44.67,0.61,0.83
61.2,19.7,44.66,0.61,0.83
61.3,19.7,44.66,0.6,0.83
61.4,19.7,44.65,0.6,0.84
61.5,19.7,44.64,0.59,0.84
61.6,19.7,44.63,0.59,0.85
61.7,19.7,44.61,0.58,0.85
61.8,19.7,44.6,0.58,0.86
61.9,19.7,44.59,0.57,0.86
62,19.7,44.57,0.57,0.87
62.1,19.7,44.56,0.57,0.87
62.2,19.7,44.54,0.56,0.88
62.3,19.7,44.52,0.56,0.88
62.4,19.7,44.5,0.55,0.89
62.5,19.7,44.48,0.55,0.89
62.6,19.7,44.46,0.54,0.9
62.7,19.7,44.44,0.54,0.9
62.8,19.7,44.41,0.54,0.91
62.9,19.7,44.39,0.53,0.91
63,19.7,44.36,0.53,0.92
63.1,19.7,44.33,0.53,0.92
63.2,19.7,44.3,0.52,0.93
63.3,19.7,44.27,0.52,0.93
63.4,19.7,44.24,0.51,0.94
63.5,19.7,44.2,0.51,0.94
63.6,19.7,44.17,0.51,0.95
63.7,19.7,44.13,0.5,0.95
63.8,19.7,44.09,0.5,0.96
63.9,19.7,44.05,0.5,0.96
64,19.7,44.01,0.49,0.97
64.1,19.7,43.96,0.49,0.97
64.2,19.7,43.92,0.49,0.98
64.3,19.7,43.87,0.49,0.98
64.4,19.7,43.82,0.48,0.99
64.5,19.7,43.77,0.48,0.99
64.6,19.7,43.71,0.48,1
64.7,19.7,43.66,0.48,1
64.8,19.7,43.6,0.47,1.01
64.9,19.7,43.54,0.47,1.01
65,19.7,43.48,0.47,1.02
65.1,19.7,43.42,0.47,1.02
65.2,19.7,43.35,0.46,1.03
65.3,19.7,43.28,0.46,1.03
65.4,19.7,43.21,0.46,1.04
65.5,19.7,43.14,0.46,1.05
65.6,19.7,43.07,0.46,1.05
65.7,19.7,42.99,0.46,1.06
65.8,19.7,42.91,0.45,1.06
65.9,19.7,42.83,0.45,1.07
66,19.7,42.75,0.45,1.07
66.1,19.7,42.66,0.45,1.08
58,19.8,44.6,0.76,0.68
58.1,19.8,44.6,0.75,0.69
58.2,19.8,44.6,0.75,0.69
58.3,19.8,44.6,0.74,0.7
58.4,19.8,44.6,0.74,0.7
58.5,19.8,44.6,0.73,0.7
58.6,19.8,44.61,0.73,0.71
58.7,19.8,44.61,0.72,0.71
58.8,19.8,44.61,0.72,0.72
58.9,19.8,44.61,0.71,0.72
59,19.8,44.61,0.71,0.73
59.1,19.8,44.61,0.7,0.73
59.2,19.8,44.62,0.7,0.74
59.3,19.8,44.62,0.69,0.74
59.4,19.8,44.62,0.69,0.74
59.5,19.8,44.62,0.68,0.75
59.6,19.8,44.62,0.68,0.75
59.7,19.8,44.62,0.67,0.76
59.8,19.8,44.62,0.67,0.76
59.9,19.8,44.62,0.66,0.77
60,19.8,44.62,0.66,0.77
60.1,19.8,44.62,0.65,0.78
60.2,19.8,44.62,0.65,0.78
60.3,19.8,44.62,0.64,0.78
60.4,19.8,44.62,0.64,0.79
60.5,19.8,44.61,0.63,0.79
60.6,19.8,44.61,0.63,0.8
60.7,19.8,44.61,0.62,0.8
60.8,19.8,44.6,0.62,0.81
60.9,19.8,44.6,0.62,0.81
61,19.8,44.59,0.61,0.82
61.1,19.8,44.58,0.61,0.82
61.2,19.8,44.58,0.6,0.83
61.3,19.8,44.57,0.6,0.83
61.4,19.8,44.56,0.59,0.84
61.5,19.8,44.55,0.59,0.84
61.6,19.8,44.54,0.58,0.85
61.7,19.8,44.53,0.58,0.85
61.8,19.8,44.51,0.57,0.85
61.9,19.8,44.5,0.57,0.86
62,19.8,44.49,0.56,0.86
62.1,19.8,44.47,0.56,0.87
62.2,19.8,44.45,0.56,0.87
62.3,19.8,44.43,0.55,0.88
62.4,19.8,44.41,0.55,0.88
62.5,19.8,44.39,0.54,0.89
62.6,19.8,44.37,0.54,0.89
62.7,19.8,44.35,0.54,0.9
62.8,19.8,44.33,0.53,0.9
62.9,19.8,44.3,0.53,0.91
63,19.8,44.27,0.52,0.91
63.1,19.8,44.24,0.52,0.92
63.2,19.8,44.21,0.52,0.92
63.3,19.8,44.18,0.51,0.93
63.4,19.8,44.15,0.51,0.93
63.5,19.8,44.12,0.51,0.94
63.6,19.8,44.08,0.5,0.94
63.7,19.8,44.04,0.5,0.95
63.8,19.8,44,0.5,0.95
63.9,19.8,43.96,0.49,0.96
64,19.8,43.92,0.49,0.96
64.1,19.8,43.88,0.49,0.97
64.2,19.8,43.83,0.48,0.97
64.3,19.8,43.78,0.48,0.98
64.4,19.8,43.73,0.48,0.98
64.5,19.8,43.68,0.48,0.99
64.6,19.8,43.63,0.47,0.99
64.7,19.8,43.57,0.47,1
64.8,19.8,43.52,0.47,1
64.9,19.8,43.46,0.47,1.01
65,19.8,43.4,0.46,1.01
65.1,19.8,43.33,0.46,1.02
65.2,19.8,43.27,0.46,1.02
65.3,19.8,43.2,0.46,1.03
65.4,19.8,43.13,0.46,1.04
65.5,19.8,43.06,0.45,1.04
65.6,19.8,42.98,0.45,1.05
65.7,19.8,42.91,0.45,1.05
65.8,19.8,42.83,0.45,1.06
65.9,19.8,42.75,0.45,1.06
66,19.8,42.66,0.45,1.07
66.1,19.8,42.58,0.45,1.07
58,19.9,44.51,0.75,0.68
58.1,19.9,44.51,0.75,0.68
58.2,19.9,44.51,0.74,0.69
58.3,19.9,44.51,0.74,0.69
58.4,19.9,44.51,0.73,0.7
58.5,19.9,44.51,0.73,0.7
58.6,19.9,44.52,0.72,0.71
58.7,19.9,44.52,0.72,0.71
58.8,19.9,44.52,0.71,0.71
58.9,19.9,44.52,0.71,0.72
59,19.9,44.52,0.7,0.72
59.1,19.9,44.53,0.7,0.73
59.2,19.9,44.53,0.69,0.73
59.3,19.9,44.53,0.69,0.74
59.4,19.9,44.53,0.68,0.74
59.5,19.9,44.53,0.68,0.74
59.6,19.9,44.53,0.67,0.75
59.7,19.9,44.53,0.67,0.75
59.8,19.9,44.53,0.66,0.76
59.9,19.9,44.53,0.66,0.76
60,19.9,44.53,0.65,0.77
60.1,19.9,44.53,0.65,0.77
60.2,19.9,44.53,0.64,0.78
60.3,19.9,44.53,0.64,0.78
60.4,19.9,44.53,0.63,0.79
60.5,19.9,44.53,0.63,0.79
60.6,19.9,44.52,0.62,0.79
60.7,19.9,44.52,0.62,0.8
60.8,19.9,44.51,0.61,0.8
60.9,19.9,44.51,0.61,0.81
61,19.9,44.5,0.61,0.81
61.1,19.9,44.5,0.6,0.82
61.2,19.9,44.49,0.6,0.82
61.3,19.9,44.48,0.59,0.83
61.4,19.9,44.47,0.59,0.83
61.5,19.9,44.46,0.58,0.84
61.6,19.9,44.45,0.58,0.84
61.7,19.9,44.44,0.57,0.85
61.8,19.9,44.43,0.57,0.85
61.9,19.9,44.41,0.56,0.86
62,19.9,44.4,0.56,0.86
62.1,19.9,44.38,0.56,0.87
62.2,19.9,44.37,0.55,0.87
62.3,19.9,44.35,0.55,0.87
62.4,19.9,44.33,0.54,0.88
62.5,19.9,44.31,0.54,0.88
62.6,19.9,44.29,0.53,0.89
62.7,19.9,44.26,0.53,0.89
62.8,19.9,44.24,0.53,0.9
62.9,19.9,44.21,0.52,0.9
63,19.9,44.19,0.52,0.91
63.1,19.9,44.16,0.51,0.91
63.2,19.9,44.13,0.51,0.92
63.3,19.9,44.1,0.51,0.92
63.4,19.9,44.06,0.5,0.93
63.5,19.9,44.03,0.5,0.93
63.6,19.9,43.99,0.5,0.94
63.7,19.9,43.96,0.49,0.94
63.8,19.9,43.92,0.49,0.95
63.9,19.9,43.88,0.49,0.95
64,19.9,43.84,0.48,0.96
64.1,19.9,43.79,0.48,0.96
64.2,19.9,43.75,0.48,0.97
64.3,19.9,43.7,0.47,0.97
64.4,19.9,43.65,0.47,0.98
64.5,19.9,43.6,0.47,0.98
64.6,19.9,43.54,0.47,0.99
64.7,19.9,43.49,0.46,0.99
64.8,19.9,43.43,0.46,1
64.9,19.9,43.37,0.46,1
65,19.9,43.31,0.46,1.01
65.1,19.9,43.25,0.46,1.02
65.2,19.9,43.18,0.45,1.02
65.3,19.9,43.12,0.45,1.03
65.4,19.9,43.05,0.45,1.03
65.5,19.9,42.97,0.45,1.04
65.6,19.9,42.9,0.45,1.04
65.7,19.9,42.82,0.45,1.05
65.8,19.9,42.74,0.44,1.05
65.9,19.9,42.66,0.44,1.06
66,19.9,42.58,0.44,1.06
66.1,19.9,42.49,0.44,1.07
58,20,44.42,0.75,0.68
58.1,20,44.42,0.74,0.68
58.2,20,44.42,0.74,0.68
58.3,20,44.42,0.73,0.69
58.4,20,44.42,0.73,0.69
58.5,20,44.43,0.72,0.7
58.6,20,44.43,0.72,0.7
58.7,20,44.43,0.71,0.71
58.8,20,44.43,0.71,0.71
58.9,20,44.43,0.7,0.72
59,20,44.44,0.7,0.72
59.1,20,44.44,0.69,0.72
59.2,20,44.44,0.69,0.73
59.3,20,44.44,0.68,0.73
59.4,20,44.44,0.68,0.74
59.5,20,44.44,0.67,0.74
59.6,20,44.45,0.67,0.75
59.7,20,44.45,0.66,0.75
59.8,20,44.45,0.66,0.75
59.9,20,44.45,0.65,0.76
60,20,44.45,0.65,0.76
60.1,20,44.45,0.64,0.77
60.2,20,44.44,0.64,0.77
60.3,20,44.44,0.63,0.78
60.4,20,44.44,0.63,0.78
60.5,20,44.44,0.62,0.79
60.6,20,44.44,0.62,0.79
60.7,20,44.43,0.61,0.8
60.8,20,44.43,0.61,0.8
60.9,20,44.42,0.6,0.8
61,20,44.42,0.6,0.81
61.1,20,44.41,0.6,0.81
61.2,20,44.4,0.59,0.82
61.3,20,44.39,0.59,0.82
61.4,20,44.39,0.58,0.83
61.5,20,44.38,0.58,0.83
61.6,20,44.36,0.57,0.84
61.7,20,44.35,0.57,0.84
61.8,20,44.34,0.56,0.85
61.9,20,44.33,0.56,0.85
62,20,44.31,0.55,0.86
62.1,20,44.3,0.55,0.86
62.2,20,44.28,0.55,0.87
62.3,20,44.26,0.54,0.87
62.4,20,44.24,0.54,0.88
62.5,20,44.22,0.53,0.88
62.6,20,44.2,0.53,0.89
62.7,20,44.18,0.52,0.89
62.8,20,44.15,0.52,0.9
62.9,20,44.13,0.52,0.9
63,20,44.1,0.51,0.9
63.1,20,44.07,0.51,0.91
63.2,20,44.04,0.51,0.91
63.3,20,44.01,0.5,0.92
63.4,20,43.98,0.5,0.92
63.5,20,43.95,0.49,0.93
63.6,20,43.91,0.49,0.93
63.7,20,43.87,0.49,0.94
63.8,20,43.83,0.48,0.94
63.9,20,43.79,0.48,0.95
64,20,43.75,0.48,0.95
64.1,20,43.71,0.48,0.96
64.2,20,43.66,0.47,0.96
64.3,20,43.61,0.47,0.97
64.4,20,43.56,0.47,0.97
64.5,20,43.51,0.46,0.98
64.6,20,43.46,0.46,0.99
64.7,20,43.4,0.46,0.99
64.8,20,43.35,0.46,1
64.9,20,43.29,0.45,1
65,20,43.23,0.45,1.01
65.1,20,43.16,0.45,1.01
65.2,20,43.1,0.45,1.02
65.3,20,43.03,0.45,1.02
65.4,20,42.96,0.44,1.03
65.5,20,42.89,0.44,1.03
65.6,20,42.82,0.44,1.04
65.7,20,42.74,0.44,1.04
65.8,20,42.66,0.44,1.05
65.9,20,42.58,0.44,1.05
66,20,42.5,0.44,1.06
66.1,20,42.41,0.43,1.06
58,20.1,44.33,0.74,0.67
58.1,20.1,44.33,0.74,0.68
58.2,20.1,44.33,0.73,0.68
58.3,20.1,44.34,0.73,0.69
58.4,20.1,44.34,0.72,0.69
58.5,20.1,44.34,0.72,0.69
58.6,20.1,44.34,0.71,0.7
58.7,20.1,44.34,0.71,0.7
58.8,20.1,44.35,0.7,0.71
58.9,20.1,44.35,0.7,0.71
59,20.1,44.35,0.69,0.72
59.1,20.1,44.35,0.69,0.72
59.2,20.1,44.35,0.68,0.72
59.3,20.1,44.35,0.68,0.73
59.4,20.1,44.36,0.67,0.73
59.5,20.1,44.36,0.67,0.74
59.6,20.1,44.36,0.66,0.74
59.7,20.1,44.36,0.66,0.75
59.8,20.1,44.36,0.65,0.75
59.9,20.1,44.36,0.65,0.76
60,20.1,44.36,0.64,0.76
60.1,20.1,44.36,0.64,0.76
60.2,20.1,44.36,0.63,0.77
60.3,20.1,44.36,0.63,0.77
60.4,20.1,44.35,0.62,0.78
60.5,20.1,44.35,0.62,0.78
60.6,20.1,44.35,0.61,0.79
60.7,20.1,44.35,0.61,0.79
60.8,20.1,44.34,0.6,0.8
60.9,20.1,44.34,0.6,0.8
61,20.1,44.33,0.59,0.81
61.1,20.1,44.32,0.59,0.81
61.2,20.1,44.32,0.59,0.82
61.3,20.1,44.31,0.58,0.82
61.4,20.1,44.3,0.58,0.82
61.5,20.1,44.29,0.57,0.83
61.6,20.1,44.28,0.57,0.83
61.7,20.1,44.27,0.56,0.84
61.8,20.1,44.26,0.56,0.84
61.9,20.1,44.24,0.55,0.85
62,20.1,44.23,0.55,0.85
62.1,20.1,44.21,0.54,0.86
62.2,20.1,44.19,0.54,0.86
62.3,20.1,44.18,0.54,0.87
62.4,20.1,44.16,0.53,0.87
62.5,20.1,44.14,0.53,0.88
62.6,20.1,44.12,0.52,0.88
62.7,20.1,44.09,0.52,0.89
62.8,20.1,44.07,0.52,0.89
62.9,20.1,44.04,0.51,0.9
63,20.1,44.02,0.51,0.9
63.1,20.1,43.99,0.5,0.91
63.2,20.1,43.96,0.5,0.91
63.3,20.1,43.93,0.5,0.92
63.4,20.1,43.9,0.49,0.92
63.5,20.1,43.86,0.49,0.93
63.6,20.1,43.83,0.49,0.93
63.7,20.1,43.79,0.48,0.94
63.8,20.1,43.75,0.48,0.94
63.9,20.1,43.71,0.48,0.95
64,20.1,43.67,0.47,0.95
64.1,20.1,43.62,0.47,0.96
64.2,20.1,43.58,0.47,0.96
64.3,20.1,43.53,0.46,0.97
64.4,20.1,43.48,0.46,0.97
64.5,20.1,43.43,0.46,0.98
64.6,20.1,43.38,0.46,0.98
64.7,20.1,43.32,0.45,0.99
64.8,20.1,43.27,0.45,0.99
64.9,20.1,43.21,0.45,1
65,20.1,43.15,0.45,1
65.1,20.1,43.08,0.44,1.01
65.2,20.1,43.02,0.44,1.01
65.3,20.1,42.95,0.44,1.02
65.4,20.1,42.88,0.44,1.02
65.5,20.1,42.81,0.44,1.03
65.6,20.1,42.74,0.44,1.03
65.7,20.1,42.66,0.43,1.04
65.8,20.1,42.58,0.43,1.04
65.9,20.1,42.5,0.43,1.05
66,20.1,42.42,0.43,1.05
66.1,20.1,42.33,0.43,1.06
58,20.2,44.25,0.74,0.67
58.1,20.2,44.25,0.73,0.67
58.2,20.2,44.25,0.73,0.68
58.3,20.2,44.25,0.72,0.68
58.4,20.2,44.25,0.72,0.69
58.5,20.2,44.25,0.71,0.69
58.6,20.2,44.26,0.71,0.7
58.7,20.2,44.26,0.7,0.7
58.8,20.2,44.26,0.7,0.7
58.9,20.2,44.26,0.69,0.71
59,20.2,44.26,0.69,0.71
59.1,20.2,44.27,0.68,0.72
59.2,20.2,44.27,0.68,0.72
59.3,20.2,44.27,0.67,0.73
59.4,20.2,44.27,0.67,0.73
59.5,20.2,44.27,0.66,0.73
59.6,20.2,44.27,0.66,0.74
59.7,20.2,44.27,0.65,0.74
59.8,20.2,44.27,0.65,0.75
59.9,20.2,44.27,0.64,0.75
60,20.2,44.27,0.64,0.76
60.1,20.2,44.27,0.63,0.76
60.2,20.2,44.27,0.63,0.77
60.3,20.2,44.27,0.62,0.77
60.4,20.2,44.27,0.62,0.77
60.5,20.2,44.27,0.61,0.78
60.6,20.2,44.26,0.61,0.78
60.7,20.2,44.26,0.6,0.79
60.8,20.2,44.26,0.6,0.79
60.9,20.2,44.25,0.59,0.8
61,20.2,44.25,0.59,0.8
61.1,20.2,44.24,0.58,0.81
61.2,20.2,44.23,0.58,0.81
61.3,20.2,44.22,0.58,0.82
61.4,20.2,44.22,0.57,0.82
61.5,20.2,44.21,0.57,0.83
61.6,20.2,44.2,0.56,0.83
61.7,20.2,44.18,0.56,0.83
61.8,20.2,44.17,0.55,0.84
61.9,20.2,44.16,0.55,0.84
62,20.2,44.14,0.54,0.85
62.1,20.2,44.13,0.54,0.85
62.2,20.2,44.11,0.54,0.86
62.3,20.2,44.09,0.53,0.86
62.4,20.2,44.07,0.53,0.87
62.5,20.2,44.05,0.52,0.87
62.6,20.2,44.03,0.52,0.88
62.7,20.2,44.01,0.51,0.88
62.8,20.2,43.99,0.51,0.89
62.9,20.2,43.96,0.51,0.89
63,20.2,43.93,0.5,0.9
63.1,20.2,43.91,0.5,0.9
63.2,20.2,43.88,0.49,0.91
63.3,20.2,43.85,0.49,0.91
63.4,20.2,43.81,0.49,0.92
63.5,20.2,43.78,0.48,0.92
63.6,20.2,43.74,0.48,0.93
63.7,20.2,43.71,0.48,0.93
63.8,20.2,43.67,0.47,0.94
63.9,20.2,43.63,0.47,0.94
64,20.2,43.59,0.47,0.95
64.1,20.2,43.54,0.46,0.95
64.2,20.2,43.5,0.46,0.96
64.3,20.2,43.45,0.46,0.96
64.4,20.2,43.4,0.46,0.97
64.5,20.2,43.35,0.45,0.97
64.6,20.2,43.3,0.45,0.98
64.7,20.2,43.24,0.45,0.98
64.8,20.2,43.18,0.45,0.99
64.9,20.2,43.12,0.44,0.99
65,20.2,43.06,0.44,1
65.1,20.2,43,0.44,1
65.2,20.2,42.94,0.44,1.01
65.3,20.2,42.87,0.44,1.01
65.4,20.2,42.8,0.43,1.02
65.5,20.2,42.73,0.43,1.02
65.6,20.2,42.65,0.43,1.03
65.7,20.2,42.58,0.43,1.03
65.8,20.2,42.5,0.43,1.04
65.9,20.2,42.42,0.43,1.04
66,20.2,42.34,0.43,1.05
66.1,20.2,42.25,0.42,1.05
58,20.3,44.16,0.73,0.67
58.1,20.3,44.16,0.73,0.67
58.2,20.3,44.16,0.72,0.68
58.3,20.3,44.16,0.72,0.68
58.4,20.3,44.17,0.71,0.68
58.5,20.3,44.17,0.71,0.69
58.6,20.3,44.17,0.7,0.69
58.7,20.3,44.17,0.7,0.7
58.8,20.3,44.17,0.69,0.7
58.9,20.3,44.18,0.69,0.71
59,20.3,44.18,0.68,0.71
59.1,20.3,44.18,0.68,0.71
59.2,20.3,44.18,0.67,0.72
59.3,20.3,44.18,0.67,0.72
59.4,20.3,44.19,0.66,0.73
59.5,20.3,44.19,0.66,0.73
59.6,20.3,44.19,0.65,0.74
59.7,20.3,44.19,0.65,0.74
59.8,20.3,44.19,0.64,0.74
59.9,20.3,44.19,0.64,0.75
60,20.3,44.19,0.63,0.75
60.1,20.3,44.19,0.63,0.76
60.2,20.3,44.19,0.62,0.76
60.3,20.3,44.19,0.62,0.77
60.4,20.3,44.19,0.61,0.77
60.5,20.3,44.18,0.61,0.78
60.6,20.3,44.18,0.6,0.78
60.7,20.3,44.18,0.6,0.79
60.8,20.3,44.17,0.59,0.79
60.9,20.3,44.17,0.59,0.79
61,20.3,44.16,0.58,0.8
61.1,20.3,44.16,0.58,0.8
61.2,20.3,44.15,0.58,0.81
61.3,20.3,44.14,0.57,0.81
61.4,20.3,44.13,0.57,0.82
61.5,20.3,44.12,0.56,0.82
61.6,20.3,44.11,0.56,0.83
61.7,20.3,44.1,0.55,0.83
61.8,20.3,44.09,0.55,0.84
61.9,20.3,44.07,0.54,0.84
62,20.3,44.06,0.54,0.85
62.1,20.3,44.04,0.53,0.85
62.2,20.3,44.03,0.53,0.85
62.3,20.3,44.01,0.53,0.86
62.4,20.3,43.99,0.52,0.86
62.5,20.3,43.97,0.52,0.87
62.6,20.3,43.95,0.51,0.87
62.7,20.3,43.93,0.51,0.88
62.8,20.3,43.9,0.51,0.88
62.9,20.3,43.88,0.5,0.89
63,20.3,43.85,0.5,0.89
63.1,20.3,43.82,0.49,0.9
63.2,20.3,43.79,0.49,0.9
63.3,20.3,43.76,0.49,0.91
63.4,20.3,43.73,0.48,0.91
63.5,20.3,43.7,0.48,0.92
63.6,20.3,43.66,0.48,0.92
63.7,20.3,43.63,0.47,0.93
63.8,20.3,43.59,0.47,0.93
63.9,20.3,43.55,0.47,0.94
64,20.3,43.5,0.46,0.94
64.1,20.3,43.46,0.46,0.95
64.2,20.3,43.42,0.46,0.95
64.3,20.3,43.37,0.45,0.96
64.4,20.3,43.32,0.45,0.96
64.5,20.3,43.27,0.45,0.97
64.6,20.3,43.21,0.45,0.97
64.7,20.3,43.16,0.44,0.98
64.8,20.3,43.1,0.44,0.98
64.9,20.3,43.04,0.44,0.99
65,20.3,42.98,0.44,0.99
65.1,20.3,42.92,0.43,1
65.2,20.3,42.86,0.43,1
65.3,20.3,42.79,0.43,1.01
65.4,20.3,42.72,0.43,1.01
65.5,20.3,42.65,0.43,1.02
65.6,20.3,42.57,0.43,1.02
65.7,20.3,42.5,0.42,1.03
65.8,20.3,42.42,0.42,1.03
65.9,20.3,42.34,0.42,1.04
66,20.3,42.26,0.42,1.04
66.1,20.3,42.17,0.42,1.05
58,20.4,44.08,0.73,0.66
58.1,20.4,44.08,0.72,0.67
58.2,20.4,44.08,0.72,0.67
58.3,20.4,44.08,0.71,0.68
58.4,20.4,44.08,0.71,0.68
58.5,20.4,44.08,0.7,0.69
58.6,20.4,44.09,0.7,0.69
58.7,20.4,44.09,0.69,0.69
58.8,20.4,44.09,0.69,0.7
58.9,20.4,44.09,0.68,0.7
59,20.4,44.1,0.68,0.71
59.1,20.4,44.1,0.67,0.71
59.2,20.4,44.1,0.67,0.72
59.3,20.4,44.1,0.66,0.72
59.4,20.4,44.1,0.66,0.72
59.5,20.4,44.1,0.65,0.73
59.6,20.4,44.11,0.65,0.73
59.7,20.4,44.11,0.64,0.74
59.8,20.4,44.11,0.64,0.74
59.9,20.4,44.11,0.63,0.75
60,20.4,44.11,0.63,0.75
60.1,20.4,44.11,0.62,0.75
60.2,20.4,44.11,0.62,0.76
60.3,20.4,44.1,0.61,0.76
60.4,20.4,44.1,0.61,0.77
60.5,20.4,44.1,0.6,0.77
60.6,20.4,44.1,0.6,0.78
60.7,20.4,44.09,0.59,0.78
60.8,20.4,44.09,0.59,0.79
60.9,20.4,44.09,0.58,0.79
61,20.4,44.08,0.58,0.8
61.1,20.4,44.07,0.57,0.8
61.2,20.4,44.07,0.57,0.8
61.3,20.4,44.06,0.57,0.81
61.4,20.4,44.05,0.56,0.81
61.5,20.4,44.04,0.56,0.82
61.6,20.4,44.03,0.55,0.82
61.7,20.4,44.02,0.55,0.83
61.8,20.4,44.01,0.54,0.83
61.9,20.4,43.99,0.54,0.84
62,20.4,43.98,0.53,0.84
62.1,20.4,43.96,0.53,0.85
62.2,20.4,43.95,0.52,0.85
62.3,20.4,43.93,0.52,0.86
62.4,20.4,43.91,0.52,0.86
62.5,20.4,43.89,0.51,0.87
62.6,20.4,43.87,0.51,0.87
62.7,20.4,43.85,0.5,0.87
62.8,20.4,43.82,0.5,0.88
62.9,20.4,43.8,0.5,0.88
63,20.4,43.77,0.49,0.89
63.1,20.4,43.74,0.49,0.89
63.2,20.4,43.71,0.48,0.9
63.3,20.4,43.68,0.48,0.9
63.4,20.4,43.65,0.48,0.91
63.5,20.4,43.62,0.47,0.91
63.6,20.4,43.58,0.47,0.92
63.7,20.4,43.54,0.47,0.92
63.8,20.4,43.51,0.46,0.93
63.9,20.4,43.47,0.46,0.93
64,20.4,43.42,0.46,0.94
64.1,20.4,43.38,0.45,0.94
64.2,20.4,43.34,0.45,0.95
64.3,20.4,43.29,0.45,0.95
64.4,20.4,43.24,0.45,0.96
64.5,20.4,43.19,0.44,0.96
64.6,20.4,43.14,0.44,0.97
64.7,20.4,43.08,0.44,0.97
64.8,20.4,43.02,0.44,0.98
64.9,20.4,42.97,0.43,0.98
65,20.4,42.9,0.43,0.99
65.1,20.4,42.84,0.43,0.99
65.2,20.4,42.78,0.43,1
65.3,20.4,42.71,0.43,1
65.4,20.4,42.64,0.42,1.01
65.5,20.4,42.57,0.42,1.01
65.6,20.4,42.5,0.42,1.02
65.7,20.4,42.42,0.42,1.02
65.8,20.4,42.34,0.42,1.03
65.9,20.4,42.26,0.42,1.03
66,20.4,42.18,0.42,1.04
66.1,20.4,42.09,0.41,1.05
58,20.5,43.99,0.72,0.66
58.1,20.5,43.99,0.72,0.67
58.2,20.5,44,0.71,0.67
58.3,20.5,44,0.71,0.67
58.4,20.5,44,0.7,0.68
58.5,20.5,44,0.7,0.68
58.6,20.5,44,0.69,0.69
58.7,20.5,44.01,0.69,0.69
58.8,20.5,44.01,0.68,0.69
58.9,20.5,44.01,0.68,0.7
59,20.5,44.01,0.67,0.7
59.1,20.5,44.01,0.67,0.71
59.2,20.5,44.02,0.66,0.71
59.3,20.5,44.02,0.66,0.72
59.4,20.5,44.02,0.65,0.72
59.5,20.5,44.02,0.65,0.72
59.6,20.5,44.02,0.64,0.73
59.7,20.5,44.02,0.64,0.73
59.8,20.5,44.02,0.63,0.74
59.9,20.5,44.03,0.63,0.74
60,20.5,44.03,0.62,0.75
60.1,20.5,44.02,0.62,0.75
60.2,20.5,44.02,0.61,0.76
60.3,20.5,44.02,0.61,0.76
60.4,20.5,44.02,0.6,0.76
60.5,20.5,44.02,0.6,0.77
60.6,20.5,44.02,0.59,0.77
60.7,20.5,44.01,0.59,0.78
60.8,20.5,44.01,0.58,0.78
60.9,20.5,44,0.58,0.79
61,20.5,44,0.57,0.79
61.1,20.5,43.99,0.57,0.8
61.2,20.5,43.98,0.57,0.8
61.3,20.5,43.98,0.56,0.81
61.4,20.5,43.97,0.56,0.81
61.5,20.5,43.96,0.55,0.81
61.6,20.5,43.95,0.55,0.82
61.7,20.5,43.94,0.54,0.82
61.8,20.5,43.93,0.54,0.83
61.9,20.5,43.91,0.53,0.83
62,20.5,43.9,0.53,0.84
62.1,20.5,43.88,0.52,0.84
62.2,20.5,43.87,0.52,0.85
62.3,20.5,43.85,0.52,0.85
62.4,20.5,43.83,0.51,0.86
62.5,20.5,43.81,0.51,0.86
62.6,20.5,43.79,0.5,0.87
62.7,20.5,43.77,0.5,0.87
62.8,20.5,43.74,0.5,0.88
62.9,20.5,43.72,0.49,0.88
63,20.5,43.69,0.49,0.89
63.1,20.5,43.66,0.48,0.89
63.2,20.5,43.63,0.48,0.9
63.3,20.5,43.6,0.48,0.9
63.4,20.5,43.57,0.47,0.9
63.5,20.5,43.54,0.47,0.91
63.6,20.5,43.5,0.47,0.91
63.7,20.5,43.47,0.46,0.92
63.8,20.5,43.43,0.46,0.92
63.9,20.5,43.39,0.46,0.93
64,20.5,43.34,0.45,0.93
64.1,20.5,43.3,0.45,0.94
64.2,20.5,43.26,0.45,0.94
64.3,20.5,43.21,0.44,0.95
64.4,20.5,43.16,0.44,0.95
64.5,20.5,43.11,0.44,0.96
64.6,20.5,43.06,0.44,0.96
64.7,20.5,43,0.43,0.97
64.8,20.5,42.95,0.43,0.97
64.9,20.5,42.89,0.43,0.98
65,20.5,42.83,0.43,0.98
65.1,20.5,42.76,0.42,0.99
65.2,20.5,42.7,0.42,0.99
65.3,20.5,42.63,0.42,1
65.4,20.5,42.56,0.42,1
65.5,20.5,42.49,0.42,1.01
65.6,20.5,42.42,0.42,1.02
65.7,20.5,42.34,0.41,1.02
65.8,20.5,42.26,0.41,1.03
65.9,20.5,42.18,0.41,1.03
66,20.5,42.1,0.41,1.04
66.1,20.5,42.02,0.41,1.04
58,20.6,43.91,0.72,0.66
58.1,20.6,43.91,0.71,0.66
58.2,20.6,43.91,0.71,0.67
58.3,20.6,43.92,0.7,0.67
58.4,20.6,43.92,0.7,0.67
58.5,20.6,43.92,0.69,0.68
58.6,20.6,43.92,0.69,0.68
58.7,20.6,43.92,0.68,0.69
58.8,20.6,43.93,0.68,0.69
58.9,20.6,43.93,0.67,0.7
59,20.6,43.93,0.67,0.7
59.1,20.6,43.93,0.66,0.7
59.2,20.6,43.94,0.66,0.71
59.3,20.6,43.94,0.65,0.71
59.4,20.6,43.94,0.65,0.72
59.5,20.6,43.94,0.64,0.72
59.6,20.6,43.94,0.64,0.73
59.7,20.6,43.94,0.63,0.73
59.8,20.6,43.94,0.63,0.73
59.9,20.6,43.94,0.62,0.74
60,20.6,43.94,0.62,0.74
60.1,20.6,43.94,0.61,0.75
60.2,20.6,43.94,0.61,0.75
60.3,20.6,43.94,0.6,0.76
60.4,20.6,43.94,0.6,0.76
60.5,20.6,43.94,0.59,0.77
60.6,20.6,43.94,0.59,0.77
60.7,20.6,43.93,0.58,0.77
60.8,20.6,43.93,0.58,0.78
60.9,20.6,43.92,0.57,0.78
61,20.6,43.92,0.57,0.79
61.1,20.6,43.91,0.57,0.79
61.2,20.6,43.9,0.56,0.8
61.3,20.6,43.9,0.56,0.8
61.4,20.6,43.89,0.55,0.81
61.5,20.6,43.88,0.55,0.81
61.6,20.6,43.87,0.54,0.82
61.7,20.6,43.86,0.54,0.82
61.8,20.6,43.85,0.53,0.82
61.9,20.6,43.83,0.53,0.83
62,20.6,43.82,0.52,0.83
62.1,20.6,43.8,0.52,0.84
62.2,20.6,43.79,0.52,0.84
62.3,20.6,43.77,0.51,0.85
62.4,20.6,43.75,0.51,0.85
62.5,20.6,43.73,0.5,0.86
62.6,20.6,43.71,0.5,0.86
62.7,20.6,43.69,0.49,0.87
62.8,20.6,43.66,0.49,0.87
62.9,20.6,43.64,0.49,0.88
63,20.6,43.61,0.48,0.88
63.1,20.6,43.58,0.48,0.89
63.2,20.6,43.56,0.47,0.89
63.3,20.6,43.52,0.47,0.9
63.4,20.6,43.49,0.47,0.9
63.5,20.6,43.46,0.46,0.91
63.6,20.6,43.42,0.46,0.91
63.7,20.6,43.39,0.46,0.92
63.8,20.6,43.35,0.45,0.92
63.9,20.6,43.31,0.45,0.93
64,20.6,43.27,0.45,0.93
64.1,20.6,43.22,0.44,0.94
64.2,20.6,43.18,0.44,0.94
64.3,20.6,43.13,0.44,0.95
64.4,20.6,43.08,0.44,0.95
64.5,20.6,43.03,0.43,0.96
64.6,20.6,42.98,0.43,0.96
64.7,20.6,42.92,0.43,0.97
64.8,20.6,42.87,0.43,0.97
64.9,20.6,42.81,0.42,0.98
65,20.6,42.75,0.42,0.98
65.1,20.6,42.69,0.42,0.99
65.2,20.6,42.62,0.42,0.99
65.3,20.6,42.55,0.42,1
65.4,20.6,42.49,0.41,1
65.5,20.6,42.41,0.41,1.01
65.6,20.6,42.34,0.41,1.01
65.7,20.6,42.27,0.41,1.02
65.8,20.6,42.19,0.41,1.02
65.9,20.6,42.11,0.41,1.03
66,20.6,42.03,0.41,1.03
66.1,20.6,41.94,0.4,1.04
58,20.7,43.83,0.71,0.66
58.1,20.7,43.83,0.71,0.66
58.2,20.7,43.83,0.7,0.66
58.3,20.7,43.83,0.7,0.67
58.4,20.7,43.84,0.69,0.67
58.5,20.7,43.84,0.69,0.68
58.6,20.7,43.84,0.68,0.68
58.7,20.7,43.84,0.68,0.68
58.8,20.7,43.85,0.67,0.69
58.9,20.7,43.85,0.67,0.69
59,20.7,43.85,0.66,0.7
59.1,20.7,43.85,0.66,0.7
59.2,20.7,43.85,0.65,0.71
59.3,20.7,43.86,0.65,0.71
59.4,20.7,43.86,0.64,0.71
59.5,20.7,43.86,0.64,0.72
59.6,20.7,43.86,0.63,0.72
59.7,20.7,43.86,0.63,0.73
59.8,20.7,43.86,0.62,0.73
59.9,20.7,43.86,0.62,0.74
60,20.7,43.86,0.61,0.74
60.1,20.7,43.86,0.61,0.74
60.2,20.7,43.86,0.6,0.75
60.3,20.7,43.86,0.6,0.75
60.4,20.7,43.86,0.59,0.76
60.5,20.7,43.86,0.59,0.76
60.6,20.7,43.86,0.58,0.77
60.7,20.7,43.85,0.58,0.77
60.8,20.7,43.85,0.57,0.78
60.9,20.7,43.84,0.57,0.78
61,20.7,43.84,0.57,0.78
61.1,20.7,43.83,0.56,0.79
61.2,20.7,43.83,0.56,0.79
61.3,20.7,43.82,0.55,0.8
61.4,20.7,43.81,0.55,0.8
61.5,20.7,43.8,0.54,0.81
61.6,20.7,43.79,0.54,0.81
61.7,20.7,43.78,0.53,0.82
61.8,20.7,43.77,0.53,0.82
61.9,20.7,43.75,0.52,0.83
62,20.7,43.74,0.52,0.83
62.1,20.7,43.72,0.51,0.84
62.2,20.7,43.71,0.51,0.84
62.3,20.7,43.69,0.51,0.84
62.4,20.7,43.67,0.5,0.85
62.5,20.7,43.65,0.5,0.85
62.6,20.7,43.63,0.49,0.86
62.7,20.7,43.61,0.49,0.86
62.8,20.7,43.58,0.49,0.87
62.9,20.7,43.56,0.48,0.87
63,20.7,43.53,0.48,0.88
63.1,20.7,43.51,0.47,0.88
63.2,20.7,43.48,0.47,0.89
63.3,20.7,43.45,0.47,0.89
63.4,20.7,43.41,0.46,0.9
63.5,20.7,43.38,0.46,0.9
63.6,20.7,43.35,0.46,0.91
63.7,20.7,43.31,0.45,0.91
63.8,20.7,43.27,0.45,0.92
63.9,20.7,43.23,0.45,0.92
64,20.7,43.19,0.44,0.93
64.1,20.7,43.15,0.44,0.93
64.2,20.7,43.1,0.44,0.94
64.3,20.7,43.05,0.43,0.94
64.4,20.7,43.01,0.43,0.95
64.5,20.7,42.95,0.43,0.95
64.6,20.7,42.9,0.43,0.96
64.7,20.7,42.85,0.42,0.96
64.8,20.7,42.79,0.42,0.97
64.9,20.7,42.73,0.42,0.97
65,20.7,42.67,0.42,0.98
65.1,20.7,42.61,0.41,0.98
65.2,20.7,42.55,0.41,0.99
65.3,20.7,42.48,0.41,0.99
65.4,20.7,42.41,0.41,1
65.5,20.7,42.34,0.41,1
65.6,20.7,42.27,0.41,1.01
65.7,20.7,42.19,0.4,1.01
65.8,20.7,42.11,0.4,1.02
65.9,20.7,42.03,0.4,1.02
66,20.7,41.95,0.4,1.03
66.1,20.7,41.87,0.4,1.03
58,20.8,43.75,0.71,0.65
58.1,20.8,43.75,0.7,0.66
58.2,20.8,43.75,0.7,0.66
58.3,20.8,43.75,0.69,0.66
58.4,20.8,43.76,0.69,0.67
58.5,20.8,43.76,0.68,0.67
58.6,20.8,43.76,0.68,0.68
58.7,20.8,43.76,0.67,0.68
58.8,20.8,43.77,0.67,0.69
58.9,20.8,43.77,0.66,0.69
59,20.8,43.77,0.66,0.69
59.1,20.8,43.77,0.65,0.7
59.2,20.8,43.77,0.65,0.7
59.3,20.8,43.78,0.64,0.71
59.4,20.8,43.78,0.64,0.71
59.5,20.8,43.78,0.63,0.72
59.6,20.8,43.78,0.63,0.72
59.7,20.8,43.78,0.62,0.72
59.8,20.8,43.78,0.62,0.73
59.9,20.8,43.78,0.61,0.73
60,20.8,43.78,0.61,0.74
60.1,20.8,43.78,0.6,0.74
60.2,20.8,43.78,0.6,0.75
60.3,20.8,43.78,0.59,0.75
60.4,20.8,43.78,0.59,0.75
60.5,20.8,43.78,0.58,0.76
60.6,20.8,43.78,0.58,0.76
60.7,20.8,43.77,0.57,0.77
60.8,20.8,43.77,0.57,0.77
60.9,20.8,43.76,0.57,0.78
61,20.8,43.76,0.56,0.78
61.1,20.8,43.75,0.56,0.79
61.2,20.8,43.75,0.55,0.79
61.3,20.8,43.74,0.55,0.8
61.4,20.8,43.73,0.54,0.8
61.5,20.8,43.72,0.54,0.8
61.6,20.8,43.71,0.53,0.81
61.7,20.8,43.7,0.53,0.81
61.8,20.8,43.69,0.52,0.82
61.9,20.8,43.68,0.52,0.82
62,20.8,43.66,0.51,0.83
62.1,20.8,43.65,0.51,0.83
62.2,20.8,43.63,0.51,0.84
62.3,20.8,43.61,0.5,0.84
62.4,20.8,43.59,0.5,0.85
62.5,20.8,43.57,0.49,0.85
62.6,20.8,43.55,0.49,0.86
62.7,20.8,43.53,0.48,0.86
62.8,20.8,43.51,0.48,0.86
62.9,20.8,43.48,0.48,0.87
63,20.8,43.46,0.47,0.87
63.1,20.8,43.43,0.47,0.88
63.2,20.8,43.4,0.47,0.88
63.3,20.8,43.37,0.46,0.89
63.4,20.8,43.34,0.46,0.89
63.5,20.8,43.3,0.45,0.9
63.6,20.8,43.27,0.45,0.9
63.7,20.8,43.23,0.45,0.91
63.8,20.8,43.19,0.44,0.91
63.9,20.8,43.15,0.44,0.92
64,20.8,43.11,0.44,0.92
64.1,20.8,43.07,0.44,0.93
64.2,20.8,43.02,0.43,0.93
64.3,20.8,42.98,0.43,0.94
64.4,20.8,42.93,0.43,0.94
64.5,20.8,42.88,0.42,0.95
64.6,20.8,42.83,0.42,0.95
64.7,20.8,42.77,0.42,0.96
64.8,20.8,42.72,0.42,0.96
64.9,20.8,42.66,0.41,0.97
65,20.8,42.6,0.41,0.97
65.1,20.8,42.53,0.41,0.98
65.2,20.8,42.47,0.41,0.98
65.3,20.8,42.4,0.41,0.99
65.4,20.8,42.34,0.4,0.99
65.5,20.8,42.26,0.4,1
65.6,20.8,42.19,0.4,1
65.7,20.8,42.12,0.4,1.01
65.8,20.8,42.04,0.4,1.01
65.9,20.8,41.96,0.4,1.02
66,20.8,41.88,0.4,1.02
66.1,20.8,41.79,0.4,1.03
58,20.9,43.67,0.7,0.65
58.1,20.9,43.67,0.7,0.65
58.2,20.9,43.67,0.69,0.66
58.3,20.9,43.68,0.69,0.66
58.4,20.9,43.68,0.68,0.67
58.5,20.9,43.68,0.68,0.67
58.6,20.9,43.68,0.67,0.67
58.7,20.9,43.68,0.67,0.68
58.8,20.9,43.69,0.66,0.68
58.9,20.9,43.69,0.66,0.69
59,20.9,43.69,0.65,0.69
59.1,20.9,43.69,0.65,0.7
59.2,20.9,43.7,0.64,0.7
59.3,20.9,43.7,0.64,0.7
59.4,20.9,43.7,0.63,0.71
59.5,20.9,43.7,0.63,0.71
59.6,20.9,43.7,0.62,0.72
59.7,20.9,43.7,0.62,0.72
59.8,20.9,43.71,0.61,0.73
59.9,20.9,43.71,0.61,0.73
60,20.9,43.71,0.6,0.73
60.1,20.9,43.71,0.6,0.74
60.2,20.9,43.71,0.59,0.74
60.3,20.9,43.7,0.59,0.75
60.4,20.9,43.7,0.58,0.75
60.5,20.9,43.7,0.58,0.76
60.6,20.9,43.7,0.58,0.76
60.7,20.9,43.7,0.57,0.76
60.8,20.9,43.69,0.57,0.77
60.9,20.9,43.69,0.56,0.77
61,20.9,43.68,0.56,0.78
61.1,20.9,43.68,0.55,0.78
61.2,20.9,43.67,0.55,0.79
61.3,20.9,43.66,0.54,0.79
61.4,20.9,43.65,0.54,0.8
61.5,20.9,43.64,0.53,0.8
61.6,20.9,43.63,0.53,0.81
61.7,20.9,43.62,0.52,0.81
61.8,20.9,43.61,0.52,0.81
61.9,20.9,43.6,0.51,0.82
62,20.9,43.58,0.51,0.82
62.1,20.9,43.57,0.51,0.83
62.2,20.9,43.55,0.5,0.83
62.3,20.9,43.54,0.5,0.84
62.4,20.9,43.52,0.49,0.84
62.5,20.9,43.5,0.49,0.85
62.6,20.9,43.48,0.48,0.85
62.7,20.9,43.45,0.48,0.86
62.8,20.9,43.43,0.48,0.86
62.9,20.9,43.41,0.47,0.87
63,20.9,43.38,0.47,0.87
63.1,20.9,43.35,0.46,0.88
63.2,20.9,43.32,0.46,0.88
63.3,20.9,43.29,0.46,0.88
63.4,20.9,43.26,0.45,0.89
63.5,20.9,43.23,0.45,0.89
63.6,20.9,43.19,0.45,0.9
63.7,20.9,43.16,0.44,0.9
63.8,20.9,43.12,0.44,0.91
63.9,20.9,43.08,0.44,0.91
64,20.9,43.04,0.43,0.92
64.1,20.9,42.99,0.43,0.92
64.2,20.9,42.95,0.43,0.93
64.3,20.9,42.9,0.42,0.93
64.4,20.9,42.85,0.42,0.94
64.5,20.9,42.8,0.42,0.94
64.6,20.9,42.75,0.42,0.95
64.7,20.9,42.7,0.41,0.95
64.8,20.9,42.64,0.41,0.96
64.9,20.9,42.58,0.41,0.96
65,20.9,42.52,0.41,0.97
65.1,20.9,42.46,0.41,0.97
65.2,20.9,42.4,0.4,0.98
65.3,20.9,42.33,0.4,0.98
65.4,20.9,42.26,0.4,0.99
65.5,20.9,42.19,0.4,0.99
65.6,20.9,42.12,0.4,1
65.7,20.9,42.04,0.4,1
65.8,20.9,41.96,0.39,1.01
65.9,20.9,41.88,0.39,1.01
66,20.9,41.8,0.39,1.02
66.1,20.9,41.72,0.39,1.02
58,21,43.59,0.7,0.65
58.1,21,43.59,0.69,0.65
58.2,21,43.6,0.69,0.65
58.3,21,43.6,0.68,0.66
58.4,21,43.6,0.68,0.66
58.5,21,43.6,0.67,0.67
58.6,21,43.6,0.67,0.67
58.7,21,43.61,0.66,0.68
58.8,21,43.61,0.66,0.68
58.9,21,43.61,0.65,0.68
59,21,43.61,0.65,0.69
59.1,21,43.62,0.64,0.69
59.2,21,43.62,0.64,0.7
59.3,21,43.62,0.63,0.7
59.4,21,43.62,0.63,0.71
59.5,21,43.62,0.62,0.71
59.6,21,43.63,0.62,0.71
59.7,21,43.63,0.61,0.72
59.8,21,43.63,0.61,0.72
59.9,21,43.63,0.6,0.73
60,21,43.63,0.6,0.73
60.1,21,43.63,0.6,0.74
60.2,21,43.63,0.59,0.74
60.3,21,43.63,0.59,0.74
60.4,21,43.63,0.58,0.75
60.5,21,43.62,0.58,0.75
60.6,21,43.62,0.57,0.76
60.7,21,43.62,0.57,0.76
60.8,21,43.61,0.56,0.77
60.9,21,43.61,0.56,0.77
61,21,43.61,0.55,0.77
61.1,21,43.6,0.55,0.78
61.2,21,43.59,0.54,0.78
61.3,21,43.59,0.54,0.79
61.4,21,43.58,0.53,0.79
61.5,21,43.57,0.53,0.8
61.6,21,43.56,0.52,0.8
61.7,21,43.55,0.52,0.81
61.8,21,43.54,0.51,0.81
61.9,21,43.52,0.51,0.82
62,21,43.51,0.51,0.82
62.1,21,43.49,0.5,0.82
62.2,21,43.48,0.5,0.83
62.3,21,43.46,0.49,0.83
62.4,21,43.44,0.49,0.84
62.5,21,43.42,0.48,0.84
62.6,21,43.4,0.48,0.85
62.7,21,43.38,0.48,0.85
62.8,21,43.36,0.47,0.86
62.9,21,43.33,0.47,0.86
63,21,43.31,0.46,0.87
63.1,21,43.28,0.46,0.87
63.2,21,43.25,0.46,0.88
63.3,21,43.22,0.45,0.88
63.4,21,43.19,0.45,0.89
63.5,21,43.15,0.45,0.89
63.6,21,43.12,0.44,0.9
63.7,21,43.08,0.44,0.9
63.8,21,43.04,0.44,0.91
63.9,21,43.01,0.43,0.91
64,21,42.96,0.43,0.91
64.1,21,42.92,0.43,0.92
64.2,21,42.88,0.42,0.92
64.3,21,42.83,0.42,0.93
64.4,21,42.78,0.42,0.93
64.5,21,42.73,0.42,0.94
64.6,21,42.68,0.41,0.94
64.7,21,42.62,0.41,0.95
64.8,21,42.57,0.41,0.95
64.9,21,42.51,0.41,0.96
65,21,42.45,0.4,0.96
65.1,21,42.39,0.4,0.97
65.2,21,42.32,0.4,0.97
65.3,21,42.26,0.4,0.98
65.4,21,42.19,0.4,0.98
65.5,21,42.12,0.39,0.99
65.6,21,42.04,0.39,0.99
65.7,21,41.97,0.39,1
65.8,21,41.89,0.39,1
65.9,21,41.81,0.39,1.01
66,21,41.73,0.39,1.01
66.1,21,41.65,0.39,1.02
58,21.1,43.52,0.69,0.64
58.1,21.1,43.52,0.69,0.65
58.2,21.1,43.52,0.68,0.65
58.3,21.1,43.52,0.68,0.66
58.4,21.1,43.52,0.67,0.66
58.5,21.1,43.53,0.67,0.66
58.6,21.1,43.53,0.66,0.67
58.7,21.1,43.53,0.66,0.67
58.8,21.1,43.53,0.65,0.68
58.9,21.1,43.53,0.65,0.68
59,21.1,43.54,0.64,0.69
59.1,21.1,43.54,0.64,0.69
59.2,21.1,43.54,0.64,0.69
59.3,21.1,43.54,0.63,0.7
59.4,21.1,43.55,0.63,0.7
59.5,21.1,43.55,0.62,0.71
59.6,21.1,43.55,0.62,0.71
59.7,21.1,43.55,0.61,0.71
59.8,21.1,43.55,0.61,0.72
59.9,21.1,43.55,0.6,0.72
60,21.1,43.55,0.6,0.73
60.1,21.1,43.55,0.59,0.73
60.2,21.1,43.55,0.59,0.74
60.3,21.1,43.55,0.58,0.74
60.4,21.1,43.55,0.58,0.75
60.5,21.1,43.55,0.57,0.75
60.6,21.1,43.55,0.57,0.75
60.7,21.1,43.54,0.56,0.76
60.8,21.1,43.54,0.56,0.76
60.9,21.1,43.53,0.55,0.77
61,21.1,43.53,0.55,0.77
61.1,21.1,43.52,0.54,0.78
61.2,21.1,43.52,0.54,0.78
61.3,21.1,43.51,0.53,0.78
61.4,21.1,43.5,0.53,0.79
61.5,21.1,43.49,0.52,0.79
61.6,21.1,43.48,0.52,0.8
61.7,21.1,43.47,0.51,0.8
61.8,21.1,43.46,0.51,0.81
61.9,21.1,43.45,0.51,0.81
62,21.1,43.43,0.5,0.82
62.1,21.1,43.42,0.5,0.82
62.2,21.1,43.4,0.49,0.83
62.3,21.1,43.39,0.49,0.83
62.4,21.1,43.37,0.48,0.84
62.5,21.1,43.35,0.48,0.84
62.6,21.1,43.33,0.48,0.84
62.7,21.1,43.31,0.47,0.85
62.8,21.1,43.28,0.47,0.85
62.9,21.1,43.26,0.46,0.86
63,21.1,43.23,0.46,0.86
63.1,21.1,43.2,0.46,0.87
63.2,21.1,43.18,0.45,0.87
63.3,21.1,43.15,0.45,0.88
63.4,21.1,43.11,0.44,0.88
63.5,21.1,43.08,0.44,0.89
63.6,21.1,43.05,0.44,0.89
63.7,21.1,43.01,0.43,0.9
63.8,21.1,42.97,0.43,0.9
63.9,21.1,42.93,0.43,0.91
64,21.1,42.89,0.42,0.91
64.1,21.1,42.85,0.42,0.92
64.2,21.1,42.8,0.42,0.92
64.3,21.1,42.76,0.42,0.93
64.4,21.1,42.71,0.41,0.93
64.5,21.1,42.66,0.41,0.94
64.6,21.1,42.61,0.41,0.94
64.7,21.1,42.55,0.41,0.95
64.8,21.1,42.5,0.4,0.95
64.9,21.1,42.44,0.4,0.96
65,21.1,42.38,0.4,0.96
65.1,21.1,42.32,0.4,0.97
65.2,21.1,42.25,0.39,0.97
65.3,21.1,42.18,0.39,0.98
65.4,21.1,42.12,0.39,0.98
65.5,21.1,42.05,0.39,0.99
65.6,21.1,41.97,0.39,0.99
65.7,21.1,41.9,0.39,1
65.8,21.1,41.82,0.39,1
65.9,21.1,41.74,0.38,1.01
66,21.1,41.66,0.38,1.01
66.1,21.1,41.57,0.38,1.02
58,21.2,43.44,0.69,0.64
58.1,21.2,43.44,0.68,0.65
58.2,21.2,43.44,0.68,0.65
58.3,21.2,43.44,0.67,0.65
58.4,21.2,43.45,0.67,0.66
58.5,21.2,43.45,0.66,0.66
58.6,21.2,43.45,0.66,0.67
58.7,21.2,43.45,0.66,0.67
58.8,21.2,43.46,0.65,0.67
58.9,21.2,43.46,0.65,0.68
59,21.2,43.46,0.64,0.68
59.1,21.2,43.46,0.64,0.69
59.2,21.2,43.47,0.63,0.69
59.3,21.2,43.47,0.63,0.69
59.4,21.2,43.47,0.62,0.7
59.5,21.2,43.47,0.62,0.7
59.6,21.2,43.47,0.61,0.71
59.7,21.2,43.48,0.61,0.71
59.8,21.2,43.48,0.6,0.72
59.9,21.2,43.48,0.6,0.72
60,21.2,43.48,0.59,0.72
60.1,21.2,43.48,0.59,0.73
60.2,21.2,43.48,0.58,0.73
60.3,21.2,43.48,0.58,0.74
60.4,21.2,43.48,0.57,0.74
60.5,21.2,43.47,0.57,0.75
60.6,21.2,43.47,0.56,0.75
60.7,21.2,43.47,0.56,0.76
60.8,21.2,43.46,0.55,0.76
60.9,21.2,43.46,0.55,0.76
61,21.2,43.46,0.54,0.77
61.1,21.2,43.45,0.54,0.77
61.2,21.2,43.44,0.53,0.78
61.3,21.2,43.44,0.53,0.78
61.4,21.2,43.43,0.52,0.79
61.5,21.2,43.42,0.52,0.79
61.6,21.2,43.41,0.51,0.8
61.7,21.2,43.4,0.51,0.8
61.8,21.2,43.39,0.51,0.8
61.9,21.2,43.37,0.5,0.81
62,21.2,43.36,0.5,0.81
62.1,21.2,43.34,0.49,0.82
62.2,21.2,43.33,0.49,0.82
62.3,21.2,43.31,0.48,0.83
62.4,21.2,43.29,0.48,0.83
62.5,21.2,43.27,0.48,0.84
62.6,21.2,43.25,0.47,0.84
62.7,21.2,43.23,0.47,0.85
62.8,21.2,43.21,0.46,0.85
62.9,21.2,43.18,0.46,0.85
63,21.2,43.16,0.46,0.86
63.1,21.2,43.13,0.45,0.86
63.2,21.2,43.1,0.45,0.87
63.3,21.2,43.07,0.44,0.87
63.4,21.2,43.04,0.44,0.88
63.5,21.2,43.01,0.44,0.88
63.6,21.2,42.97,0.43,0.89
63.7,21.2,42.94,0.43,0.89
63.8,21.2,42.9,0.43,0.9
63.9,21.2,42.86,0.42,0.9
64,21.2,42.82,0.42,0.91
64.1,21.2,42.78,0.42,0.91
64.2,21.2,42.73,0.41,0.92
64.3,21.2,42.68,0.41,0.92
64.4,21.2,42.64,0.41,0.93
64.5,21.2,42.59,0.41,0.93
64.6,21.2,42.53,0.4,0.94
64.7,21.2,42.48,0.4,0.94
64.8,21.2,42.42,0.4,0.95
64.9,21.2,42.37,0.4,0.95
65,21.2,42.31,0.39,0.96
65.1,21.2,42.24,0.39,0.96
65.2,21.2,42.18,0.39,0.97
65.3,21.2,42.11,0.39,0.97
65.4,21.2,42.05,0.39,0.98
65.5,21.2,41.97,0.39,0.98
65.6,21.2,41.9,0.38,0.99
65.7,21.2,41.83,0.38,0.99
65.8,21.2,41.75,0.38,1
65.9,21.2,41.67,0.38,1
66,21.2,41.59,0.38,1.01
66.1,21.2,41.5,0.38,1.01
58,21.3,43.36,0.68,0.64
58.1,21.3,43.37,0.68,0.64
58.2,21.3,43.37,0.67,0.65
58.3,21.3,43.37,0.67,0.65
58.4,21.3,43.37,0.67,0.65
58.5,21.3,43.37,0.66,0.66
58.6,21.3,43.38,0.66,0.66
58.7,21.3,43.38,0.65,0.67
58.8,21.3,43.38,0.65,0.67
58.9,21.3,43.38,0.64,0.68
59,21.3,43.39,0.64,0.68
59.1,21.3,43.39,0.63,0.68
59.2,21.3,43.39,0.63,0.69
59.3,21.3,43.39,0.62,0.69
59.4,21.3,43.4,0.62,0.7
59.5,21.3,43.4,0.61,0.7
59.6,21.3,43.4,0.61,0.7
59.7,21.3,43.4,0.6,0.71
59.8,21.3,43.4,0.6,0.71
59.9,21.3,43.4,0.59,0.72
60,21.3,43.4,0.59,0.72
60.1,21.3,43.4,0.58,0.73
60.2,21.3,43.4,0.58,0.73
60.3,21.3,43.4,0.57,0.73
60.4,21.3,43.4,0.57,0.74
60.5,21.3,43.4,0.56,0.74
60.6,21.3,43.4,0.56,0.75
60.7,21.3,43.39,0.55,0.75
60.8,21.3,43.39,0.55,0.76
60.9,21.3,43.39,0.54,0.76
61,21.3,43.38,0.54,0.77
61.1,21.3,43.38,0.53,0.77
61.2,21.3,43.37,0.53,0.77
61.3,21.3,43.36,0.52,0.78
61.4,21.3,43.35,0.52,0.78
61.5,21.3,43.35,0.51,0.79
61.6,21.3,43.34,0.51,0.79
61.7,21.3,43.32,0.51,0.8
61.8,21.3,43.31,0.5,0.8
61.9,21.3,43.3,0.5,0.81
62,21.3,43.29,0.49,0.81
62.1,21.3,43.27,0.49,0.81
62.2,21.3,43.26,0.48,0.82
62.3,21.3,43.24,0.48,0.82
62.4,21.3,43.22,0.47,0.83
62.5,21.3,43.2,0.47,0.83
62.6,21.3,43.18,0.47,0.84
62.7,21.3,43.16,0.46,0.84
62.8,21.3,43.14,0.46,0.85
62.9,21.3,43.11,0.45,0.85
63,21.3,43.09,0.45,0.86
63.1,21.3,43.06,0.45,0.86
63.2,21.3,43.03,0.44,0.87
63.3,21.3,43,0.44,0.87
63.4,21.3,42.97,0.44,0.87
63.5,21.3,42.94,0.43,0.88
63.6,21.3,42.9,0.43,0.88
63.7,21.3,42.87,0.43,0.89
63.8,21.3,42.83,0.42,0.89
63.9,21.3,42.79,0.42,0.9
64,21.3,42.75,0.42,0.9
64.1,21.3,42.7,0.41,0.91
64.2,21.3,42.66,0.41,0.91
64.3,21.3,42.61,0.41,0.92
64.4,21.3,42.56,0.41,0.92
64.5,21.3,42.51,0.4,0.93
64.6,21.3,42.46,0.4,0.93
64.7,21.3,42.41,0.4,0.94
64.8,21.3,42.35,0.4,0.94
64.9,21.3,42.3,0.39,0.95
65,21.3,42.24,0.39,0.95
65.1,21.3,42.17,0.39,0.96
65.2,21.3,42.11,0.39,0.96
65.3,21.3,42.04,0.38,0.97
65.4,21.3,41.98,0.38,0.97
65.5,21.3,41.9,0.38,0.98
65.6,21.3,41.83,0.38,0.98
65.7,21.3,41.76,0.38,0.99
65.8,21.3,41.68,0.38,0.99
65.9,21.3,41.6,0.38,1
66,21.3,41.52,0.38,1
66.1,21.3,41.43,0.37,1.01
58,21.4,43.29,0.68,0.64
58.1,21.4,43.29,0.68,0.64
58.2,21.4,43.29,0.67,0.64
58.3,21.4,43.3,0.67,0.65
58.4,21.4,43.3,0.66,0.65
58.5,21.4,43.3,0.66,0.66
58.6,21.4,43.3,0.65,0.66
58.7,21.4,43.31,0.65,0.66
58.8,21.4,43.31,0.64,0.67
58.9,21.4,43.31,0.64,0.67
59,21.4,43.31,0.63,0.68
59.1,21.4,43.32,0.63,0.68
59.2,21.4,43.32,0.62,0.68
59.3,21.4,43.32,0.62,0.69
59.4,21.4,43.32,0.61,0.69
59.5,21.4,43.32,0.61,0.7
59.6,21.4,43.33,0.6,0.7
59.7,21.4,43.33,0.6,0.71
59.8,21.4,43.33,0.59,0.71
59.9,21.4,43.33,0.59,0.71
60,21.4,43.33,0.58,0.72
60.1,21.4,43.33,0.58,0.72
60.2,21.4,43.33,0.57,0.73
60.3,21.4,43.33,0.57,0.73
60.4,21.4,43.33,0.56,0.74
60.5,21.4,43.33,0.56,0.74
60.6,21.4,43.32,0.55,0.74
60.7,21.4,43.32,0.55,0.75
60.8,21.4,43.32,0.54,0.75
60.9,21.4,43.31,0.54,0.76
61,21.4,43.31,0.53,0.76
61.1,21.4,43.3,0.53,0.77
61.2,21.4,43.3,0.52,0.77
61.3,21.4,43.29,0.52,0.78
61.4,21.4,43.28,0.51,0.78
61.5,21.4,43.27,0.51,0.78
61.6,21.4,43.26,0.51,0.79
61.7,21.4,43.25,0.5,0.79
61.8,21.4,43.24,0.5,0.8
61.9,21.4,43.23,0.49,0.8
62,21.4,43.21,0.49,0.81
62.1,21.4,43.2,0.48,0.81
62.2,21.4,43.18,0.48,0.82
62.3,21.4,43.17,0.47,0.82
62.4,21.4,43.15,0.47,0.82
62.5,21.4,43.13,0.47,0.83
62.6,21.4,43.11,0.46,0.83
62.7,21.4,43.09,0.46,0.84
62.8,21.4,43.06,0.45,0.84
62.9,21.4,43.04,0.45,0.85
63,21.4,43.01,0.45,0.85
63.1,21.4,42.99,0.44,0.86
63.2,21.4,42.96,0.44,0.86
63.3,21.4,42.93,0.44,0.87
63.4,21.4,42.9,0.43,0.87
63.5,21.4,42.86,0.43,0.88
63.6,21.4,42.83,0.43,0.88
63.7,21.4,42.79,0.42,0.89
63.8,21.4,42.76,0.42,0.89
63.9,21.4,42.72,0.42,0.9
64,21.4,42.68,0.41,0.9
64.1,21.4,42.63,0.41,0.9
64.2,21.4,42.59,0.41,0.91
64.3,21.4,42.54,0.4,0.91
64.4,21.4,42.49,0.4,0.92
64.5,21.4,42.44,0.4,0.92
64.6,21.4,42.39,0.4,0.93
64.7,21.4,42.34,0.39,0.93
64.8,21.4,42.28,0.39,0.94
64.9,21.4,42.23,0.39,0.94
65,21.4,42.17,0.39,0.95
65.1,21.4,42.1,0.38,0.95
65.2,21.4,42.04,0.38,0.96
65.3,21.4,41.97,0.38,0.96
65.4,21.4,41.91,0.38,0.97
65.5,21.4,41.84,0.38,0.97
65.6,21.4,41.76,0.38,0.98
65.7,21.4,41.69,0.37,0.98
65.8,21.4,41.61,0.37,0.99
65.9,21.4,41.53,0.37,0.99
66,21.4,41.45,0.37,1
66.1,21.4,41.37,0.37,1
58,21.5,43.22,0.68,0.63
58.1,21.5,43.22,0.67,0.64
58.2,21.5,43.22,0.67,0.64
58.3,21.5,43.22,0.66,0.65
58.4,21.5,43.22,0.66,0.65
58.5,21.5,43.23,0.65,0.65
58.6,21.5,43.23,0.65,0.66
58.7,21.5,43.23,0.64,0.66
58.8,21.5,43.24,0.64,0.67
58.9,21.5,43.24,0.63,0.67
59,21.5,43.24,0.63,0.67
59.1,21.5,43.24,0.62,0.68
59.2,21.5,43.25,0.62,0.68
59.3,21.5,43.25,0.61,0.69
59.4,21.5,43.25,0.61,0.69
59.5,21.5,43.25,0.6,0.69
59.6,21.5,43.25,0.6,0.7
59.7,21.5,43.26,0.59,0.7
59.8,21.5,43.26,0.59,0.71
59.9,21.5,43.26,0.58,0.71
60,21.5,43.26,0.58,0.72
60.1,21.5,43.26,0.57,0.72
60.2,21.5,43.26,0.57,0.72
60.3,21.5,43.26,0.56,0.73
60.4,21.5,43.26,0.56,0.73
60.5,21.5,43.25,0.55,0.74
60.6,21.5,43.25,0.55,0.74
60.7,21.5,43.25,0.54,0.75
60.8,21.5,43.25,0.54,0.75
60.9,21.5,43.24,0.53,0.75
61,21.5,43.24,0.53,0.76
61.1,21.5,43.23,0.52,0.76
61.2,21.5,43.23,0.52,0.77
61.3,21.5,43.22,0.52,0.77
61.4,21.5,43.21,0.51,0.78
61.5,21.5,43.2,0.51,0.78
61.6,21.5,43.19,0.5,0.79
61.7,21.5,43.18,0.5,0.79
61.8,21.5,43.17,0.49,0.79
61.9,21.5,43.16,0.49,0.8
62,21.5,43.14,0.48,0.8
62.1,21.5,43.13,0.48,0.81
62.2,21.5,43.11,0.48,0.81
62.3,21.5,43.1,0.47,0.82
62.4,21.5,43.08,0.47,0.82
62.5,21.5,43.06,0.46,0.83
62.6,21.5,43.04,0.46,0.83
62.7,21.5,43.02,0.45,0.84
62.8,21.5,42.99,0.45,0.84
62.9,21.5,42.97,0.45,0.84
63,21.5,42.94,0.44,0.85
63.1,21.5,42.92,0.44,0.85
63.2,21.5,42.89,0.44,0.86
63.3,21.5,42.86,0.43,0.86
63.4,21.5,42.83,0.43,0.87
63.5,21.5,42.8,0.42,0.87
63.6,21.5,42.76,0.42,0.88
63.7,21.5,42.72,0.42,0.88
63.8,21.5,42.69,0.41,0.89
63.9,21.5,42.65,0.41,0.89
64,21.5,42.61,0.41,0.9
64.1,21.5,42.56,0.41,0.9
64.2,21.5,42.52,0.4,0.91
64.3,21.5,42.47,0.4,0.91
64.4,21.5,42.43,0.4,0.92
64.5,21.5,42.38,0.39,0.92
64.6,21.5,42.32,0.39,0.93
64.7,21.5,42.27,0.39,0.93
64.8,21.5,42.21,0.39,0.93
64.9,21.5,42.16,0.38,0.94
65,21.5,42.1,0.38,0.94
65.1,21.5,42.04,0.38,0.95
65.2,21.5,41.97,0.38,0.95
65.3,21.5,41.91,0.38,0.96
65.4,21.5,41.84,0.38,0.96
65.5,21.5,41.77,0.37,0.97
65.6,21.5,41.7,0.37,0.97
65.7,21.5,41.62,0.37,0.98
65.8,21.5,41.54,0.37,0.98
65.9,21.5,41.46,0.37,0.99
66,21.5,41.38,0.37,0.99
66.1,21.5,41.3,0.37,1
58,21.6,43.14,0.67,0.63
58.1,21.6,43.15,0.67,0.63
58.2,21.6,43.15,0.66,0.64
58.3,21.6,43.15,0.66,0.64
58.4,21.6,43.15,0.65,0.65
58.5,21.6,43.16,0.65,0.65
58.6,21.6,43.16,0.64,0.65
58.7,21.6,43.16,0.64,0.66
58.8,21.6,43.16,0.63,0.66
58.9,21.6,43.17,0.63,0.67
59,21.6,43.17,0.62,0.67
59.1,21.6,43.17,0.62,0.68
59.2,21.6,43.17,0.61,0.68
59.3,21.6,43.18,0.61,0.68
59.4,21.6,43.18,0.6,0.69
59.5,21.6,43.18,0.6,0.69
59.6,21.6,43.18,0.59,0.7
59.7,21.6,43.18,0.59,0.7
59.8,21.6,43.19,0.58,0.7
59.9,21.6,43.19,0.58,0.71
60,21.6,43.19,0.57,0.71
60.1,21.6,43.19,0.57,0.72
60.2,21.6,43.19,0.56,0.72
60.3,21.6,43.19,0.56,0.73
60.4,21.6,43.19,0.55,0.73
60.5,21.6,43.18,0.55,0.73
60.6,21.6,43.18,0.54,0.74
60.7,21.6,43.18,0.54,0.74
60.8,21.6,43.18,0.53,0.75
60.9,21.6,43.17,0.53,0.75
61,21.6,43.17,0.53,0.76
61.1,21.6,43.16,0.52,0.76
61.2,21.6,43.15,0.52,0.76
61.3,21.6,43.15,0.51,0.77
61.4,21.6,43.14,0.51,0.77
61.5,21.6,43.13,0.5,0.78
61.6,21.6,43.12,0.5,0.78
61.7,21.6,43.11,0.49,0.79
61.8,21.6,43.1,0.49,0.79
61.9,21.6,43.09,0.48,0.8
62,21.6,43.07,0.48,0.8
62.1,21.6,43.06,0.48,0.8
62.2,21.6,43.04,0.47,0.81
62.3,21.6,43.03,0.47,0.81
62.4,21.6,43.01,0.46,0.82
62.5,21.6,42.99,0.46,0.82
62.6,21.6,42.97,0.45,0.83
62.7,21.6,42.95,0.45,0.83
62.8,21.6,42.92,0.45,0.84
62.9,21.6,42.9,0.44,0.84
63,21.6,42.88,0.44,0.85
63.1,21.6,42.85,0.43,0.85
63.2,21.6,42.82,0.43,0.86
63.3,21.6,42.79,0.43,0.86
63.4,21.6,42.76,0.42,0.86
63.5,21.6,42.73,0.42,0.87
63.6,21.6,42.69,0.42,0.87
63.7,21.6,42.66,0.41,0.88
63.8,21.6,42.62,0.41,0.88
63.9,21.6,42.58,0.41,0.89
64,21.6,42.54,0.4,0.89
64.1,21.6,42.5,0.4,0.9
64.2,21.6,42.45,0.4,0.9
64.3,21.6,42.41,0.4,0.91
64.4,21.6,42.36,0.39,0.91
64.5,21.6,42.31,0.39,0.92
64.6,21.6,42.26,0.39,0.92
64.7,21.6,42.2,0.39,0.93
64.8,21.6,42.15,0.38,0.93
64.9,21.6,42.09,0.38,0.94
65,21.6,42.03,0.38,0.94
65.1,21.6,41.97,0.38,0.95
65.2,21.6,41.9,0.38,0.95
65.3,21.6,41.84,0.37,0.96
65.4,21.6,41.77,0.37,0.96
65.5,21.6,41.7,0.37,0.97
65.6,21.6,41.63,0.37,0.97
65.7,21.6,41.55,0.37,0.98
65.8,21.6,41.48,0.37,0.98
65.9,21.6,41.4,0.36,0.99
66,21.6,41.32,0.36,0.99
66.1,21.6,41.23,0.36,1
58,21.7,43.07,0.67,0.63
58.1,21.7,43.07,0.66,0.63
58.2,21.7,43.08,0.66,0.64
58.3,21.7,43.08,0.65,0.64
58.4,21.7,43.08,0.65,0.64
58.5,21.7,43.08,0.64,0.65
58.6,21.7,43.09,0.64,0.65
58.7,21.7,43.09,0.63,0.66
58.8,21.7,43.09,0.63,0.66
58.9,21.7,43.1,0.62,0.66
59,21.7,43.1,0.62,0.67
59.1,21.7,43.1,0.61,0.67
59.2,21.7,43.1,0.61,0.68
59.3,21.7,43.11,0.6,0.68
59.4,21.7,43.11,0.6,0.68
59.5,21.7,43.11,0.59,0.69
59.6,21.7,43.11,0.59,0.69
59.7,21.7,43.11,0.58,0.7
59.8,21.7,43.12,0.58,0.7
59.9,21.7,43.12,0.57,0.71
60,21.7,43.12,0.57,0.71
60.1,21.7,43.12,0.56,0.71
60.2,21.7,43.12,0.56,0.72
60.3,21.7,43.12,0.55,0.72
60.4,21.7,43.12,0.55,0.73
60.5,21.7,43.11,0.55,0.73
60.6,21.7,43.11,0.54,0.74
60.7,21.7,43.11,0.54,0.74
60.8,21.7,43.11,0.53,0.74
60.9,21.7,43.1,0.53,0.75
61,21.7,43.1,0.52,0.75
61.1,21.7,43.09,0.52,0.76
61.2,21.7,43.09,0.51,0.76
61.3,21.7,43.08,0.51,0.77
61.4,21.7,43.07,0.5,0.77
61.5,21.7,43.06,0.5,0.77
61.6,21.7,43.05,0.49,0.78
61.7,21.7,43.04,0.49,0.78
61.8,21.7,43.03,0.48,0.79
61.9,21.7,43.02,0.48,0.79
62,21.7,43,0.48,0.8
62.1,21.7,42.99,0.47,0.8
62.2,21.7,42.97,0.47,0.81
62.3,21.7,42.96,0.46,0.81
62.4,21.7,42.94,0.46,0.81
62.5,21.7,42.92,0.45,0.82
62.6,21.7,42.9,0.45,0.82
62.7,21.7,42.88,0.45,0.83
62.8,21.7,42.86,0.44,0.83
62.9,21.7,42.83,0.44,0.84
63,21.7,42.81,0.43,0.84
63.1,21.7,42.78,0.43,0.85
63.2,21.7,42.75,0.43,0.85
63.3,21.7,42.72,0.42,0.86
63.4,21.7,42.69,0.42,0.86
63.5,21.7,42.66,0.42,0.87
63.6,21.7,42.62,0.41,0.87
63.7,21.7,42.59,0.41,0.87
63.8,21.7,42.55,0.41,0.88
63.9,21.7,42.51,0.4,0.88
64,21.7,42.47,0.4,0.89
64.1,21.7,42.43,0.4,0.89
64.2,21.7,42.38,0.39,0.9
64.3,21.7,42.34,0.39,0.9
64.4,21.7,42.29,0.39,0.91
64.5,21.7,42.24,0.39,0.91
64.6,21.7,42.19,0.38,0.92
64.7,21.7,42.14,0.38,0.92
64.8,21.7,42.08,0.38,0.93
64.9,21.7,42.02,0.38,0.93
65,21.7,41.96,0.38,0.94
65.1,21.7,41.9,0.37,0.94
65.2,21.7,41.84,0.37,0.95
65.3,21.7,41.77,0.37,0.95
65.4,21.7,41.7,0.37,0.96
65.5,21.7,41.63,0.37,0.96
65.6,21.7,41.56,0.36,0.97
65.7,21.7,41.49,0.36,0.97
65.8,21.7,41.41,0.36,0.98
65.9,21.7,41.33,0.36,0.98
66,21.7,41.25,0.36,0.99
66.1,21.7,41.17,0.36,0.99
58,21.8,43,0.66,0.63
58.1,21.8,43,0.66,0.63
58.2,21.8,43.01,0.65,0.63
58.3,21.8,43.01,0.65,0.64
58.4,21.8,43.01,0.64,0.64
58.5,21.8,43.01,0.64,0.65
58.6,21.8,43.02,0.63,0.65
58.7,21.8,43.02,0.63,0.65
58.8,21.8,43.02,0.62,0.66
58.9,21.8,43.03,0.62,0.66
59,21.8,43.03,0.61,0.67
59.1,21.8,43.03,0.61,0.67
59.2,21.8,43.03,0.6,0.67
59.3,21.8,43.04,0.6,0.68
59.4,21.8,43.04,0.59,0.68
59.5,21.8,43.04,0.59,0.69
59.6,21.8,43.04,0.58,0.69
59.7,21.8,43.04,0.58,0.69
59.8,21.8,43.05,0.58,0.7
59.9,21.8,43.05,0.57,0.7
60,21.8,43.05,0.57,0.71
60.1,21.8,43.05,0.56,0.71
60.2,21.8,43.05,0.56,0.72
60.3,21.8,43.05,0.55,0.72
60.4,21.8,43.05,0.55,0.72
60.5,21.8,43.04,0.54,0.73
60.6,21.8,43.04,0.54,0.73
60.7,21.8,43.04,0.53,0.74
60.8,21.8,43.04,0.53,0.74
60.9,21.8,43.03,0.52,0.75
61,21.8,43.03,0.52,0.75
61.1,21.8,43.02,0.51,0.75
61.2,21.8,43.02,0.51,0.76
61.3,21.8,43.01,0.5,0.76
61.4,21.8,43,0.5,0.77
61.5,21.8,42.99,0.49,0.77
61.6,21.8,42.98,0.49,0.78
61.7,21.8,42.97,0.49,0.78
61.8,21.8,42.96,0.48,0.78
61.9,21.8,42.95,0.48,0.79
62,21.8,42.94,0.47,0.79
62.1,21.8,42.92,0.47,0.8
62.2,21.8,42.91,0.46,0.8
62.3,21.8,42.89,0.46,0.81
62.4,21.8,42.87,0.45,0.81
62.5,21.8,42.85,0.45,0.82
62.6,21.8,42.83,0.45,0.82
62.7,21.8,42.81,0.44,0.83
62.8,21.8,42.79,0.44,0.83
62.9,21.8,42.76,0.43,0.83
63,21.8,42.74,0.43,0.84
63.1,21.8,42.71,0.43,0.84
63.2,21.8,42.68,0.42,0.85
63.3,21.8,42.65,0.42,0.85
63.4,21.8,42.62,0.42,0.86
63.5,21.8,42.59,0.41,0.86
63.6,21.8,42.56,0.41,0.87
63.7,21.8,42.52,0.41,0.87
63.8,21.8,42.48,0.4,0.88
63.9,21.8,42.44,0.4,0.88
64,21.8,42.4,0.4,0.89
64.1,21.8,42.36,0.39,0.89
64.2,21.8,42.32,0.39,0.9
64.3,21.8,42.27,0.39,0.9
64.4,21.8,42.22,0.39,0.9
64.5,21.8,42.17,0.38,0.91
64.6,21.8,42.12,0.38,0.91
64.7,21.8,42.07,0.38,0.92
64.8,21.8,42.01,0.38,0.92
64.9,21.8,41.96,0.37,0.93
65,21.8,41.9,0.37,0.93
65.1,21.8,41.84,0.37,0.94
65.2,21.8,41.77,0.37,0.94
65.3,21.8,41.71,0.37,0.95
65.4,21.8,41.64,0.36,0.95
65.5,21.8,41.57,0.36,0.96
65.6,21.8,41.5,0.36,0.96
65.7,21.8,41.42,0.36,0.97
65.8,21.8,41.35,0.36,0.97
65.9,21.8,41.27,0.36,0.98
66,21.8,41.19,0.36,0.98
66.1,21.8,41.1,0.36,0.99
58,21.9,42.93,0.66,0.62
58.1,21.9,42.94,0.65,0.63
58.2,21.9,42.94,0.65,0.63
58.3,21.9,42.94,0.64,0.64
58.4,21.9,42.94,0.64,0.64
58.5,21.9,42.95,0.63,0.64
58.6,21.9,42.95,0.63,0.65
58.7,21.9,42.95,0.62,0.65
58.8,21.9,42.95,0.62,0.66
58.9,21.9,42.96,0.61,0.66
59,21.9,42.96,0.61,0.66
59.1,21.9,42.96,0.61,0.67
59.2,21.9,42.96,0.6,0.67
59.3,21.9,42.97,0.6,0.68
59.4,21.9,42.97,0.59,0.68
59.5,21.9,42.97,0.59,0.68
59.6,21.9,42.97,0.58,0.69
59.7,21.9,42.98,0.58,0.69
59.8,21.9,42.98,0.57,0.7
59.9,21.9,42.98,0.57,0.7
60,21.9,42.98,0.56,0.7
60.1,21.9,42.98,0.56,0.71
60.2,21.9,42.98,0.55,0.71
60.3,21.9,42.98,0.55,0.72
60.4,21.9,42.98,0.54,0.72
60.5,21.9,42.98,0.54,0.73
60.6,21.9,42.97,0.53,0.73
60.7,21.9,42.97,0.53,0.73
60.8,21.9,42.97,0.52,0.74
60.9,21.9,42.96,0.52,0.74
61,21.9,42.96,0.51,0.75
61.1,21.9,42.95,0.51,0.75
61.2,21.9,42.95,0.5,0.76
61.3,21.9,42.94,0.5,0.76
61.4,21.9,42.93,0.49,0.76
61.5,21.9,42.93,0.49,0.77
61.6,21.9,42.92,0.49,0.77
61.7,21.9,42.91,0.48,0.78
61.8,21.9,42.89,0.48,0.78
61.9,21.9,42.88,0.47,0.79
62,21.9,42.87,0.47,0.79
62.1,21.9,42.85,0.46,0.8
62.2,21.9,42.84,0.46,0.8
62.3,21.9,42.82,0.46,0.8
62.4,21.9,42.81,0.45,0.81
62.5,21.9,42.79,0.45,0.81
62.6,21.9,42.77,0.44,0.82
62.7,21.9,42.74,0.44,0.82
62.8,21.9,42.72,0.44,0.83
62.9,21.9,42.7,0.43,0.83
63,21.9,42.67,0.43,0.84
63.1,21.9,42.65,0.42,0.84
63.2,21.9,42.62,0.42,0.84
63.3,21.9,42.59,0.42,0.85
63.4,21.9,42.56,0.41,0.85
63.5,21.9,42.53,0.41,0.86
63.6,21.9,42.49,0.41,0.86
63.7,21.9,42.46,0.4,0.87
63.8,21.9,42.42,0.4,0.87
63.9,21.9,42.38,0.4,0.88
64,21.9,42.34,0.39,0.88
64.1,21.9,42.3,0.39,0.89
64.2,21.9,42.25,0.39,0.89
64.3,21.9,42.21,0.39,0.9
64.4,21.9,42.16,0.38,0.9
64.5,21.9,42.11,0.38,0.91
64.6,21.9,42.06,0.38,0.91
64.7,21.9,42,0.37,0.92
64.8,21.9,41.95,0.37,0.92
64.9,21.9,41.89,0.37,0.93
65,21.9,41.83,0.37,0.93
65.1,21.9,41.77,0.37,0.93
65.2,21.9,41.71,0.36,0.94
65.3,21.9,41.64,0.36,0.94
65.4,21.9,41.58,0.36,0.95
65.5,21.9,41.51,0.36,0.95
65.6,21.9,41.43,0.36,0.96
65.7,21.9,41.36,0.36,0.96
65.8,21.9,41.28,0.36,0.97
65.9,21.9,41.2,0.35,0.97
66,21.9,41.12,0.35,0.98
66.1,21.9,41.04,0.35,0.98
58,22,42.87,0.65,0.62
58.1,22,42.87,0.65,0.62
58.2,22,42.87,0.64,0.63
58.3,22,42.87,0.64,0.63
58.4,22,42.87,0.63,0.64
58.5,22,42.88,0.63,0.64
58.6,22,42.88,0.62,0.64
58.7,22,42.88,0.62,0.65
58.8,22,42.89,0.62,0.65
58.9,22,42.89,0.61,0.66
59,22,42.89,0.61,0.66
59.1,22,42.89,0.6,0.66
59.2,22,42.9,0.6,0.67
59.3,22,42.9,0.59,0.67
59.4,22,42.9,0.59,0.68
59.5,22,42.9,0.58,0.68
59.6,22,42.91,0.58,0.69
59.7,22,42.91,0.57,0.69
59.8,22,42.91,0.57,0.69
59.9,22,42.91,0.56,0.7
60,22,42.91,0.56,0.7
60.1,22,42.91,0.55,0.71
60.2,22,42.91,0.55,0.71
60.3,22,42.91,0.54,0.71
60.4,22,42.91,0.54,0.72
60.5,22,42.91,0.53,0.72
60.6,22,42.91,0.53,0.73
60.7,22,42.9,0.52,0.73
60.8,22,42.9,0.52,0.74
60.9,22,42.9,0.51,0.74
61,22,42.89,0.51,0.74
61.1,22,42.89,0.5,0.75
61.2,22,42.88,0.5,0.75
61.3,22,42.88,0.5,0.76
61.4,22,42.87,0.49,0.76
61.5,22,42.86,0.49,0.77
61.6,22,42.85,0.48,0.77
61.7,22,42.84,0.48,0.77
61.8,22,42.83,0.47,0.78
61.9,22,42.82,0.47,0.78
62,22,42.8,0.46,0.79
62.1,22,42.79,0.46,0.79
62.2,22,42.77,0.46,0.8
62.3,22,42.76,0.45,0.8
62.4,22,42.74,0.45,0.81
62.5,22,42.72,0.44,0.81
62.6,22,42.7,0.44,0.81
62.7,22,42.68,0.44,0.82
62.8,22,42.66,0.43,0.82
62.9,22,42.63,0.43,0.83
63,22,42.61,0.42,0.83
63.1,22,42.58,0.42,0.84
63.2,22,42.55,0.42,0.84
63.3,22,42.52,0.41,0.85
63.4,22,42.49,0.41,0.85
63.5,22,42.46,0.41,0.86
63.6,22,42.43,0.4,0.86
63.7,22,42.39,0.4,0.86
63.8,22,42.35,0.4,0.87
63.9,22,42.31,0.39,0.87
64,22,42.27,0.39,0.88
64.1,22,42.23,0.39,0.88
64.2,22,42.19,0.38,0.89
64.3,22,42.14,0.38,0.89
64.4,22,42.09,0.38,0.9
64.5,22,42.05,0.38,0.9
64.6,22,41.99,0.37,0.91
64.7,22,41.94,0.37,0.91
64.8,22,41.89,0.37,0.92
64.9,22,41.83,0.37,0.92
65,22,41.77,0.37,0.93
65.1,22,41.71,0.36,0.93
65.2,22,41.64,0.36,0.94
65.3,22,41.58,0.36,0.94
65.4,22,41.51,0.36,0.95
65.5,22,41.44,0.36,0.95
65.6,22,41.37,0.35,0.96
65.7,22,41.3,0.35,0.96
65.8,22,41.22,0.35,0.97
65.9,22,41.14,0.35,0.97
66,22,41.06,0.35,0.98
66.1,22,40.98,0.35,0.98
58,22.1,42.8,0.65,0.62
58.1,22.1,42.8,0.64,0.62
58.2,22.1,42.8,0.64,0.63
58.3,22.1,42.8,0.64,0.63
58.4,22.1,42.81,0.63,0.63
58.5,22.1,42.81,0.63,0.64
58.6,22.1,42.81,0.62,0.64
58.7,22.1,42.82,0.62,0.65
58.8,22.1,42.82,0.61,0.65
58.9,22.1,42.82,0.61,0.65
59,22.1,42.82,0.6,0.66
59.1,22.1,42.83,0.6,0.66
59.2,22.1,42.83,0.59,0.67
59.3,22.1,42.83,0.59,0.67
59.4,22.1,42.84,0.58,0.67
59.5,22.1,42.84,0.58,0.68
59.6,22.1,42.84,0.57,0.68
59.7,22.1,42.84,0.57,0.69
59.8,22.1,42.84,0.56,0.69
59.9,22.1,42.84,0.56,0.69
60,22.1,42.85,0.55,0.7
60.1,22.1,42.85,0.55,0.7
60.2,22.1,42.85,0.54,0.71
60.3,22.1,42.85,0.54,0.71
60.4,22.1,42.84,0.53,0.72
60.5,22.1,42.84,0.53,0.72
60.6,22.1,42.84,0.52,0.72
60.7,22.1,42.84,0.52,0.73
60.8,22.1,42.84,0.52,0.73
60.9,22.1,42.83,0.51,0.74
61,22.1,42.83,0.51,0.74
61.1,22.1,42.82,0.5,0.75
61.2,22.1,42.82,0.5,0.75
61.3,22.1,42.81,0.49,0.75
61.4,22.1,42.8,0.49,0.76
61.5,22.1,42.79,0.48,0.76
61.6,22.1,42.78,0.48,0.77
61.7,22.1,42.77,0.47,0.77
61.8,22.1,42.76,0.47,0.78
61.9,22.1,42.75,0.47,0.78
62,22.1,42.74,0.46,0.78
62.1,22.1,42.72,0.46,0.79
62.2,22.1,42.71,0.45,0.79
62.3,22.1,42.69,0.45,0.8
62.4,22.1,42.67,0.44,0.8
62.5,22.1,42.66,0.44,0.81
62.6,22.1,42.64,0.44,0.81
62.7,22.1,42.61,0.43,0.82
62.8,22.1,42.59,0.43,0.82
62.9,22.1,42.57,0.42,0.82
63,22.1,42.54,0.42,0.83
63.1,22.1,42.52,0.42,0.83
63.2,22.1,42.49,0.41,0.84
63.3,22.1,42.46,0.41,0.84
63.4,22.1,42.43,0.41,0.85
63.5,22.1,42.4,0.4,0.85
63.6,22.1,42.36,0.4,0.86
63.7,22.1,42.33,0.4,0.86
63.8,22.1,42.29,0.39,0.87
63.9,22.1,42.25,0.39,0.87
64,22.1,42.21,0.39,0.88
64.1,22.1,42.17,0.38,0.88
64.2,22.1,42.12,0.38,0.88
64.3,22.1,42.08,0.38,0.89
64.4,22.1,42.03,0.38,0.89
64.5,22.1,41.98,0.37,0.9
64.6,22.1,41.93,0.37,0.9
64.7,22.1,41.88,0.37,0.91
64.8,22.1,41.82,0.37,0.91
64.9,22.1,41.77,0.36,0.92
65,22.1,41.71,0.36,0.92
65.1,22.1,41.65,0.36,0.93
65.2,22.1,41.58,0.36,0.93
65.3,22.1,41.52,0.36,0.94
65.4,22.1,41.45,0.35,0.94
65.5,22.1,41.38,0.35,0.95
65.6,22.1,41.31,0.35,0.95
65.7,22.1,41.23,0.35,0.96
65.8,22.1,41.16,0.35,0.96
65.9,22.1,41.08,0.35,0.97
66,22.1,41,0.35,0.97
66.1,22.1,40.91,0.35,0.98
58,22.2,42.73,0.64,0.62
58.1,22.2,42.73,0.64,0.62
58.2,22.2,42.74,0.64,0.62
58.3,22.2,42.74,0.63,0.63
58.4,22.2,42.74,0.63,0.63
58.5,22.2,42.74,0.62,0.64
58.6,22.2,42.75,0.62,0.64
58.7,22.2,42.75,0.61,0.64
58.8,22.2,42.75,0.61,0.65
58.9,22.2,42.76,0.6,0.65
59,22.2,42.76,0.6,0.66
59.1,22.2,42.76,0.59,0.66
59.2,22.2,42.76,0.59,0.66
59.3,22.2,42.77,0.58,0.67
59.4,22.2,42.77,0.58,0.67
59.5,22.2,42.77,0.57,0.68
59.6,22.2,42.77,0.57,0.68
59.7,22.2,42.78,0.56,0.68
59.8,22.2,42.78,0.56,0.69
59.9,22.2,42.78,0.55,0.69
60,22.2,42.78,0.55,0.7
60.1,22.2,42.78,0.54,0.7
60.2,22.2,42.78,0.54,0.7
60.3,22.2,42.78,0.54,0.71
60.4,22.2,42.78,0.53,0.71
60.5,22.2,42.78,0.53,0.72
60.6,22.2,42.78,0.52,0.72
60.7,22.2,42.77,0.52,0.73
60.8,22.2,42.77,0.51,0.73
60.9,22.2,42.77,0.51,0.73
61,22.2,42.76,0.5,0.74
61.1,22.2,42.76,0.5,0.74
61.2,22.2,42.75,0.49,0.75
61.3,22.2,42.74,0.49,0.75
61.4,22.2,42.74,0.48,0.76
61.5,22.2,42.73,0.48,0.76
61.6,22.2,42.72,0.47,0.76
61.7,22.2,42.71,0.47,0.77
61.8,22.2,42.7,0.47,0.77
61.9,22.2,42.69,0.46,0.78
62,22.2,42.67,0.46,0.78
62.1,22.2,42.66,0.45,0.79
62.2,22.2,42.64,0.45,0.79
62.3,22.2,42.63,0.44,0.79
62.4,22.2,42.61,0.44,0.8
62.5,22.2,42.59,0.44,0.8
62.6,22.2,42.57,0.43,0.81
62.7,22.2,42.55,0.43,0.81
62.8,22.2,42.53,0.42,0.82
62.9,22.2,42.5,0.42,0.82
63,22.2,42.48,0.42,0.83
63.1,22.2,42.45,0.41,0.83
63.2,22.2,42.43,0.41,0.84
63.3,22.2,42.4,0.41,0.84
63.4,22.2,42.36,0.4,0.84
63.5,22.2,42.33,0.4,0.85
63.6,22.2,42.3,0.4,0.85
63.7,22.2,42.26,0.39,0.86
63.8,22.2,42.23,0.39,0.86
63.9,22.2,42.19,0.39,0.87
64,22.2,42.15,0.38,0.87
64.1,22.2,42.11,0.38,0.88
64.2,22.2,42.06,0.38,0.88
64.3,22.2,42.02,0.38,0.89
64.4,22.2,41.97,0.37,0.89
64.5,22.2,41.92,0.37,0.9
64.6,22.2,41.87,0.37,0.9
64.7,22.2,41.82,0.37,0.9
64.8,22.2,41.76,0.36,0.91
64.9,22.2,41.7,0.36,0.91
65,22.2,41.64,0.36,0.92
65.1,22.2,41.58,0.36,0.92
65.2,22.2,41.52,0.36,0.93
65.3,22.2,41.46,0.35,0.93
65.4,22.2,41.39,0.35,0.94
65.5,22.2,41.32,0.35,0.94
65.6,22.2,41.25,0.35,0.95
65.7,22.2,41.17,0.35,0.95
65.8,22.2,41.1,0.35,0.96
65.9,22.2,41.02,0.35,0.96
66,22.2,40.94,0.34,0.97
66.1,22.2,40.85,0.34,0.97
58,22.3,42.67,0.64,0.61
58.1,22.3,42.67,0.64,0.62
58.2,22.3,42.67,0.63,0.62
58.3,22.3,42.67,0.63,0.63
58.4,22.3,42.68,0.62,0.63
58.5,22.3,42.68,0.62,0.63
58.6,22.3,42.68,0.61,0.64
58.7,22.3,42.68,0.61,0.64
58.8,22.3,42.69,0.6,0.65
58.9,22.3,42.69,0.6,0.65
59,22.3,42.69,0.59,0.65
59.1,22.3,42.7,0.59,0.66
59.2,22.3,42.7,0.58,0.66
59.3,22.3,42.7,0.58,0.67
59.4,22.3,42.7,0.57,0.67
59.5,22.3,42.71,0.57,0.67
59.6,22.3,42.71,0.56,0.68
59.7,22.3,42.71,0.56,0.68
59.8,22.3,42.71,0.56,0.69
59.9,22.3,42.71,0.55,0.69
60,22.3,42.71,0.55,0.69
60.1,22.3,42.72,0.54,0.7
60.2,22.3,42.72,0.54,0.7
60.3,22.3,42.72,0.53,0.71
60.4,22.3,42.71,0.53,0.71
60.5,22.3,42.71,0.52,0.71
60.6,22.3,42.71,0.52,0.72
60.7,22.3,42.71,0.51,0.72
60.8,22.3,42.71,0.51,0.73
60.9,22.3,42.7,0.5,0.73
61,22.3,42.7,0.5,0.74
61.1,22.3,42.69,0.49,0.74
61.2,22.3,42.69,0.49,0.74
61.3,22.3,42.68,0.48,0.75
61.4,22.3,42.67,0.48,0.75
61.5,22.3,42.66,0.48,0.76
61.6,22.3,42.66,0.47,0.76
61.7,22.3,42.65,0.47,0.77
61.8,22.3,42.63,0.46,0.77
61.9,22.3,42.62,0.46,0.77
62,22.3,42.61,0.45,0.78
62.1,22.3,42.6,0.45,0.78
62.2,22.3,42.58,0.45,0.79
62.3,22.3,42.56,0.44,0.79
62.4,22.3,42.55,0.44,0.8
62.5,22.3,42.53,0.43,0.8
62.6,22.3,42.51,0.43,0.81
62.7,22.3,42.49,0.43,0.81
62.8,22.3,42.47,0.42,0.81
62.9,22.3,42.44,0.42,0.82
63,22.3,42.42,0.41,0.82
63.1,22.3,42.39,0.41,0.83
63.2,22.3,42.36,0.41,0.83
63.3,22.3,42.33,0.4,0.84
63.4,22.3,42.3,0.4,0.84
63.5,22.3,42.27,0.4,0.85
63.6,22.3,42.24,0.39,0.85
63.7,22.3,42.2,0.39,0.85
63.8,22.3,42.16,0.39,0.86
63.9,22.3,42.13,0.38,0.86
64,22.3,42.09,0.38,0.87
64.1,22.3,42.04,0.38,0.87
64.2,22.3,42,0.37,0.88
64.3,22.3,41.95,0.37,0.88
64.4,22.3,41.91,0.37,0.89
64.5,22.3,41.86,0.37,0.89
64.6,22.3,41.81,0.36,0.9
64.7,22.3,41.75,0.36,0.9
64.8,22.3,41.7,0.36,0.91
64.9,22.3,41.64,0.36,0.91
65,22.3,41.58,0.36,0.92
65.1,22.3,41.52,0.35,0.92
65.2,22.3,41.46,0.35,0.93
65.3,22.3,41.39,0.35,0.93
65.4,22.3,41.33,0.35,0.93
65.5,22.3,41.26,0.35,0.94
65.6,22.3,41.19,0.35,0.94
65.7,22.3,41.11,0.34,0.95
65.8,22.3,41.04,0.34,0.95
65.9,22.3,40.96,0.34,0.96
66,22.3,40.88,0.34,0.96
66.1,22.3,40.79,0.34,0.97
58,22.4,42.6,0.64,0.61
58.1,22.4,42.6,0.63,0.62
58.2,22.4,42.61,0.63,0.62
58.3,22.4,42.61,0.62,0.62
58.4,22.4,42.61,0.62,0.63
58.5,22.4,42.61,0.61,0.63
58.6,22.4,42.62,0.61,0.63
58.7,22.4,42.62,0.6,0.64
58.8,22.4,42.62,0.6,0.64
58.9,22.4,42.63,0.59,0.65
59,22.4,42.63,0.59,0.65
59.1,22.4,42.63,0.58,0.65
59.2,22.4,42.63,0.58,0.66
59.3,22.4,42.64,0.58,0.66
59.4,22.4,42.64,0.57,0.67
59.5,22.4,42.64,0.57,0.67
59.6,22.4,42.64,0.56,0.67
59.7,22.4,42.65,0.56,0.68
59.8,22.4,42.65,0.55,0.68
59.9,22.4,42.65,0.55,0.69
60,22.4,42.65,0.54,0.69
60.1,22.4,42.65,0.54,0.7
60.2,22.4,42.65,0.53,0.7
60.3,22.4,42.65,0.53,0.7
60.4,22.4,42.65,0.52,0.71
60.5,22.4,42.65,0.52,0.71
60.6,22.4,42.65,0.51,0.72
60.7,22.4,42.65,0.51,0.72
60.8,22.4,42.64,0.5,0.72
60.9,22.4,42.64,0.5,0.73
61,22.4,42.63,0.49,0.73
61.1,22.4,42.63,0.49,0.74
61.2,22.4,42.62,0.49,0.74
61.3,22.4,42.62,0.48,0.75
61.4,22.4,42.61,0.48,0.75
61.5,22.4,42.6,0.47,0.75
61.6,22.4,42.59,0.47,0.76
61.7,22.4,42.58,0.46,0.76
61.8,22.4,42.57,0.46,0.77
61.9,22.4,42.56,0.45,0.77
62,22.4,42.55,0.45,0.78
62.1,22.4,42.53,0.45,0.78
62.2,22.4,42.52,0.44,0.78
62.3,22.4,42.5,0.44,0.79
62.4,22.4,42.48,0.43,0.79
62.5,22.4,42.47,0.43,0.8
62.6,22.4,42.45,0.43,0.8
62.7,22.4,42.43,0.42,0.81
62.8,22.4,42.4,0.42,0.81
62.9,22.4,42.38,0.41,0.82
63,22.4,42.35,0.41,0.82
63.1,22.4,42.33,0.41,0.82
63.2,22.4,42.3,0.4,0.83
63.3,22.4,42.27,0.4,0.83
63.4,22.4,42.24,0.4,0.84
63.5,22.4,42.21,0.39,0.84
63.6,22.4,42.18,0.39,0.85
63.7,22.4,42.14,0.39,0.85
63.8,22.4,42.1,0.38,0.86
63.9,22.4,42.06,0.38,0.86
64,22.4,42.02,0.38,0.87
64.1,22.4,41.98,0.37,0.87
64.2,22.4,41.94,0.37,0.87
64.3,22.4,41.89,0.37,0.88
64.4,22.4,41.85,0.37,0.88
64.5,22.4,41.8,0.36,0.89
64.6,22.4,41.75,0.36,0.89
64.7,22.4,41.69,0.36,0.9
64.8,22.4,41.64,0.36,0.9
64.9,22.4,41.58,0.36,0.91
65,22.4,41.52,0.35,0.91
65.1,22.4,41.46,0.35,0.92
65.2,22.4,41.4,0.35,0.92
65.3,22.4,41.33,0.35,0.93
65.4,22.4,41.27,0.35,0.93
65.5,22.4,41.2,0.34,0.94
65.6,22.4,41.13,0.34,0.94
65.7,22.4,41.05,0.34,0.95
65.8,22.4,40.98,0.34,0.95
65.9,22.4,40.9,0.34,0.96
66,22.4,40.82,0.34,0.96
66.1,22.4,40.74,0.34,0.97
58,22.5,42.54,0.63,0.61
58.1,22.5,42.54,0.63,0.61
58.2,22.5,42.54,0.62,0.62
58.3,22.5,42.54,0.62,0.62
58.4,22.5,42.55,0.61,0.62
58.5,22.5,42.55,0.61,0.63
58.6,22.5,42.55,0.6,0.63
58.7,22.5,42.56,0.6,0.64
58.8,22.5,42.56,0.6,0.64
58.9,22.5,42.56,0.59,0.64
59,22.5,42.57,0.59,0.65
59.1,22.5,42.57,0.58,0.65
59.2,22.5,42.57,0.58,0.66
59.3,22.5,42.57,0.57,0.66
59.4,22.5,42.58,0.57,0.66
59.5,22.5,42.58,0.56,0.67
59.6,22.5,42.58,0.56,0.67
59.7,22.5,42.58,0.55,0.68
59.8,22.5,42.59,0.55,0.68
59.9,22.5,42.59,0.54,0.68
60,22.5,42.59,0.54,0.69
60.1,22.5,42.59,0.53,0.69
60.2,22.5,42.59,0.53,0.7
60.3,22.5,42.59,0.52,0.7
60.4,22.5,42.59,0.52,0.7
60.5,22.5,42.59,0.51,0.71
60.6,22.5,42.59,0.51,0.71
60.7,22.5,42.58,0.51,0.72
60.8,22.5,42.58,0.5,0.72
60.9,22.5,42.58,0.5,0.73
61,22.5,42.57,0.49,0.73
61.1,22.5,42.57,0.49,0.73
61.2,22.5,42.56,0.48,0.74
61.3,22.5,42.56,0.48,0.74
61.4,22.5,42.55,0.47,0.75
61.5,22.5,42.54,0.47,0.75
61.6,22.5,42.53,0.46,0.76
61.7,22.5,42.52,0.46,0.76
61.8,22.5,42.51,0.46,0.76
61.9,22.5,42.5,0.45,0.77
62,22.5,42.49,0.45,0.77
62.1,22.5,42.47,0.44,0.78
62.2,22.5,42.46,0.44,0.78
62.3,22.5,42.44,0.43,0.79
62.4,22.5,42.42,0.43,0.79
62.5,22.5,42.4,0.43,0.79
62.6,22.5,42.39,0.42,0.8
62.7,22.5,42.36,0.42,0.8
62.8,22.5,42.34,0.41,0.81
62.9,22.5,42.32,0.41,0.81
63,22.5,42.29,0.41,0.82
63.1,22.5,42.27,0.4,0.82
63.2,22.5,42.24,0.4,0.83
63.3,22.5,42.21,0.4,0.83
63.4,22.5,42.18,0.39,0.83
63.5,22.5,42.15,0.39,0.84
63.6,22.5,42.11,0.39,0.84
63.7,22.5,42.08,0.38,0.85
63.8,22.5,42.04,0.38,0.85
63.9,22.5,42,0.38,0.86
64,22.5,41.96,0.37,0.86
64.1,22.5,41.92,0.37,0.87
64.2,22.5,41.88,0.37,0.87
64.3,22.5,41.83,0.37,0.88
64.4,22.5,41.79,0.36,0.88
64.5,22.5,41.74,0.36,0.89
64.6,22.5,41.69,0.36,0.89
64.7,22.5,41.63,0.36,0.89
64.8,22.5,41.58,0.35,0.9
64.9,22.5,41.52,0.35,0.9
65,22.5,41.46,0.35,0.91
65.1,22.5,41.4,0.35,0.91
65.2,22.5,41.34,0.35,0.92
65.3,22.5,41.28,0.34,0.92
65.4,22.5,41.21,0.34,0.93
65.5,22.5,41.14,0.34,0.93
65.6,22.5,41.07,0.34,0.94
65.7,22.5,40.99,0.34,0.94
65.8,22.5,40.92,0.34,0.95
65.9,22.5,40.84,0.34,0.95
66,22.5,40.76,0.34,0.96
66.1,22.5,40.68,0.34,0.96
58,22.6,42.47,0.63,0.61
58.1,22.6,42.48,0.62,0.61
58.2,22.6,42.48,0.62,0.62
58.3,22.6,42.48,0.61,0.62
58.4,22.6,42.48,0.61,0.62
58.5,22.6,42.49,0.61,0.63
58.6,22.6,42.49,0.6,0.63
58.7,22.6,42.49,0.6,0.63
58.8,22.6,42.5,0.59,0.64
58.9,22.6,42.5,0.59,0.64
59,22.6,42.5,0.58,0.65
59.1,22.6,42.51,0.58,0.65
59.2,22.6,42.51,0.57,0.65
59.3,22.6,42.51,0.57,0.66
59.4,22.6,42.51,0.56,0.66
59.5,22.6,42.52,0.56,0.67
59.6,22.6,42.52,0.55,0.67
59.7,22.6,42.52,0.55,0.67
59.8,22.6,42.52,0.54,0.68
59.9,22.6,42.53,0.54,0.68
60,22.6,42.53,0.53,0.69
60.1,22.6,42.53,0.53,0.69
60.2,22.6,42.53,0.53,0.69
60.3,22.6,42.53,0.52,0.7
60.4,22.6,42.53,0.52,0.7
60.5,22.6,42.53,0.51,0.71
60.6,22.6,42.52,0.51,0.71
60.7,22.6,42.52,0.5,0.71
60.8,22.6,42.52,0.5,0.72
60.9,22.6,42.52,0.49,0.72
61,22.6,42.51,0.49,0.73
61.1,22.6,42.51,0.48,0.73
61.2,22.6,42.5,0.48,0.74
61.3,22.6,42.49,0.47,0.74
61.4,22.6,42.49,0.47,0.74
61.5,22.6,42.48,0.47,0.75
61.6,22.6,42.47,0.46,0.75
61.7,22.6,42.46,0.46,0.76
61.8,22.6,42.45,0.45,0.76
61.9,22.6,42.44,0.45,0.77
62,22.6,42.42,0.44,0.77
62.1,22.6,42.41,0.44,0.77
62.2,22.6,42.4,0.44,0.78
62.3,22.6,42.38,0.43,0.78
62.4,22.6,42.36,0.43,0.79
62.5,22.6,42.34,0.42,0.79
62.6,22.6,42.33,0.42,0.8
62.7,22.6,42.3,0.42,0.8
62.8,22.6,42.28,0.41,0.8
62.9,22.6,42.26,0.41,0.81
63,22.6,42.23,0.4,0.81
63.1,22.6,42.21,0.4,0.82
63.2,22.6,42.18,0.4,0.82
63.3,22.6,42.15,0.39,0.83
63.4,22.6,42.12,0.39,0.83
63.5,22.6,42.09,0.39,0.84
63.6,22.6,42.06,0.38,0.84
63.7,22.6,42.02,0.38,0.85
63.8,22.6,41.98,0.38,0.85
63.9,22.6,41.95,0.37,0.85
64,22.6,41.91,0.37,0.86
64.1,22.6,41.86,0.37,0.86
64.2,22.6,41.82,0.37,0.87
64.3,22.6,41.78,0.36,0.87
64.4,22.6,41.73,0.36,0.88
64.5,22.6,41.68,0.36,0.88
64.6,22.6,41.63,0.36,0.89
64.7,22.6,41.58,0.35,0.89
64.8,22.6,41.52,0.35,0.9
64.9,22.6,41.46,0.35,0.9
65,22.6,41.41,0.35,0.91
65.1,22.6,41.35,0.35,0.91
65.2,22.6,41.28,0.34,0.91
65.3,22.6,41.22,0.34,0.92
65.4,22.6,41.15,0.34,0.92
65.5,22.6,41.08,0.34,0.93
65.6,22.6,41.01,0.34,0.93
65.7,22.6,40.94,0.34,0.94
65.8,22.6,40.86,0.34,0.94
65.9,22.6,40.78,0.33,0.95
66,22.6,40.7,0.33,0.95
66.1,22.6,40.62,0.33,0.96
58,22.7,42.41,0.62,0.61
58.1,22.7,42.42,0.62,0.61
58.2,22.7,42.42,0.62,0.61
58.3,22.7,42.42,0.61,0.62
58.4,22.7,42.42,0.61,0.62
58.5,22.7,42.43,0.6,0.62
58.6,22.7,42.43,0.6,0.63
58.7,22.7,42.43,0.59,0.63
58.8,22.7,42.44,0.59,0.64
58.9,22.7,42.44,0.58,0.64
59,22.7,42.44,0.58,0.64
59.1,22.7,42.44,0.57,0.65
59.2,22.7,42.45,0.57,0.65
59.3,22.7,42.45,0.56,0.66
59.4,22.7,42.45,0.56,0.66
59.5,22.7,42.46,0.55,0.66
59.6,22.7,42.46,0.55,0.67
59.7,22.7,42.46,0.55,0.67
59.8,22.7,42.46,0.54,0.68
59.9,22.7,42.46,0.54,0.68
60,22.7,42.47,0.53,0.68
60.1,22.7,42.47,0.53,0.69
60.2,22.7,42.47,0.52,0.69
60.3,22.7,42.47,0.52,0.7
60.4,22.7,42.47,0.51,0.7
60.5,22.7,42.46,0.51,0.7
60.6,22.7,42.46,0.5,0.71
60.7,22.7,42.46,0.5,0.71
60.8,22.7,42.46,0.49,0.72
60.9,22.7,42.46,0.49,0.72
61,22.7,42.45,0.48,0.72
61.1,22.7,42.45,0.48,0.73
61.2,22.7,42.44,0.48,0.73
61.3,22.7,42.43,0.47,0.74
61.4,22.7,42.43,0.47,0.74
61.5,22.7,42.42,0.46,0.75
61.6,22.7,42.41,0.46,0.75
61.7,22.7,42.4,0.45,0.75
61.8,22.7,42.39,0.45,0.76
61.9,22.7,42.38,0.44,0.76
62,22.7,42.37,0.44,0.77
62.1,22.7,42.35,0.44,0.77
62.2,22.7,42.34,0.43,0.78
62.3,22.7,42.32,0.43,0.78
62.4,22.7,42.3,0.42,0.78
62.5,22.7,42.29,0.42,0.79
62.6,22.7,42.27,0.42,0.79
62.7,22.7,42.24,0.41,0.8
62.8,22.7,42.22,0.41,0.8
62.9,22.7,42.2,0.41,0.81
63,22.7,42.17,0.4,0.81
63.1,22.7,42.15,0.4,0.82
63.2,22.7,42.12,0.39,0.82
63.3,22.7,42.09,0.39,0.82
63.4,22.7,42.06,0.39,0.83
63.5,22.7,42.03,0.38,0.83
63.6,22.7,42,0.38,0.84
63.7,22.7,41.96,0.38,0.84
63.8,22.7,41.93,0.37,0.85
63.9,22.7,41.89,0.37,0.85
64,22.7,41.85,0.37,0.86
64.1,22.7,41.81,0.37,0.86
64.2,22.7,41.76,0.36,0.86
64.3,22.7,41.72,0.36,0.87
64.4,22.7,41.67,0.36,0.87
64.5,22.7,41.62,0.36,0.88
64.6,22.7,41.57,0.35,0.88
64.7,22.7,41.52,0.35,0.89
64.8,22.7,41.46,0.35,0.89
64.9,22.7,41.41,0.35,0.9
65,22.7,41.35,0.35,0.9
65.1,22.7,41.29,0.34,0.91
65.2,22.7,41.23,0.34,0.91
65.3,22.7,41.16,0.34,0.92
65.4,22.7,41.09,0.34,0.92
65.5,22.7,41.03,0.34,0.93
65.6,22.7,40.95,0.34,0.93
65.7,22.7,40.88,0.33,0.94
65.8,22.7,40.8,0.33,0.94
65.9,22.7,40.73,0.33,0.95
66,22.7,40.65,0.33,0.95
66.1,22.7,40.56,0.33,0.95
58,22.8,42.35,0.62,0.6
58.1,22.8,42.35,0.62,0.61
58.2,22.8,42.36,0.61,0.61
58.3,22.8,42.36,0.61,0.61
58.4,22.8,42.36,0.6,0.62
58.5,22.8,42.37,0.6,0.62
58.6,22.8,42.37,0.59,0.63
58.7,22.8,42.37,0.59,0.63
58.8,22.8,42.37,0.58,0.63
58.9,22.8,42.38,0.58,0.64
59,22.8,42.38,0.57,0.64
59.1,22.8,42.38,0.57,0.65
59.2,22.8,42.39,0.56,0.65
59.3,22.8,42.39,0.56,0.65
59.4,22.8,42.39,0.56,0.66
59.5,22.8,42.4,0.55,0.66
59.6,22.8,42.4,0.55,0.67
59.7,22.8,42.4,0.54,0.67
59.8,22.8,42.4,0.54,0.67
59.9,22.8,42.4,0.53,0.68
60,22.8,42.41,0.53,0.68
60.1,22.8,42.41,0.52,0.69
60.2,22.8,42.41,0.52,0.69
60.3,22.8,42.41,0.51,0.69
60.4,22.8,42.41,0.51,0.7
60.5,22.8,42.41,0.5,0.7
60.6,22.8,42.4,0.5,0.71
60.7,22.8,42.4,0.49,0.71
60.8,22.8,42.4,0.49,0.71
60.9,22.8,42.4,0.49,0.72
61,22.8,42.39,0.48,0.72
61.1,22.8,42.39,0.48,0.73
61.2,22.8,42.38,0.47,0.73
61.3,22.8,42.37,0.47,0.73
61.4,22.8,42.37,0.46,0.74
61.5,22.8,42.36,0.46,0.74
61.6,22.8,42.35,0.45,0.75
61.7,22.8,42.34,0.45,0.75
61.8,22.8,42.33,0.45,0.76
61.9,22.8,42.32,0.44,0.76
62,22.8,42.31,0.44,0.76
62.1,22.8,42.29,0.43,0.77
62.2,22.8,42.28,0.43,0.77
62.3,22.8,42.26,0.43,0.78
62.4,22.8,42.24,0.42,0.78
62.5,22.8,42.23,0.42,0.79
62.6,22.8,42.21,0.41,0.79
62.7,22.8,42.19,0.41,0.79
62.8,22.8,42.16,0.41,0.8
62.9,22.8,42.14,0.4,0.8
63,22.8,42.12,0.4,0.81
63.1,22.8,42.09,0.4,0.81
63.2,22.8,42.06,0.39,0.82
63.3,22.8,42.03,0.39,0.82
63.4,22.8,42,0.38,0.83
63.5,22.8,41.97,0.38,0.83
63.6,22.8,41.94,0.38,0.83
63.7,22.8,41.9,0.38,0.84
63.8,22.8,41.87,0.37,0.84
63.9,22.8,41.83,0.37,0.85
64,22.8,41.79,0.37,0.85
64.1,22.8,41.75,0.36,0.86
64.2,22.8,41.71,0.36,0.86
64.3,22.8,41.66,0.36,0.87
64.4,22.8,41.61,0.36,0.87
64.5,22.8,41.56,0.35,0.88
64.6,22.8,41.51,0.35,0.88
64.7,22.8,41.46,0.35,0.88
64.8,22.8,41.41,0.35,0.89
64.9,22.8,41.35,0.34,0.89
65,22.8,41.29,0.34,0.9
65.1,22.8,41.23,0.34,0.9
65.2,22.8,41.17,0.34,0.91
65.3,22.8,41.1,0.34,0.91
65.4,22.8,41.04,0.34,0.92
65.5,22.8,40.97,0.33,0.92
65.6,22.8,40.9,0.33,0.93
65.7,22.8,40.82,0.33,0.93
65.8,22.8,40.75,0.33,0.94
65.9,22.8,40.67,0.33,0.94
66,22.8,40.59,0.33,0.95
66.1,22.8,40.51,0.33,0.95
58,22.9,42.29,0.62,0.6
58.1,22.9,42.29,0.61,0.6
58.2,22.9,42.3,0.61,0.61
58.3,22.9,42.3,0.6,0.61
58.4,22.9,42.3,0.6,0.62
58.5,22.9,42.31,0.59,0.62
58.6,22.9,42.31,0.59,0.62
58.7,22.9,42.31,0.58,0.63
58.8,22.9,42.31,0.58,0.63
58.9,22.9,42.32,0.58,0.64
59,22.9,42.32,0.57,0.64
59.1,22.9,42.32,0.57,0.64
59.2,22.9,42.33,0.56,0.65
59.3,22.9,42.33,0.56,0.65
59.4,22.9,42.33,0.55,0.65
59.5,22.9,42.34,0.55,0.66
59.6,22.9,42.34,0.54,0.66
59.7,22.9,42.34,0.54,0.67
59.8,22.9,42.34,0.53,0.67
59.9,22.9,42.34,0.53,0.67
60,22.9,42.35,0.52,0.68
60.1,22.9,42.35,0.52,0.68
60.2,22.9,42.35,0.51,0.69
60.3,22.9,42.35,0.51,0.69
60.4,22.9,42.35,0.51,0.69
60.5,22.9,42.35,0.5,0.7
60.6,22.9,42.34,0.5,0.7
60.7,22.9,42.34,0.49,0.71
60.8,22.9,42.34,0.49,0.71
60.9,22.9,42.34,0.48,0.72
61,22.9,42.33,0.48,0.72
61.1,22.9,42.33,0.47,0.72
61.2,22.9,42.32,0.47,0.73
61.3,22.9,42.32,0.46,0.73
61.4,22.9,42.31,0.46,0.74
61.5,22.9,42.3,0.46,0.74
61.6,22.9,42.29,0.45,0.74
61.7,22.9,42.28,0.45,0.75
61.8,22.9,42.27,0.44,0.75
61.9,22.9,42.26,0.44,0.76
62,22.9,42.25,0.43,0.76
62.1,22.9,42.23,0.43,0.77
62.2,22.9,42.22,0.43,0.77
62.3,22.9,42.2,0.42,0.77
62.4,22.9,42.19,0.42,0.78
62.5,22.9,42.17,0.41,0.78
62.6,22.9,42.15,0.41,0.79
62.7,22.9,42.13,0.41,0.79
62.8,22.9,42.11,0.4,0.8
62.9,22.9,42.08,0.4,0.8
63,22.9,42.06,0.4,0.8
63.1,22.9,42.03,0.39,0.81
63.2,22.9,42.01,0.39,0.81
63.3,22.9,41.98,0.39,0.82
63.4,22.9,41.95,0.38,0.82
63.5,22.9,41.92,0.38,0.83
63.6,22.9,41.88,0.38,0.83
63.7,22.9,41.85,0.37,0.84
63.8,22.9,41.81,0.37,0.84
63.9,22.9,41.77,0.37,0.85
64,22.9,41.73,0.36,0.85
64.1,22.9,41.69,0.36,0.85
64.2,22.9,41.65,0.36,0.86
64.3,22.9,41.6,0.36,0.86
64.4,22.9,41.56,0.35,0.87
64.5,22.9,41.51,0.35,0.87
64.6,22.9,41.46,0.35,0.88
64.7,22.9,41.41,0.35,0.88
64.8,22.9,41.35,0.34,0.89
64.9,22.9,41.3,0.34,0.89
65,22.9,41.24,0.34,0.9
65.1,22.9,41.18,0.34,0.9
65.2,22.9,41.11,0.34,0.91
65.3,22.9,41.05,0.34,0.91
65.4,22.9,40.98,0.33,0.91
65.5,22.9,40.91,0.33,0.92
65.6,22.9,40.84,0.33,0.92
65.7,22.9,40.77,0.33,0.93
65.8,22.9,40.69,0.33,0.93
65.9,22.9,40.62,0.33,0.94
66,22.9,40.54,0.33,0.94
66.1,22.9,40.45,0.33,0.95
58,23,42.23,0.61,0.6
58.1,23,42.24,0.61,0.6
58.2,23,42.24,0.6,0.61
58.3,23,42.24,0.6,0.61
58.4,23,42.24,0.59,0.61
58.5,23,42.25,0.59,0.62
58.6,23,42.25,0.59,0.62
58.7,23,42.25,0.58,0.63
58.8,23,42.26,0.58,0.63
58.9,23,42.26,0.57,0.63
59,23,42.26,0.57,0.64
59.1,23,42.27,0.56,0.64
59.2,23,42.27,0.56,0.64
59.3,23,42.27,0.55,0.65
59.4,23,42.28,0.55,0.65
59.5,23,42.28,0.54,0.66
59.6,23,42.28,0.54,0.66
59.7,23,42.28,0.53,0.66
59.8,23,42.28,0.53,0.67
59.9,23,42.29,0.53,0.67
60,23,42.29,0.52,0.68
60.1,23,42.29,0.52,0.68
60.2,23,42.29,0.51,0.68
60.3,23,42.29,0.51,0.69
60.4,23,42.29,0.5,0.69
60.5,23,42.29,0.5,0.7
60.6,23,42.29,0.49,0.7
60.7,23,42.28,0.49,0.7
60.8,23,42.28,0.48,0.71
60.9,23,42.28,0.48,0.71
61,23,42.28,0.47,0.72
61.1,23,42.27,0.47,0.72
61.2,23,42.27,0.47,0.73
61.3,23,42.26,0.46,0.73
61.4,23,42.25,0.46,0.73
61.5,23,42.24,0.45,0.74
61.6,23,42.24,0.45,0.74
61.7,23,42.23,0.44,0.75
61.8,23,42.22,0.44,0.75
61.9,23,42.2,0.44,0.75
62,23,42.19,0.43,0.76
62.1,23,42.18,0.43,0.76
62.2,23,42.16,0.42,0.77
62.3,23,42.15,0.42,0.77
62.4,23,42.13,0.42,0.78
62.5,23,42.11,0.41,0.78
62.6,23,42.09,0.41,0.78
62.7,23,42.07,0.4,0.79
62.8,23,42.05,0.4,0.79
62.9,23,42.03,0.4,0.8
63,23,42,0.39,0.8
63.1,23,41.98,0.39,0.81
63.2,23,41.95,0.39,0.81
63.3,23,41.92,0.38,0.82
63.4,23,41.89,0.38,0.82
63.5,23,41.86,0.38,0.82
63.6,23,41.83,0.37,0.83
63.7,23,41.79,0.37,0.83
63.8,23,41.76,0.37,0.84
63.9,23,41.72,0.36,0.84
64,23,41.68,0.36,0.85
64.1,23,41.64,0.36,0.85
64.2,23,41.59,0.36,0.86
64.3,23,41.55,0.35,0.86
64.4,23,41.5,0.35,0.86
64.5,23,41.45,0.35,0.87
64.6,23,41.4,0.35,0.87
64.7,23,41.35,0.34,0.88
64.8,23,41.3,0.34,0.88
64.9,23,41.24,0.34,0.89
65,23,41.18,0.34,0.89
65.1,23,41.12,0.34,0.9
65.2,23,41.06,0.33,0.9
65.3,23,41,0.33,0.91
65.4,23,40.93,0.33,0.91
65.5,23,40.86,0.33,0.92
65.6,23,40.79,0.33,0.92
65.7,23,40.72,0.33,0.93
65.8,23,40.64,0.33,0.93
65.9,23,40.56,0.33,0.93
66,23,40.48,0.33,0.94
66.1,23,40.4,0.32,0.94
58,23.1,42.17,0.61,0.6
58.1,23.1,42.18,0.6,0.6
58.2,23.1,42.18,0.6,0.6
58.3,23.1,42.18,0.59,0.61
58.4,23.1,42.19,0.59,0.61
58.5,23.1,42.19,0.59,0.62
58.6,23.1,42.19,0.58,0.62
58.7,23.1,42.19,0.58,0.62
58.8,23.1,42.2,0.57,0.63
58.9,23.1,42.2,0.57,0.63
59,23.1,42.2,0.56,0.63
59.1,23.1,42.21,0.56,0.64
59.2,23.1,42.21,0.55,0.64
59.3,23.1,42.21,0.55,0.65
59.4,23.1,42.22,0.54,0.65
59.5,23.1,42.22,0.54,0.65
59.6,23.1,42.22,0.54,0.66
59.7,23.1,42.23,0.53,0.66
59.8,23.1,42.23,0.53,0.67
59.9,23.1,42.23,0.52,0.67
60,23.1,42.23,0.52,0.67
60.1,23.1,42.23,0.51,0.68
60.2,23.1,42.23,0.51,0.68
60.3,23.1,42.23,0.5,0.69
60.4,23.1,42.23,0.5,0.69
60.5,23.1,42.23,0.49,0.69
60.6,23.1,42.23,0.49,0.7
60.7,23.1,42.23,0.49,0.7
60.8,23.1,42.23,0.48,0.71
60.9,23.1,42.22,0.48,0.71
61,23.1,42.22,0.47,0.71
61.1,23.1,42.21,0.47,0.72
61.2,23.1,42.21,0.46,0.72
61.3,23.1,42.2,0.46,0.73
61.4,23.1,42.2,0.45,0.73
61.5,23.1,42.19,0.45,0.74
61.6,23.1,42.18,0.45,0.74
61.7,23.1,42.17,0.44,0.74
61.8,23.1,42.16,0.44,0.75
61.9,23.1,42.15,0.43,0.75
62,23.1,42.14,0.43,0.76
62.1,23.1,42.12,0.43,0.76
62.2,23.1,42.11,0.42,0.76
62.3,23.1,42.09,0.42,0.77
62.4,23.1,42.07,0.41,0.77
62.5,23.1,42.06,0.41,0.78
62.6,23.1,42.04,0.41,0.78
62.7,23.1,42.02,0.4,0.79
62.8,23.1,42,0.4,0.79
62.9,23.1,41.97,0.39,0.79
63,23.1,41.95,0.39,0.8
63.1,23.1,41.92,0.39,0.8
63.2,23.1,41.89,0.38,0.81
63.3,23.1,41.87,0.38,0.81
63.4,23.1,41.84,0.38,0.82
63.5,23.1,41.8,0.37,0.82
63.6,23.1,41.77,0.37,0.83
63.7,23.1,41.74,0.37,0.83
63.8,23.1,41.7,0.37,0.83
63.9,23.1,41.66,0.36,0.84
64,23.1,41.62,0.36,0.84
64.1,23.1,41.58,0.36,0.85
64.2,23.1,41.54,0.35,0.85
64.3,23.1,41.49,0.35,0.86
64.4,23.1,41.45,0.35,0.86
64.5,23.1,41.4,0.35,0.87
64.6,23.1,41.35,0.34,0.87
64.7,23.1,41.3,0.34,0.88
64.8,23.1,41.24,0.34,0.88
64.9,23.1,41.19,0.34,0.88
65,23.1,41.13,0.34,0.89
65.1,23.1,41.07,0.33,0.89
65.2,23.1,41.01,0.33,0.9
65.3,23.1,40.94,0.33,0.9
65.4,23.1,40.88,0.33,0.91
65.5,23.1,40.81,0.33,0.91
65.6,23.1,40.74,0.33,0.92
65.7,23.1,40.66,0.33,0.92
65.8,23.1,40.59,0.33,0.93
65.9,23.1,40.51,0.32,0.93
66,23.1,40.43,0.32,0.94
66.1,23.1,40.35,0.32,0.94
58,23.2,42.12,0.6,0.6
58.1,23.2,42.12,0.6,0.6
58.2,23.2,42.12,0.6,0.6
58.3,23.2,42.13,0.59,0.61
58.4,23.2,42.13,0.59,0.61
58.5,23.2,42.13,0.58,0.61
58.6,23.2,42.13,0.58,0.62
58.7,23.2,42.14,0.57,0.62
58.8,23.2,42.14,0.57,0.63
58.9,23.2,42.14,0.56,0.63
59,23.2,42.15,0.56,0.63
59.1,23.2,42.15,0.56,0.64
59.2,23.2,42.15,0.55,0.64
59.3,23.2,42.16,0.55,0.64
59.4,23.2,42.16,0.54,0.65
59.5,23.2,42.16,0.54,0.65
59.6,23.2,42.17,0.53,0.66
59.7,23.2,42.17,0.53,0.66
59.8,23.2,42.17,0.52,0.66
59.9,23.2,42.17,0.52,0.67
60,23.2,42.17,0.51,0.67
60.1,23.2,42.18,0.51,0.68
60.2,23.2,42.18,0.5,0.68
60.3,23.2,42.18,0.5,0.68
60.4,23.2,42.18,0.5,0.69
60.5,23.2,42.18,0.49,0.69
60.6,23.2,42.17,0.49,0.7
60.7,23.2,42.17,0.48,0.7
60.8,23.2,42.17,0.48,0.7
60.9,23.2,42.17,0.47,0.71
61,23.2,42.16,0.47,0.71
61.1,23.2,42.16,0.46,0.72
61.2,23.2,42.15,0.46,0.72
61.3,23.2,42.15,0.46,0.72
61.4,23.2,42.14,0.45,0.73
61.5,23.2,42.13,0.45,0.73
61.6,23.2,42.12,0.44,0.74
61.7,23.2,42.11,0.44,0.74
61.8,23.2,42.1,0.43,0.75
61.9,23.2,42.09,0.43,0.75
62,23.2,42.08,0.43,0.75
62.1,23.2,42.07,0.42,0.76
62.2,23.2,42.05,0.42,0.76
62.3,23.2,42.04,0.41,0.77
62.4,23.2,42.02,0.41,0.77
62.5,23.2,42,0.41,0.77
62.6,23.2,41.98,0.4,0.78
62.7,23.2,41.96,0.4,0.78
62.8,23.2,41.94,0.4,0.79
62.9,23.2,41.92,0.39,0.79
63,23.2,41.89,0.39,0.8
63.1,23.2,41.87,0.39,0.8
63.2,23.2,41.84,0.38,0.81
63.3,23.2,41.81,0.38,0.81
63.4,23.2,41.78,0.38,0.81
63.5,23.2,41.75,0.37,0.82
63.6,23.2,41.72,0.37,0.82
63.7,23.2,41.68,0.37,0.83
63.8,23.2,41.65,0.36,0.83
63.9,23.2,41.61,0.36,0.84
64,23.2,41.57,0.36,0.84
64.1,23.2,41.53,0.35,0.85
64.2,23.2,41.49,0.35,0.85
64.3,23.2,41.44,0.35,0.85
64.4,23.2,41.39,0.35,0.86
64.5,23.2,41.35,0.34,0.86
64.6,23.2,41.3,0.34,0.87
64.7,23.2,41.24,0.34,0.87
64.8,23.2,41.19,0.34,0.88
64.9,23.2,41.13,0.34,0.88
65,23.2,41.08,0.33,0.89
65.1,23.2,41.02,0.33,0.89
65.2,23.2,40.95,0.33,0.9
65.3,23.2,40.89,0.33,0.9
65.4,23.2,40.82,0.33,0.9
65.5,23.2,40.75,0.33,0.91
65.6,23.2,40.68,0.33,0.91
65.7,23.2,40.61,0.32,0.92
65.8,23.2,40.54,0.32,0.92
65.9,23.2,40.46,0.32,0.93
66,23.2,40.38,0.32,0.93
66.1,23.2,40.3,0.32,0.94
58,23.3,42.06,0.6,0.59
58.1,23.3,42.06,0.6,0.6
58.2,23.3,42.07,0.59,0.6
58.3,23.3,42.07,0.59,0.6
58.4,23.3,42.07,0.58,0.61
58.5,23.3,42.08,0.58,0.61
58.6,23.3,42.08,0.57,0.62
58.7,23.3,42.08,0.57,0.62
58.8,23.3,42.09,0.57,0.62
58.9,23.3,42.09,0.56,0.63
59,23.3,42.09,0.56,0.63
59.1,23.3,42.1,0.55,0.63
59.2,23.3,42.1,0.55,0.64
59.3,23.3,42.1,0.54,0.64
59.4,23.3,42.11,0.54,0.65
59.5,23.3,42.11,0.53,0.65
59.6,23.3,42.11,0.53,0.65
59.7,23.3,42.11,0.52,0.66
59.8,23.3,42.12,0.52,0.66
59.9,23.3,42.12,0.52,0.67
60,23.3,42.12,0.51,0.67
60.1,23.3,42.12,0.51,0.67
60.2,23.3,42.12,0.5,0.68
60.3,23.3,42.12,0.5,0.68
60.4,23.3,42.12,0.49,0.69
60.5,23.3,42.12,0.49,0.69
60.6,23.3,42.12,0.48,0.69
60.7,23.3,42.12,0.48,0.7
60.8,23.3,42.11,0.47,0.7
60.9,23.3,42.11,0.47,0.71
61,23.3,42.11,0.47,0.71
61.1,23.3,42.1,0.46,0.71
61.2,23.3,42.1,0.46,0.72
61.3,23.3,42.09,0.45,0.72
61.4,23.3,42.09,0.45,0.73
61.5,23.3,42.08,0.44,0.73
61.6,23.3,42.07,0.44,0.73
61.7,23.3,42.06,0.44,0.74
61.8,23.3,42.05,0.43,0.74
61.9,23.3,42.04,0.43,0.75
62,23.3,42.03,0.42,0.75
62.1,23.3,42.01,0.42,0.76
62.2,23.3,42,0.42,0.76
62.3,23.3,41.98,0.41,0.76
62.4,23.3,41.97,0.41,0.77
62.5,23.3,41.95,0.4,0.77
62.6,23.3,41.93,0.4,0.78
62.7,23.3,41.91,0.4,0.78
62.8,23.3,41.89,0.39,0.79
62.9,23.3,41.86,0.39,0.79
63,23.3,41.84,0.39,0.79
63.1,23.3,41.81,0.38,0.8
63.2,23.3,41.79,0.38,0.8
63.3,23.3,41.76,0.38,0.81
63.4,23.3,41.73,0.37,0.81
63.5,23.3,41.7,0.37,0.82
63.6,23.3,41.66,0.37,0.82
63.7,23.3,41.63,0.36,0.82
63.8,23.3,41.59,0.36,0.83
63.9,23.3,41.56,0.36,0.83
64,23.3,41.52,0.36,0.84
64.1,23.3,41.48,0.35,0.84
64.2,23.3,41.43,0.35,0.85
64.3,23.3,41.39,0.35,0.85
64.4,23.3,41.34,0.35,0.86
64.5,23.3,41.29,0.34,0.86
64.6,23.3,41.24,0.34,0.86
64.7,23.3,41.19,0.34,0.87
64.8,23.3,41.14,0.34,0.87
64.9,23.3,41.08,0.33,0.88
65,23.3,41.02,0.33,0.88
65.1,23.3,40.96,0.33,0.89
65.2,23.3,40.9,0.33,0.89
65.3,23.3,40.84,0.33,0.9
65.4,23.3,40.77,0.33,0.9
65.5,23.3,40.7,0.33,0.91
65.6,23.3,40.63,0.32,0.91
65.7,23.3,40.56,0.32,0.92
65.8,23.3,40.48,0.32,0.92
65.9,23.3,40.41,0.32,0.92
66,23.3,40.33,0.32,0.93
66.1,23.3,40.24,0.32,0.93
58,23.4,42.01,0.6,0.59
58.1,23.4,42.01,0.59,0.6
58.2,23.4,42.01,0.59,0.6
58.3,23.4,42.01,0.58,0.6
58.4,23.4,42.02,0.58,0.61
58.5,23.4,42.02,0.57,0.61
58.6,23.4,42.02,0.57,0.61
58.7,23.4,42.03,0.57,0.62
58.8,23.4,42.03,0.56,0.62
58.9,23.4,42.03,0.56,0.62
59,23.4,42.04,0.55,0.63
59.1,23.4,42.04,0.55,0.63
59.2,23.4,42.04,0.54,0.64
59.3,23.4,42.05,0.54,0.64
59.4,23.4,42.05,0.53,0.64
59.5,23.4,42.05,0.53,0.65
59.6,23.4,42.06,0.53,0.65
59.7,23.4,42.06,0.52,0.66
59.8,23.4,42.06,0.52,0.66
59.9,23.4,42.06,0.51,0.66
60,23.4,42.06,0.51,0.67
60.1,23.4,42.07,0.5,0.67
60.2,23.4,42.07,0.5,0.68
60.3,23.4,42.07,0.49,0.68
60.4,23.4,42.07,0.49,0.68
60.5,23.4,42.07,0.49,0.69
60.6,23.4,42.06,0.48,0.69
60.7,23.4,42.06,0.48,0.7
60.8,23.4,42.06,0.47,0.7
60.9,23.4,42.06,0.47,0.7
61,23.4,42.05,0.46,0.71
61.1,23.4,42.05,0.46,0.71
61.2,23.4,42.04,0.45,0.72
61.3,23.4,42.04,0.45,0.72
61.4,23.4,42.03,0.45,0.72
61.5,23.4,42.02,0.44,0.73
61.6,23.4,42.02,0.44,0.73
61.7,23.4,42.01,0.43,0.74
61.8,23.4,42,0.43,0.74
61.9,23.4,41.98,0.43,0.74
62,23.4,41.97,0.42,0.75
62.1,23.4,41.96,0.42,0.75
62.2,23.4,41.94,0.41,0.76
62.3,23.4,41.93,0.41,0.76
62.4,23.4,41.91,0.41,0.77
62.5,23.4,41.89,0.4,0.77
62.6,23.4,41.88,0.4,0.77
62.7,23.4,41.86,0.39,0.78
62.8,23.4,41.83,0.39,0.78
62.9,23.4,41.81,0.39,0.79
63,23.4,41.79,0.38,0.79
63.1,23.4,41.76,0.38,0.8
63.2,23.4,41.73,0.38,0.8
63.3,23.4,41.71,0.37,0.8
63.4,23.4,41.68,0.37,0.81
63.5,23.4,41.64,0.37,0.81
63.6,23.4,41.61,0.36,0.82
63.7,23.4,41.58,0.36,0.82
63.8,23.4,41.54,0.36,0.83
63.9,23.4,41.5,0.36,0.83
64,23.4,41.46,0.35,0.83
64.1,23.4,41.42,0.35,0.84
64.2,23.4,41.38,0.35,0.84
64.3,23.4,41.34,0.35,0.85
64.4,23.4,41.29,0.34,0.85
64.5,23.4,41.24,0.34,0.86
64.6,23.4,41.19,0.34,0.86
64.7,23.4,41.14,0.34,0.87
64.8,23.4,41.09,0.33,0.87
64.9,23.4,41.03,0.33,0.88
65,23.4,40.97,0.33,0.88
65.1,23.4,40.91,0.33,0.88
65.2,23.4,40.85,0.33,0.89
65.3,23.4,40.79,0.33,0.89
65.4,23.4,40.72,0.32,0.9
65.5,23.4,40.65,0.32,0.9
65.6,23.4,40.58,0.32,0.91
65.7,23.4,40.51,0.32,0.91
65.8,23.4,40.43,0.32,0.92
65.9,23.4,40.36,0.32,0.92
66,23.4,40.28,0.32,0.93
66.1,23.4,40.19,0.32,0.93
58,23.5,41.95,0.59,0.59
58.1,23.5,41.95,0.59,0.59
58.2,23.5,41.96,0.58,0.6
58.3,23.5,41.96,0.58,0.6
58.4,23.5,41.96,0.58,0.6
58.5,23.5,41.97,0.57,0.61
58.6,23.5,41.97,0.57,0.61
58.7,23.5,41.97,0.56,0.62
58.8,23.5,41.98,0.56,0.62
58.9,23.5,41.98,0.55,0.62
59,23.5,41.98,0.55,0.63
59.1,23.5,41.99,0.54,0.63
59.2,23.5,41.99,0.54,0.63
59.3,23.5,41.99,0.54,0.64
59.4,23.5,42,0.53,0.64
59.5,23.5,42,0.53,0.65
59.6,23.5,42,0.52,0.65
59.7,23.5,42,0.52,0.65
59.8,23.5,42.01,0.51,0.66
59.9,23.5,42.01,0.51,0.66
60,23.5,42.01,0.5,0.67
60.1,23.5,42.01,0.5,0.67
60.2,23.5,42.01,0.5,0.67
60.3,23.5,42.01,0.49,0.68
60.4,23.5,42.01,0.49,0.68
60.5,23.5,42.01,0.48,0.68
60.6,23.5,42.01,0.48,0.69
60.7,23.5,42.01,0.47,0.69
60.8,23.5,42.01,0.47,0.7
60.9,23.5,42,0.46,0.7
61,23.5,42,0.46,0.7
61.1,23.5,42,0.46,0.71
61.2,23.5,41.99,0.45,0.71
61.3,23.5,41.98,0.45,0.72
61.4,23.5,41.98,0.44,0.72
61.5,23.5,41.97,0.44,0.73
61.6,23.5,41.96,0.44,0.73
61.7,23.5,41.95,0.43,0.73
61.8,23.5,41.94,0.43,0.74
61.9,23.5,41.93,0.42,0.74
62,23.5,41.92,0.42,0.75
62.1,23.5,41.91,0.42,0.75
62.2,23.5,41.89,0.41,0.75
62.3,23.5,41.88,0.41,0.76
62.4,23.5,41.86,0.4,0.76
62.5,23.5,41.84,0.4,0.77
62.6,23.5,41.82,0.4,0.77
62.7,23.5,41.8,0.39,0.78
62.8,23.5,41.78,0.39,0.78
62.9,23.5,41.76,0.39,0.78
63,23.5,41.73,0.38,0.79
63.1,23.5,41.71,0.38,0.79
63.2,23.5,41.68,0.38,0.8
63.3,23.5,41.65,0.37,0.8
63.4,23.5,41.62,0.37,0.81
63.5,23.5,41.59,0.37,0.81
63.6,23.5,41.56,0.36,0.81
63.7,23.5,41.53,0.36,0.82
63.8,23.5,41.49,0.36,0.82
63.9,23.5,41.45,0.35,0.83
64,23.5,41.41,0.35,0.83
64.1,23.5,41.37,0.35,0.84
64.2,23.5,41.33,0.35,0.84
64.3,23.5,41.29,0.34,0.85
64.4,23.5,41.24,0.34,0.85
64.5,23.5,41.19,0.34,0.85
64.6,23.5,41.14,0.34,0.86
64.7,23.5,41.09,0.34,0.86
64.8,23.5,41.04,0.33,0.87
64.9,23.5,40.98,0.33,0.87
65,23.5,40.92,0.33,0.88
65.1,23.5,40.86,0.33,0.88
65.2,23.5,40.8,0.33,0.89
65.3,23.5,40.74,0.32,0.89
65.4,23.5,40.67,0.32,0.9
65.5,23.5,40.6,0.32,0.9
65.6,23.5,40.53,0.32,0.9
65.7,23.5,40.46,0.32,0.91
65.8,23.5,40.38,0.32,0.91
65.9,23.5,40.31,0.32,0.92
66,23.5,40.23,0.32,0.92
66.1,23.5,40.15,0.32,0.93
58,23.6,41.9,0.59,0.59
58.1,23.6,41.9,0.58,0.59
58.2,23.6,41.9,0.58,0.6
58.3,23.6,41.91,0.58,0.6
58.4,23.6,41.91,0.57,0.6
58.5,23.6,41.91,0.57,0.61
58.6,23.6,41.92,0.56,0.61
58.7,23.6,41.92,0.56,0.61
58.8,23.6,41.92,0.55,0.62
58.9,23.6,41.93,0.55,0.62
59,23.6,41.93,0.55,0.62
59.1,23.6,41.93,0.54,0.63
59.2,23.6,41.94,0.54,0.63
59.3,23.6,41.94,0.53,0.64
59.4,23.6,41.94,0.53,0.64
59.5,23.6,41.95,0.52,0.64
59.6,23.6,41.95,0.52,0.65
59.7,23.6,41.95,0.51,0.65
59.8,23.6,41.95,0.51,0.66
59.9,23.6,41.96,0.51,0.66
60,23.6,41.96,0.5,0.66
60.1,23.6,41.96,0.5,0.67
60.2,23.6,41.96,0.49,0.67
60.3,23.6,41.96,0.49,0.67
60.4,23.6,41.96,0.48,0.68
60.5,23.6,41.96,0.48,0.68
60.6,23.6,41.96,0.48,0.69
60.7,23.6,41.96,0.47,0.69
60.8,23.6,41.95,0.47,0.69
60.9,23.6,41.95,0.46,0.7
61,23.6,41.95,0.46,0.7
61.1,23.6,41.94,0.45,0.71
61.2,23.6,41.94,0.45,0.71
61.3,23.6,41.93,0.45,0.71
61.4,23.6,41.93,0.44,0.72
61.5,23.6,41.92,0.44,0.72
61.6,23.6,41.91,0.43,0.73
61.7,23.6,41.9,0.43,0.73
61.8,23.6,41.89,0.42,0.74
61.9,23.6,41.88,0.42,0.74
62,23.6,41.87,0.42,0.74
62.1,23.6,41.85,0.41,0.75
62.2,23.6,41.84,0.41,0.75
62.3,23.6,41.82,0.41,0.76
62.4,23.6,41.81,0.4,0.76
62.5,23.6,41.79,0.4,0.76
62.6,23.6,41.77,0.39,0.77
62.7,23.6,41.75,0.39,0.77
62.8,23.6,41.73,0.39,0.78
62.9,23.6,41.71,0.38,0.78
63,23.6,41.68,0.38,0.79
63.1,23.6,41.66,0.38,0.79
63.2,23.6,41.63,0.37,0.79
63.3,23.6,41.6,0.37,0.8
63.4,23.6,41.57,0.37,0.8
63.5,23.6,41.54,0.36,0.81
63.6,23.6,41.51,0.36,0.81
63.7,23.6,41.48,0.36,0.82
63.8,23.6,41.44,0.36,0.82
63.9,23.6,41.4,0.35,0.82
64,23.6,41.36,0.35,0.83
64.1,23.6,41.32,0.35,0.83
64.2,23.6,41.28,0.34,0.84
64.3,23.6,41.24,0.34,0.84
64.4,23.6,41.19,0.34,0.85
64.5,23.6,41.14,0.34,0.85
64.6,23.6,41.09,0.34,0.86
64.7,23.6,41.04,0.33,0.86
64.8,23.6,40.99,0.33,0.86
64.9,23.6,40.93,0.33,0.87
65,23.6,40.87,0.33,0.87
65.1,23.6,40.81,0.33,0.88
65.2,23.6,40.75,0.32,0.88
65.3,23.6,40.69,0.32,0.89
65.4,23.6,40.62,0.32,0.89
65.5,23.6,40.55,0.32,0.9
65.6,23.6,40.48,0.32,0.9
65.7,23.6,40.41,0.32,0.91
65.8,23.6,40.34,0.32,0.91
65.9,23.6,40.26,0.32,0.92
66,23.6,40.18,0.32,0.92
66.1,23.6,40.1,0.32,0.92
58,23.7,41.84,0.59,0.59
58.1,23.7,41.85,0.58,0.59
58.2,23.7,41.85,0.58,0.59
58.3,23.7,41.85,0.57,0.6
58.4,23.7,41.86,0.57,0.6
58.5,23.7,41.86,0.56,0.6
58.6,23.7,41.86,0.56,0.61
58.7,23.7,41.87,0.56,0.61
58.8,23.7,41.87,0.55,0.62
58.9,23.7,41.87,0.55,0.62
59,23.7,41.88,0.54,0.62
59.1,23.7,41.88,0.54,0.63
59.2,23.7,41.88,0.53,0.63
59.3,23.7,41.89,0.53,0.63
59.4,23.7,41.89,0.52,0.64
59.5,23.7,41.89,0.52,0.64
59.6,23.7,41.9,0.52,0.65
59.7,23.7,41.9,0.51,0.65
59.8,23.7,41.9,0.51,0.65
59.9,23.7,41.9,0.5,0.66
60,23.7,41.91,0.5,0.66
60.1,23.7,41.91,0.49,0.66
60.2,23.7,41.91,0.49,0.67
60.3,23.7,41.91,0.49,0.67
60.4,23.7,41.91,0.48,0.68
60.5,23.7,41.91,0.48,0.68
60.6,23.7,41.91,0.47,0.68
60.7,23.7,41.9,0.47,0.69
60.8,23.7,41.9,0.46,0.69
60.9,23.7,41.9,0.46,0.7
61,23.7,41.9,0.46,0.7
61.1,23.7,41.89,0.45,0.7
61.2,23.7,41.89,0.45,0.71
61.3,23.7,41.88,0.44,0.71
61.4,23.7,41.87,0.44,0.72
61.5,23.7,41.87,0.43,0.72
61.6,23.7,41.86,0.43,0.72
61.7,23.7,41.85,0.43,0.73
61.8,23.7,41.84,0.42,0.73
61.9,23.7,41.83,0.42,0.74
62,23.7,41.82,0.41,0.74
62.1,23.7,41.8,0.41,0.75
62.2,23.7,41.79,0.41,0.75
62.3,23.7,41.77,0.4,0.75
62.4,23.7,41.76,0.4,0.76
62.5,23.7,41.74,0.4,0.76
62.6,23.7,41.72,0.39,0.77
62.7,23.7,41.7,0.39,0.77
62.8,23.7,41.68,0.38,0.77
62.9,23.7,41.66,0.38,0.78
63,23.7,41.63,0.38,0.78
63.1,23.7,41.61,0.37,0.79
63.2,23.7,41.58,0.37,0.79
63.3,23.7,41.55,0.37,0.8
63.4,23.7,41.52,0.37,0.8
63.5,23.7,41.49,0.36,0.8
63.6,23.7,41.46,0.36,0.81
63.7,23.7,41.43,0.36,0.81
63.8,23.7,41.39,0.35,0.82
63.9,23.7,41.35,0.35,0.82
64,23.7,41.31,0.35,0.83
64.1,23.7,41.27,0.35,0.83
64.2,23.7,41.23,0.34,0.84
64.3,23.7,41.19,0.34,0.84
64.4,23.7,41.14,0.34,0.84
64.5,23.7,41.09,0.34,0.85
64.6,23.7,41.04,0.33,0.85
64.7,23.7,40.99,0.33,0.86
64.8,23.7,40.94,0.33,0.86
64.9,23.7,40.88,0.33,0.87
65,23.7,40.82,0.33,0.87
65.1,23.7,40.76,0.32,0.88
65.2,23.7,40.7,0.32,0.88
65.3,23.7,40.64,0.32,0.88
65.4,23.7,40.57,0.32,0.89
65.5,23.7,40.51,0.32,0.89
65.6,23.7,40.44,0.32,0.9
65.7,23.7,40.36,0.32,0.9
65.8,23.7,40.29,0.32,0.91
65.9,23.7,40.21,0.32,0.91
66,23.7,40.13,0.32,0.92
66.1,23.7,40.05,0.31,0.92
58,23.8,41.79,0.58,0.58
58.1,23.8,41.79,0.58,0.59
58.2,23.8,41.8,0.57,0.59
58.3,23.8,41.8,0.57,0.6
58.4,23.8,41.8,0.56,0.6
58.5,23.8,41.81,0.56,0.6
58.6,23.8,41.81,0.56,0.61
58.7,23.8,41.81,0.55,0.61
58.8,23.8,41.82,0.55,0.61
58.9,23.8,41.82,0.54,0.62
59,23.8,41.83,0.54,0.62
59.1,23.8,41.83,0.53,0.62
59.2,23.8,41.83,0.53,0.63
59.3,23.8,41.84,0.53,0.63
59.4,23.8,41.84,0.52,0.64
59.5,23.8,41.84,0.52,0.64
59.6,23.8,41.85,0.51,0.64
59.7,23.8,41.85,0.51,0.65
59.8,23.8,41.85,0.5,0.65
59.9,23.8,41.85,0.5,0.66
60,23.8,41.85,0.5,0.66
60.1,23.8,41.86,0.49,0.66
60.2,23.8,41.86,0.49,0.67
60.3,23.8,41.86,0.48,0.67
60.4,23.8,41.86,0.48,0.67
60.5,23.8,41.86,0.47,0.68
60.6,23.8,41.86,0.47,0.68
60.7,23.8,41.85,0.47,0.69
60.8,23.8,41.85,0.46,0.69
60.9,23.8,41.85,0.46,0.69
61,23.8,41.85,0.45,0.7
61.1,23.8,41.84,0.45,0.7
61.2,23.8,41.84,0.44,0.71
61.3,23.8,41.83,0.44,0.71
61.4,23.8,41.82,0.44,0.71
61.5,23.8,41.82,0.43,0.72
61.6,23.8,41.81,0.43,0.72
61.7,23.8,41.8,0.42,0.73
61.8,23.8,41.79,0.42,0.73
61.9,23.8,41.78,0.42,0.73
62,23.8,41.77,0.41,0.74
62.1,23.8,41.75,0.41,0.74
62.2,23.8,41.74,0.4,0.75
62.3,23.8,41.72,0.4,0.75
62.4,23.8,41.71,0.4,0.76
62.5,23.8,41.69,0.39,0.76
62.6,23.8,41.67,0.39,0.76
62.7,23.8,41.65,0.39,0.77
62.8,23.8,41.63,0.38,0.77
62.9,23.8,41.61,0.38,0.78
63,23.8,41.58,0.38,0.78
63.1,23.8,41.56,0.37,0.78
63.2,23.8,41.53,0.37,0.79
63.3,23.8,41.5,0.37,0.79
63.4,23.8,41.48,0.36,0.8
63.5,23.8,41.44,0.36,0.8
63.6,23.8,41.41,0.36,0.81
63.7,23.8,41.38,0.35,0.81
63.8,23.8,41.34,0.35,0.82
63.9,23.8,41.3,0.35,0.82
64,23.8,41.27,0.35,0.82
64.1,23.8,41.22,0.34,0.83
64.2,23.8,41.18,0.34,0.83
64.3,23.8,41.14,0.34,0.84
64.4,23.8,41.09,0.34,0.84
64.5,23.8,41.04,0.33,0.85
64.6,23.8,40.99,0.33,0.85
64.7,23.8,40.94,0.33,0.85
64.8,23.8,40.89,0.33,0.86
64.9,23.8,40.83,0.33,0.86
65,23.8,40.78,0.33,0.87
65.1,23.8,40.72,0.32,0.87
65.2,23.8,40.66,0.32,0.88
65.3,23.8,40.59,0.32,0.88
65.4,23.8,40.53,0.32,0.89
65.5,23.8,40.46,0.32,0.89
65.6,23.8,40.39,0.32,0.9
65.7,23.8,40.32,0.32,0.9
65.8,23.8,40.24,0.32,0.9
65.9,23.8,40.16,0.31,0.91
66,23.8,40.08,0.31,0.91
66.1,23.8,40,0.31,0.92
58,23.9,41.74,0.58,0.58
58.1,23.9,41.74,0.57,0.59
58.2,23.9,41.75,0.57,0.59
58.3,23.9,41.75,0.57,0.59
58.4,23.9,41.75,0.56,0.6
58.5,23.9,41.76,0.56,0.6
58.6,23.9,41.76,0.55,0.6
58.7,23.9,41.76,0.55,0.61
58.8,23.9,41.77,0.54,0.61
58.9,23.9,41.77,0.54,0.62
59,23.9,41.77,0.54,0.62
59.1,23.9,41.78,0.53,0.62
59.2,23.9,41.78,0.53,0.63
59.3,23.9,41.79,0.52,0.63
59.4,23.9,41.79,0.52,0.63
59.5,23.9,41.79,0.51,0.64
59.6,23.9,41.79,0.51,0.64
59.7,23.9,41.8,0.51,0.65
59.8,23.9,41.8,0.5,0.65
59.9,23.9,41.8,0.5,0.65
60,23.9,41.8,0.49,0.66
60.1,23.9,41.81,0.49,0.66
60.2,23.9,41.81,0.48,0.66
60.3,23.9,41.81,0.48,0.67
60.4,23.9,41.81,0.48,0.67
60.5,23.9,41.81,0.47,0.68
60.6,23.9,41.81,0.47,0.68
60.7,23.9,41.8,0.46,0.68
60.8,23.9,41.8,0.46,0.69
60.9,23.9,41.8,0.45,0.69
61,23.9,41.8,0.45,0.7
61.1,23.9,41.79,0.45,0.7
61.2,23.9,41.79,0.44,0.7
61.3,23.9,41.78,0.44,0.71
61.4,23.9,41.77,0.43,0.71
61.5,23.9,41.77,0.43,0.72
61.6,23.9,41.76,0.43,0.72
61.7,23.9,41.75,0.42,0.72
61.8,23.9,41.74,0.42,0.73
61.9,23.9,41.73,0.41,0.73
62,23.9,41.72,0.41,0.74
62.1,23.9,41.7,0.41,0.74
62.2,23.9,41.69,0.4,0.74
62.3,23.9,41.68,0.4,0.75
62.4,23.9,41.66,0.4,0.75
62.5,23.9,41.64,0.39,0.76
62.6,23.9,41.62,0.39,0.76
62.7,23.9,41.6,0.38,0.77
62.8,23.9,41.58,0.38,0.77
62.9,23.9,41.56,0.38,0.77
63,23.9,41.54,0.37,0.78
63.1,23.9,41.51,0.37,0.78
63.2,23.9,41.48,0.37,0.79
63.3,23.9,41.46,0.36,0.79
63.4,23.9,41.43,0.36,0.8
63.5,23.9,41.4,0.36,0.8
63.6,23.9,41.36,0.36,0.8
63.7,23.9,41.33,0.35,0.81
63.8,23.9,41.29,0.35,0.81
63.9,23.9,41.26,0.35,0.82
64,23.9,41.22,0.35,0.82
64.1,23.9,41.18,0.34,0.83
64.2,23.9,41.13,0.34,0.83
64.3,23.9,41.09,0.34,0.83
64.4,23.9,41.04,0.34,0.84
64.5,23.9,41,0.33,0.84
64.6,23.9,40.95,0.33,0.85
64.7,23.9,40.9,0.33,0.85
64.8,23.9,40.84,0.33,0.86
64.9,23.9,40.79,0.33,0.86
65,23.9,40.73,0.32,0.87
65.1,23.9,40.67,0.32,0.87
65.2,23.9,40.61,0.32,0.87
65.3,23.9,40.55,0.32,0.88
65.4,23.9,40.48,0.32,0.88
65.5,23.9,40.41,0.32,0.89
65.6,23.9,40.34,0.32,0.89
65.7,23.9,40.27,0.32,0.9
65.8,23.9,40.2,0.31,0.9
65.9,23.9,40.12,0.31,0.91
66,23.9,40.04,0.31,0.91
66.1,23.9,39.96,0.31,0.92
58,24,41.69,0.57,0.58
58.1,24,41.69,0.57,0.58
58.2,24,41.7,0.57,0.59
58.3,24,41.7,0.56,0.59
58.4,24,41.7,0.56,0.6
58.5,24,41.71,0.55,0.6
58.6,24,41.71,0.55,0.6
58.7,24,41.71,0.55,0.61
58.8,24,41.72,0.54,0.61
58.9,24,41.72,0.54,0.61
59,24,41.72,0.53,0.62
59.1,24,41.73,0.53,0.62
59.2,24,41.73,0.52,0.62
59.3,24,41.74,0.52,0.63
59.4,24,41.74,0.52,0.63
59.5,24,41.74,0.51,0.64
59.6,24,41.74,0.51,0.64
59.7,24,41.75,0.5,0.64
59.8,24,41.75,0.5,0.65
59.9,24,41.75,0.49,0.65
60,24,41.75,0.49,0.66
60.1,24,41.76,0.49,0.66
60.2,24,41.76,0.48,0.66
60.3,24,41.76,0.48,0.67
60.4,24,41.76,0.47,0.67
60.5,24,41.76,0.47,0.67
60.6,24,41.76,0.46,0.68
60.7,24,41.75,0.46,0.68
60.8,24,41.75,0.46,0.69
60.9,24,41.75,0.45,0.69
61,24,41.75,0.45,0.69
61.1,24,41.74,0.44,0.7
61.2,24,41.74,0.44,0.7
61.3,24,41.73,0.44,0.71
61.4,24,41.73,0.43,0.71
61.5,24,41.72,0.43,0.71
61.6,24,41.71,0.42,0.72
61.7,24,41.7,0.42,0.72
61.8,24,41.69,0.42,0.73
61.9,24,41.68,0.41,0.73
62,24,41.67,0.41,0.73
62.1,24,41.66,0.4,0.74
62.2,24,41.64,0.4,0.74
62.3,24,41.63,0.4,0.75
62.4,24,41.61,0.39,0.75
62.5,24,41.59,0.39,0.75
62.6,24,41.58,0.39,0.76
62.7,24,41.56,0.38,0.76
62.8,24,41.53,0.38,0.77
62.9,24,41.51,0.38,0.77
63,24,41.49,0.37,0.78
63.1,24,41.46,0.37,0.78
63.2,24,41.44,0.37,0.78
63.3,24,41.41,0.36,0.79
63.4,24,41.38,0.36,0.79
63.5,24,41.35,0.36,0.8
63.6,24,41.32,0.35,0.8
63.7,24,41.28,0.35,0.81
63.8,24,41.25,0.35,0.81
63.9,24,41.21,0.35,0.81
64,24,41.17,0.34,0.82
64.1,24,41.13,0.34,0.82
64.2,24,41.09,0.34,0.83
64.3,24,41.04,0.34,0.83
64.4,24,41,0.33,0.84
64.5,24,40.95,0.33,0.84
64.6,24,40.9,0.33,0.84
64.7,24,40.85,0.33,0.85
64.8,24,40.8,0.33,0.85
64.9,24,40.74,0.32,0.86
65,24,40.68,0.32,0.86
65.1,24,40.62,0.32,0.87
65.2,24,40.56,0.32,0.87
65.3,24,40.5,0.32,0.88
65.4,24,40.43,0.32,0.88
65.5,24,40.37,0.32,0.89
65.6,24,40.3,0.32,0.89
65.7,24,40.22,0.31,0.89
65.8,24,40.15,0.31,0.9
65.9,24,40.07,0.31,0.9
66,24,39.99,0.31,0.91
66.1,24,39.91,0.31,0.91
58,24.1,41.64,0.57,0.58
58.1,24.1,41.64,0.57,0.58
58.2,24.1,41.65,0.56,0.59
58.3,24.1,41.65,0.56,0.59
58.4,24.1,41.65,0.55,0.59
58.5,24.1,41.66,0.55,0.6
58.6,24.1,41.66,0.55,0.6
58.7,24.1,41.66,0.54,0.6
58.8,24.1,41.67,0.54,0.61
58.9,24.1,41.67,0.53,0.61
59,24.1,41.68,0.53,0.62
59.1,24.1,41.68,0.53,0.62
59.2,24.1,41.68,0.52,0.62
59.3,24.1,41.69,0.52,0.63
59.4,24.1,41.69,0.51,0.63
59.5,24.1,41.69,0.51,0.63
59.6,24.1,41.7,0.5,0.64
59.7,24.1,41.7,0.5,0.64
59.8,24.1,41.7,0.5,0.65
59.9,24.1,41.7,0.49,0.65
60,24.1,41.71,0.49,0.65
60.1,24.1,41.71,0.48,0.66
60.2,24.1,41.71,0.48,0.66
60.3,24.1,41.71,0.47,0.66
60.4,24.1,41.71,0.47,0.67
60.5,24.1,41.71,0.47,0.67
60.6,24.1,41.71,0.46,0.68
60.7,24.1,41.71,0.46,0.68
60.8,24.1,41.7,0.45,0.68
60.9,24.1,41.7,0.45,0.69
61,24.1,41.7,0.45,0.69
61.1,24.1,41.69,0.44,0.7
61.2,24.1,41.69,0.44,0.7
61.3,24.1,41.68,0.43,0.7
61.4,24.1,41.68,0.43,0.71
61.5,24.1,41.67,0.43,0.71
61.6,24.1,41.66,0.42,0.72
61.7,24.1,41.65,0.42,0.72
61.8,24.1,41.64,0.41,0.72
61.9,24.1,41.63,0.41,0.73
62,24.1,41.62,0.41,0.73
62.1,24.1,41.61,0.4,0.74
62.2,24.1,41.6,0.4,0.74
62.3,24.1,41.58,0.4,0.74
62.4,24.1,41.56,0.39,0.75
62.5,24.1,41.55,0.39,0.75
62.6,24.1,41.53,0.38,0.76
62.7,24.1,41.51,0.38,0.76
62.8,24.1,41.49,0.38,0.76
62.9,24.1,41.47,0.37,0.77
63,24.1,41.44,0.37,0.77
63.1,24.1,41.42,0.37,0.78
63.2,24.1,41.39,0.36,0.78
63.3,24.1,41.36,0.36,0.79
63.4,24.1,41.33,0.36,0.79
63.5,24.1,41.3,0.36,0.79
63.6,24.1,41.27,0.35,0.8
63.7,24.1,41.24,0.35,0.8
63.8,24.1,41.2,0.35,0.81
63.9,24.1,41.16,0.35,0.81
64,24.1,41.13,0.34,0.82
64.1,24.1,41.08,0.34,0.82
64.2,24.1,41.04,0.34,0.82
64.3,24.1,41,0.34,0.83
64.4,24.1,40.95,0.33,0.83
64.5,24.1,40.91,0.33,0.84
64.6,24.1,40.86,0.33,0.84
64.7,24.1,40.8,0.33,0.85
64.8,24.1,40.75,0.33,0.85
64.9,24.1,40.7,0.32,0.86
65,24.1,40.64,0.32,0.86
65.1,24.1,40.58,0.32,0.86
65.2,24.1,40.52,0.32,0.87
65.3,24.1,40.46,0.32,0.87
65.4,24.1,40.39,0.32,0.88
65.5,24.1,40.32,0.32,0.88
65.6,24.1,40.25,0.31,0.89
65.7,24.1,40.18,0.31,0.89
65.8,24.1,40.11,0.31,0.9
65.9,24.1,40.03,0.31,0.9
66,24.1,39.95,0.31,0.91
66.1,24.1,39.87,0.31,0.91
58,24.2,41.59,0.57,0.58
58.1,24.2,41.6,0.56,0.58
58.2,24.2,41.6,0.56,0.59
58.3,24.2,41.6,0.56,0.59
58.4,24.2,41.61,0.55,0.59
58.5,24.2,41.61,0.55,0.6
58.6,24.2,41.61,0.54,0.6
58.7,24.2,41.62,0.54,0.6
58.8,24.2,41.62,0.53,0.61
58.9,24.2,41.62,0.53,0.61
59,24.2,41.63,0.53,0.61
59.1,24.2,41.63,0.52,0.62
59.2,24.2,41.63,0.52,0.62
59.3,24.2,41.64,0.51,0.63
59.4,24.2,41.64,0.51,0.63
59.5,24.2,41.65,0.51,0.63
59.6,24.2,41.65,0.5,0.64
59.7,24.2,41.65,0.5,0.64
59.8,24.2,41.65,0.49,0.64
59.9,24.2,41.66,0.49,0.65
60,24.2,41.66,0.48,0.65
60.1,24.2,41.66,0.48,0.66
60.2,24.2,41.66,0.48,0.66
60.3,24.2,41.66,0.47,0.66
60.4,24.2,41.66,0.47,0.67
60.5,24.2,41.66,0.46,0.67
60.6,24.2,41.66,0.46,0.67
60.7,24.2,41.66,0.46,0.68
60.8,24.2,41.66,0.45,0.68
60.9,24.2,41.65,0.45,0.69
61,24.2,41.65,0.44,0.69
61.1,24.2,41.65,0.44,0.69
61.2,24.2,41.64,0.44,0.7
61.3,24.2,41.64,0.43,0.7
61.4,24.2,41.63,0.43,0.71
61.5,24.2,41.62,0.42,0.71
61.6,24.2,41.62,0.42,0.71
61.7,24.2,41.61,0.42,0.72
61.8,24.2,41.6,0.41,0.72
61.9,24.2,41.59,0.41,0.73
62,24.2,41.58,0.4,0.73
62.1,24.2,41.56,0.4,0.73
62.2,24.2,41.55,0.4,0.74
62.3,24.2,41.53,0.39,0.74
62.4,24.2,41.52,0.39,0.75
62.5,24.2,41.5,0.39,0.75
62.6,24.2,41.48,0.38,0.75
62.7,24.2,41.46,0.38,0.76
62.8,24.2,41.44,0.38,0.76
62.9,24.2,41.42,0.37,0.77
63,24.2,41.4,0.37,0.77
63.1,24.2,41.37,0.37,0.77
63.2,24.2,41.34,0.36,0.78
63.3,24.2,41.32,0.36,0.78
63.4,24.2,41.29,0.36,0.79
63.5,24.2,41.26,0.35,0.79
63.6,24.2,41.22,0.35,0.8
63.7,24.2,41.19,0.35,0.8
63.8,24.2,41.16,0.35,0.8
63.9,24.2,41.12,0.34,0.81
64,24.2,41.08,0.34,0.81
64.1,24.2,41.04,0.34,0.82
64.2,24.2,41,0.34,0.82
64.3,24.2,40.95,0.33,0.83
64.4,24.2,40.91,0.33,0.83
64.5,24.2,40.86,0.33,0.83
64.6,24.2,40.81,0.33,0.84
64.7,24.2,40.76,0.33,0.84
64.8,24.2,40.71,0.32,0.85
64.9,24.2,40.65,0.32,0.85
65,24.2,40.59,0.32,0.86
65.1,24.2,40.54,0.32,0.86
65.2,24.2,40.47,0.32,0.87
65.3,24.2,40.41,0.32,0.87
65.4,24.2,40.35,0.32,0.87
65.5,24.2,40.28,0.32,0.88
65.6,24.2,40.21,0.31,0.88
65.7,24.2,40.14,0.31,0.89
65.8,24.2,40.06,0.31,0.89
65.9,24.2,39.99,0.31,0.9
66,24.2,39.91,0.31,0.9
66.1,24.2,39.83,0.31,0.91
58,24.3,41.55,0.56,0.58
58.1,24.3,41.55,0.56,0.58
58.2,24.3,41.55,0.56,0.58
58.3,24.3,41.55,0.55,0.59
58.4,24.3,41.56,0.55,0.59
58.5,24.3,41.56,0.54,0.59
58.6,24.3,41.56,0.54,0.6
58.7,24.3,41.57,0.54,0.6
58.8,24.3,41.57,0.53,0.61
58.9,24.3,41.58,0.53,0.61
59,24.3,41.58,0.52,0.61
59.1,24.3,41.58,0.52,0.62
59.2,24.3,41.59,0.51,0.62
59.3,24.3,41.59,0.51,0.62
59.4,24.3,41.59,0.51,0.63
59.5,24.3,41.6,0.5,0.63
59.6,24.3,41.6,0.5,0.63
59.7,24.3,41.6,0.49,0.64
59.8,24.3,41.61,0.49,0.64
59.9,24.3,41.61,0.49,0.65
60,24.3,41.61,0.48,0.65
60.1,24.3,41.61,0.48,0.65
60.2,24.3,41.61,0.47,0.66
60.3,24.3,41.61,0.47,0.66
60.4,24.3,41.61,0.47,0.66
60.5,24.3,41.61,0.46,0.67
60.6,24.3,41.61,0.46,0.67
60.7,24.3,41.61,0.45,0.68
60.8,24.3,41.61,0.45,0.68
60.9,24.3,41.61,0.44,0.68
61,24.3,41.61,0.44,0.69
61.1,24.3,41.6,0.44,0.69
61.2,24.3,41.6,0.43,0.7
61.3,24.3,41.59,0.43,0.7
61.4,24.3,41.59,0.43,0.7
61.5,24.3,41.58,0.42,0.71
61.6,24.3,41.57,0.42,0.71
61.7,24.3,41.56,0.41,0.72
61.8,24.3,41.55,0.41,0.72
61.9,24.3,41.54,0.41,0.72
62,24.3,41.53,0.4,0.73
62.1,24.3,41.52,0.4,0.73
62.2,24.3,41.5,0.4,0.74
62.3,24.3,41.49,0.39,0.74
62.4,24.3,41.47,0.39,0.74
62.5,24.3,41.46,0.38,0.75
62.6,24.3,41.44,0.38,0.75
62.7,24.3,41.42,0.38,0.76
62.8,24.3,41.4,0.37,0.76
62.9,24.3,41.37,0.37,0.76
63,24.3,41.35,0.37,0.77
63.1,24.3,41.33,0.37,0.77
63.2,24.3,41.3,0.36,0.78
63.3,24.3,41.27,0.36,0.78
63.4,24.3,41.24,0.36,0.79
63.5,24.3,41.21,0.35,0.79
63.6,24.3,41.18,0.35,0.79
63.7,24.3,41.15,0.35,0.8
63.8,24.3,41.11,0.35,0.8
63.9,24.3,41.07,0.34,0.81
64,24.3,41.04,0.34,0.81
64.1,24.3,41,0.34,0.82
64.2,24.3,40.95,0.34,0.82
64.3,24.3,40.91,0.33,0.82
64.4,24.3,40.86,0.33,0.83
64.5,24.3,40.82,0.33,0.83
64.6,24.3,40.77,0.33,0.84
64.7,24.3,40.72,0.33,0.84
64.8,24.3,40.66,0.32,0.85
64.9,24.3,40.61,0.32,0.85
65,24.3,40.55,0.32,0.85
65.1,24.3,40.49,0.32,0.86
65.2,24.3,40.43,0.32,0.86
65.3,24.3,40.37,0.32,0.87
65.4,24.3,40.3,0.32,0.87
65.5,24.3,40.24,0.31,0.88
65.6,24.3,40.17,0.31,0.88
65.7,24.3,40.09,0.31,0.89
65.8,24.3,40.02,0.31,0.89
65.9,24.3,39.94,0.31,0.89
66,24.3,39.86,0.31,0.9
66.1,24.3,39.78,0.31,0.9
58,24.4,41.5,0.56,0.58
58.1,24.4,41.5,0.56,0.58
58.2,24.4,41.5,0.55,0.58
58.3,24.4,41.51,0.55,0.59
58.4,24.4,41.51,0.54,0.59
58.5,24.4,41.51,0.54,0.59
58.6,24.4,41.52,0.54,0.6
58.7,24.4,41.52,0.53,0.6
58.8,24.4,41.53,0.53,0.6
58.9,24.4,41.53,0.52,0.61
59,24.4,41.53,0.52,0.61
59.1,24.4,41.54,0.52,0.61
59.2,24.4,41.54,0.51,0.62
59.3,24.4,41.54,0.51,0.62
59.4,24.4,41.55,0.5,0.63
59.5,24.4,41.55,0.5,0.63
59.6,24.4,41.55,0.5,0.63
59.7,24.4,41.56,0.49,0.64
59.8,24.4,41.56,0.49,0.64
59.9,24.4,41.56,0.48,0.64
60,24.4,41.56,0.48,0.65
60.1,24.4,41.57,0.47,0.65
60.2,24.4,41.57,0.47,0.66
60.3,24.4,41.57,0.47,0.66
60.4,24.4,41.57,0.46,0.66
60.5,24.4,41.57,0.46,0.67
60.6,24.4,41.57,0.45,0.67
60.7,24.4,41.57,0.45,0.67
60.8,24.4,41.57,0.45,0.68
60.9,24.4,41.56,0.44,0.68
61,24.4,41.56,0.44,0.69
61.1,24.4,41.56,0.43,0.69
61.2,24.4,41.55,0.43,0.69
61.3,24.4,41.55,0.43,0.7
61.4,24.4,41.54,0.42,0.7
61.5,24.4,41.53,0.42,0.71
61.6,24.4,41.53,0.42,0.71
61.7,24.4,41.52,0.41,0.71
61.8,24.4,41.51,0.41,0.72
61.9,24.4,41.5,0.4,0.72
62,24.4,41.48,0.4,0.73
62.1,24.4,41.47,0.4,0.73
62.2,24.4,41.46,0.39,0.73
62.3,24.4,41.44,0.39,0.74
62.4,24.4,41.43,0.39,0.74
62.5,24.4,41.41,0.38,0.75
62.6,24.4,41.39,0.38,0.75
62.7,24.4,41.37,0.38,0.75
62.8,24.4,41.35,0.37,0.76
62.9,24.4,41.33,0.37,0.76
63,24.4,41.31,0.37,0.77
63.1,24.4,41.28,0.36,0.77
63.2,24.4,41.26,0.36,0.77
63.3,24.4,41.23,0.36,0.78
63.4,24.4,41.2,0.36,0.78
63.5,24.4,41.17,0.35,0.79
63.6,24.4,41.14,0.35,0.79
63.7,24.4,41.1,0.35,0.8
63.8,24.4,41.07,0.34,0.8
63.9,24.4,41.03,0.34,0.8
64,24.4,40.99,0.34,0.81
64.1,24.4,40.95,0.34,0.81
64.2,24.4,40.91,0.33,0.82
64.3,24.4,40.87,0.33,0.82
64.4,24.4,40.82,0.33,0.83
64.5,24.4,40.77,0.33,0.83
64.6,24.4,40.72,0.33,0.83
64.7,24.4,40.67,0.33,0.84
64.8,24.4,40.62,0.32,0.84
64.9,24.4,40.57,0.32,0.85
65,24.4,40.51,0.32,0.85
65.1,24.4,40.45,0.32,0.86
65.2,24.4,40.39,0.32,0.86
65.3,24.4,40.33,0.32,0.86
65.4,24.4,40.26,0.32,0.87
65.5,24.4,40.19,0.31,0.87
65.6,24.4,40.12,0.31,0.88
65.7,24.4,40.05,0.31,0.88
65.8,24.4,39.98,0.31,0.89
65.9,24.4,39.9,0.31,0.89
66,24.4,39.82,0.31,0.9
66.1,24.4,39.74,0.31,0.9
58,24.5,41.45,0.56,0.57
58.1,24.5,41.46,0.55,0.58
58.2,24.5,41.46,0.55,0.58
58.3,24.5,41.46,0.54,0.58
58.4,24.5,41.46,0.54,0.59
58.5,24.5,41.47,0.54,0.59
58.6,24.5,41.47,0.53,0.59
58.7,24.5,41.48,0.53,0.6
58.8,24.5,41.48,0.52,0.6
58.9,24.5,41.48,0.52,0.61
59,24.5,41.49,0.52,0.61
59.1,24.5,41.49,0.51,0.61
59.2,24.5,41.5,0.51,0.62
59.3,24.5,41.5,0.5,0.62
59.4,24.5,41.5,0.5,0.62
59.5,24.5,41.51,0.5,0.63
59.6,24.5,41.51,0.49,0.63
59.7,24.5,41.51,0.49,0.63
59.8,24.5,41.52,0.48,0.64
59.9,24.5,41.52,0.48,0.64
60,24.5,41.52,0.48,0.65
60.1,24.5,41.52,0.47,0.65
60.2,24.5,41.52,0.47,0.65
60.3,24.5,41.52,0.46,0.66
60.4,24.5,41.52,0.46,0.66
60.5,24.5,41.52,0.46,0.66
60.6,24.5,41.52,0.45,0.67
60.7,24.5,41.52,0.45,0.67
60.8,24.5,41.52,0.44,0.68
60.9,24.5,41.52,0.44,0.68
61,24.5,41.52,0.44,0.68
61.1,24.5,41.51,0.43,0.69
61.2,24.5,41.51,0.43,0.69
61.3,24.5,41.5,0.42,0.7
61.4,24.5,41.5,0.42,0.7
61.5,24.5,41.49,0.42,0.7
61.6,24.5,41.48,0.41,0.71
61.7,24.5,41.47,0.41,0.71
61.8,24.5,41.46,0.41,0.72
61.9,24.5,41.45,0.4,0.72
62,24.5,41.44,0.4,0.72
62.1,24.5,41.43,0.4,0.73
62.2,24.5,41.41,0.39,0.73
62.3,24.5,41.4,0.39,0.74
62.4,24.5,41.38,0.39,0.74
62.5,24.5,41.37,0.38,0.74
62.6,24.5,41.35,0.38,0.75
62.7,24.5,41.33,0.38,0.75
62.8,24.5,41.31,0.37,0.76
62.9,24.5,41.29,0.37,0.76
63,24.5,41.26,0.37,0.76
63.1,24.5,41.24,0.36,0.77
63.2,24.5,41.21,0.36,0.77
63.3,24.5,41.18,0.36,0.78
63.4,24.5,41.16,0.35,0.78
63.5,24.5,41.13,0.35,0.78
63.6,24.5,41.09,0.35,0.79
63.7,24.5,41.06,0.35,0.79
63.8,24.5,41.02,0.34,0.8
63.9,24.5,40.99,0.34,0.8
64,24.5,40.95,0.34,0.81
64.1,24.5,40.91,0.34,0.81
64.2,24.5,40.87,0.33,0.81
64.3,24.5,40.82,0.33,0.82
64.4,24.5,40.78,0.33,0.82
64.5,24.5,40.73,0.33,0.83
64.6,24.5,40.68,0.33,0.83
64.7,24.5,40.63,0.32,0.84
64.8,24.5,40.58,0.32,0.84
64.9,24.5,40.52,0.32,0.84
65,24.5,40.47,0.32,0.85
65.1,24.5,40.41,0.32,0.85
65.2,24.5,40.35,0.32,0.86
65.3,24.5,40.28,0.32,0.86
65.4,24.5,40.22,0.31,0.87
65.5,24.5,40.15,0.31,0.87
65.6,24.5,40.08,0.31,0.88
65.7,24.5,40.01,0.31,0.88
65.8,24.5,39.94,0.31,0.88
65.9,24.5,39.86,0.31,0.89
66,24.5,39.78,0.31,0.89
66.1,24.5,39.7,0.31,0.9
58,24.6,41.41,0.55,0.57
58.1,24.6,41.41,0.55,0.58
58.2,24.6,41.41,0.55,0.58
58.3,24.6,41.42,0.54,0.58
58.4,24.6,41.42,0.54,0.59
58.5,24.6,41.42,0.53,0.59
58.6,24.6,41.43,0.53,0.59
58.7,24.6,41.43,0.53,0.6
58.8,24.6,41.44,0.52,0.6
58.9,24.6,41.44,0.52,0.6
59,24.6,41.44,0.51,0.61
59.1,24.6,41.45,0.51,0.61
59.2,24.6,41.45,0.51,0.61
59.3,24.6,41.45,0.5,0.62
59.4,24.6,41.46,0.5,0.62
59.5,24.6,41.46,0.49,0.63
59.6,24.6,41.46,0.49,0.63
59.7,24.6,41.47,0.49,0.63
59.8,24.6,41.47,0.48,0.64
59.9,24.6,41.47,0.48,0.64
60,24.6,41.48,0.47,0.64
60.1,24.6,41.48,0.47,0.65
60.2,24.6,41.48,0.47,0.65
60.3,24.6,41.48,0.46,0.66
60.4,24.6,41.48,0.46,0.66
60.5,24.6,41.48,0.45,0.66
60.6,24.6,41.48,0.45,0.67
60.7,24.6,41.48,0.45,0.67
60.8,24.6,41.48,0.44,0.67
60.9,24.6,41.47,0.44,0.68
61,24.6,41.47,0.43,0.68
61.1,24.6,41.47,0.43,0.69
61.2,24.6,41.46,0.43,0.69
61.3,24.6,41.46,0.42,0.69
61.4,24.6,41.45,0.42,0.7
61.5,24.6,41.44,0.42,0.7
61.6,24.6,41.44,0.41,0.71
61.7,24.6,41.43,0.41,0.71
61.8,24.6,41.42,0.4,0.71
61.9,24.6,41.41,0.4,0.72
62,24.6,41.4,0.4,0.72
62.1,24.6,41.38,0.39,0.73
62.2,24.6,41.37,0.39,0.73
62.3,24.6,41.36,0.39,0.73
62.4,24.6,41.34,0.38,0.74
62.5,24.6,41.32,0.38,0.74
62.6,24.6,41.31,0.38,0.75
62.7,24.6,41.29,0.37,0.75
62.8,24.6,41.27,0.37,0.75
62.9,24.6,41.24,0.37,0.76
63,24.6,41.22,0.36,0.76
63.1,24.6,41.2,0.36,0.77
63.2,24.6,41.17,0.36,0.77
63.3,24.6,41.14,0.36,0.77
63.4,24.6,41.11,0.35,0.78
63.5,24.6,41.08,0.35,0.78
63.6,24.6,41.05,0.35,0.79
63.7,24.6,41.02,0.35,0.79
63.8,24.6,40.98,0.34,0.79
63.9,24.6,40.95,0.34,0.8
64,24.6,40.91,0.34,0.8
64.1,24.6,40.87,0.34,0.81
64.2,24.6,40.83,0.33,0.81
64.3,24.6,40.78,0.33,0.82
64.4,24.6,40.74,0.33,0.82
64.5,24.6,40.69,0.33,0.82
64.6,24.6,40.64,0.33,0.83
64.7,24.6,40.59,0.32,0.83
64.8,24.6,40.54,0.32,0.84
64.9,24.6,40.48,0.32,0.84
65,24.6,40.43,0.32,0.85
65.1,24.6,40.37,0.32,0.85
65.2,24.6,40.31,0.32,0.86
65.3,24.6,40.24,0.32,0.86
65.4,24.6,40.18,0.31,0.86
65.5,24.6,40.11,0.31,0.87
65.6,24.6,40.04,0.31,0.87
65.7,24.6,39.97,0.31,0.88
65.8,24.6,39.9,0.31,0.88
65.9,24.6,39.82,0.31,0.89
66,24.6,39.74,0.31,0.89
66.1,24.6,39.66,0.31,0.9
58,24.7,41.36,0.55,0.57
58.1,24.7,41.37,0.55,0.57
58.2,24.7,41.37,0.54,0.58
58.3,24.7,41.37,0.54,0.58
58.4,24.7,41.38,0.53,0.58
58.5,24.7,41.38,0.53,0.59
58.6,24.7,41.38,0.53,0.59
58.7,24.7,41.39,0.52,0.6
58.8,24.7,41.39,0.52,0.6
58.9,24.7,41.4,0.51,0.6
59,24.7,41.4,0.51,0.61
59.1,24.7,41.4,0.51,0.61
59.2,24.7,41.41,0.5,0.61
59.3,24.7,41.41,0.5,0.62
59.4,24.7,41.41,0.5,0.62
59.5,24.7,41.42,0.49,0.62
59.6,24.7,41.42,0.49,0.63
59.7,24.7,41.42,0.48,0.63
59.8,24.7,41.43,0.48,0.64
59.9,24.7,41.43,0.48,0.64
60,24.7,41.43,0.47,0.64
60.1,24.7,41.43,0.47,0.65
60.2,24.7,41.44,0.46,0.65
60.3,24.7,41.44,0.46,0.65
60.4,24.7,41.44,0.46,0.66
60.5,24.7,41.44,0.45,0.66
60.6,24.7,41.44,0.45,0.66
60.7,24.7,41.44,0.44,0.67
60.8,24.7,41.43,0.44,0.67
60.9,24.7,41.43,0.44,0.68
61,24.7,41.43,0.43,0.68
61.1,24.7,41.42,0.43,0.68
61.2,24.7,41.42,0.42,0.69
61.3,24.7,41.41,0.42,0.69
61.4,24.7,41.41,0.42,0.7
61.5,24.7,41.4,0.41,0.7
61.6,24.7,41.39,0.41,0.7
61.7,24.7,41.39,0.41,0.71
61.8,24.7,41.38,0.4,0.71
61.9,24.7,41.37,0.4,0.72
62,24.7,41.35,0.4,0.72
62.1,24.7,41.34,0.39,0.72
62.2,24.7,41.33,0.39,0.73
62.3,24.7,41.31,0.39,0.73
62.4,24.7,41.3,0.38,0.74
62.5,24.7,41.28,0.38,0.74
62.6,24.7,41.26,0.38,0.74
62.7,24.7,41.24,0.37,0.75
62.8,24.7,41.22,0.37,0.75
62.9,24.7,41.2,0.37,0.76
63,24.7,41.18,0.36,0.76
63.1,24.7,41.15,0.36,0.76
63.2,24.7,41.13,0.36,0.77
63.3,24.7,41.1,0.35,0.77
63.4,24.7,41.07,0.35,0.78
63.5,24.7,41.04,0.35,0.78
63.6,24.7,41.01,0.35,0.78
63.7,24.7,40.98,0.34,0.79
63.8,24.7,40.94,0.34,0.79
63.9,24.7,40.91,0.34,0.8
64,24.7,40.87,0.34,0.8
64.1,24.7,40.83,0.33,0.81
64.2,24.7,40.79,0.33,0.81
64.3,24.7,40.74,0.33,0.81
64.4,24.7,40.7,0.33,0.82
64.5,24.7,40.65,0.33,0.82
64.6,24.7,40.6,0.33,0.83
64.7,24.7,40.55,0.32,0.83
64.8,24.7,40.5,0.32,0.84
64.9,24.7,40.44,0.32,0.84
65,24.7,40.39,0.32,0.84
65.1,24.7,40.33,0.32,0.85
65.2,24.7,40.27,0.32,0.85
65.3,24.7,40.2,0.32,0.86
65.4,24.7,40.14,0.31,0.86
65.5,24.7,40.07,0.31,0.87
65.6,24.7,40,0.31,0.87
65.7,24.7,39.93,0.31,0.87
65.8,24.7,39.86,0.31,0.88
65.9,24.7,39.78,0.31,0.88
66,24.7,39.7,0.31,0.89
66.1,24.7,39.62,0.31,0.89
58,24.8,41.32,0.55,0.57
58.1,24.8,41.32,0.54,0.57
58.2,24.8,41.33,0.54,0.58
58.3,24.8,41.33,0.53,0.58
58.4,24.8,41.33,0.53,0.58
58.5,24.8,41.34,0.53,0.59
58.6,24.8,41.34,0.52,0.59
58.7,24.8,41.34,0.52,0.59
58.8,24.8,41.35,0.52,0.6
58.9,24.8,41.35,0.51,0.6
59,24.8,41.36,0.51,0.6
59.1,24.8,41.36,0.5,0.61
59.2,24.8,41.36,0.5,0.61
59.3,24.8,41.37,0.5,0.62
59.4,24.8,41.37,0.49,0.62
59.5,24.8,41.37,0.49,0.62
59.6,24.8,41.38,0.48,0.63
59.7,24.8,41.38,0.48,0.63
59.8,24.8,41.38,0.48,0.63
59.9,24.8,41.39,0.47,0.64
60,24.8,41.39,0.47,0.64
60.1,24.8,41.39,0.47,0.64
60.2,24.8,41.39,0.46,0.65
60.3,24.8,41.39,0.46,0.65
60.4,24.8,41.39,0.45,0.66
60.5,24.8,41.39,0.45,0.66
60.6,24.8,41.39,0.45,0.66
60.7,24.8,41.39,0.44,0.67
60.8,24.8,41.39,0.44,0.67
60.9,24.8,41.39,0.43,0.67
61,24.8,41.39,0.43,0.68
61.1,24.8,41.38,0.43,0.68
61.2,24.8,41.38,0.42,0.69
61.3,24.8,41.37,0.42,0.69
61.4,24.8,41.37,0.42,0.69
61.5,24.8,41.36,0.41,0.7
61.6,24.8,41.35,0.41,0.7
61.7,24.8,41.34,0.4,0.71
61.8,24.8,41.33,0.4,0.71
61.9,24.8,41.32,0.4,0.71
62,24.8,41.31,0.39,0.72
62.1,24.8,41.3,0.39,0.72
62.2,24.8,41.29,0.39,0.73
62.3,24.8,41.27,0.38,0.73
62.4,24.8,41.26,0.38,0.73
62.5,24.8,41.24,0.38,0.74
62.6,24.8,41.22,0.37,0.74
62.7,24.8,41.2,0.37,0.75
62.8,24.8,41.18,0.37,0.75
62.9,24.8,41.16,0.37,0.75
63,24.8,41.14,0.36,0.76
63.1,24.8,41.11,0.36,0.76
63.2,24.8,41.09,0.36,0.77
63.3,24.8,41.06,0.35,0.77
63.4,24.8,41.03,0.35,0.77
63.5,24.8,41,0.35,0.78
63.6,24.8,40.97,0.35,0.78
63.7,24.8,40.94,0.34,0.79
63.8,24.8,40.9,0.34,0.79
63.9,24.8,40.86,0.34,0.79
64,24.8,40.83,0.34,0.8
64.1,24.8,40.79,0.33,0.8
64.2,24.8,40.75,0.33,0.81
64.3,24.8,40.7,0.33,0.81
64.4,24.8,40.66,0.33,0.82
64.5,24.8,40.61,0.33,0.82
64.6,24.8,40.56,0.32,0.82
64.7,24.8,40.51,0.32,0.83
64.8,24.8,40.46,0.32,0.83
64.9,24.8,40.4,0.32,0.84
65,24.8,40.35,0.32,0.84
65.1,24.8,40.29,0.32,0.85
65.2,24.8,40.23,0.32,0.85
65.3,24.8,40.16,0.32,0.85
65.4,24.8,40.1,0.31,0.86
65.5,24.8,40.03,0.31,0.86
65.6,24.8,39.96,0.31,0.87
65.7,24.8,39.89,0.31,0.87
65.8,24.8,39.82,0.31,0.88
65.9,24.8,39.74,0.31,0.88
66,24.8,39.66,0.31,0.89
66.1,24.8,39.58,0.31,0.89
58,24.9,41.28,0.54,0.57
58.1,24.9,41.28,0.54,0.57
58.2,24.9,41.28,0.54,0.58
58.3,24.9,41.29,0.53,0.58
58.4,24.9,41.29,0.53,0.58
58.5,24.9,41.29,0.52,0.59
58.6,24.9,41.3,0.52,0.59
58.7,24.9,41.3,0.52,0.59
58.8,24.9,41.31,0.51,0.6
58.9,24.9,41.31,0.51,0.6
59,24.9,41.31,0.51,0.6
59.1,24.9,41.32,0.5,0.61
59.2,24.9,41.32,0.5,0.61
59.3,24.9,41.33,0.49,0.61
59.4,24.9,41.33,0.49,0.62
59.5,24.9,41.33,0.49,0.62
59.6,24.9,41.34,0.48,0.62
59.7,24.9,41.34,0.48,0.63
59.8,24.9,41.34,0.47,0.63
59.9,24.9,41.34,0.47,0.64
60,24.9,41.35,0.47,0.64
60.1,24.9,41.35,0.46,0.64
60.2,24.9,41.35,0.46,0.65
60.3,24.9,41.35,0.46,0.65
60.4,24.9,41.35,0.45,0.65
60.5,24.9,41.35,0.45,0.66
60.6,24.9,41.35,0.44,0.66
60.7,24.9,41.35,0.44,0.67
60.8,24.9,41.35,0.44,0.67
60.9,24.9,41.35,0.43,0.67
61,24.9,41.34,0.43,0.68
61.1,24.9,41.34,0.42,0.68
61.2,24.9,41.34,0.42,0.68
61.3,24.9,41.33,0.42,0.69
61.4,24.9,41.33,0.41,0.69
61.5,24.9,41.32,0.41,0.7
61.6,24.9,41.31,0.41,0.7
61.7,24.9,41.3,0.4,0.7
61.8,24.9,41.29,0.4,0.71
61.9,24.9,41.28,0.4,0.71
62,24.9,41.27,0.39,0.72
62.1,24.9,41.26,0.39,0.72
62.2,24.9,41.25,0.39,0.72
62.3,24.9,41.23,0.38,0.73
62.4,24.9,41.22,0.38,0.73
62.5,24.9,41.2,0.38,0.73
62.6,24.9,41.18,0.37,0.74
62.7,24.9,41.16,0.37,0.74
62.8,24.9,41.14,0.37,0.75
62.9,24.9,41.12,0.36,0.75
63,24.9,41.1,0.36,0.76
63.1,24.9,41.07,0.36,0.76
63.2,24.9,41.05,0.36,0.76
63.3,24.9,41.02,0.35,0.77
63.4,24.9,40.99,0.35,0.77
63.5,24.9,40.96,0.35,0.78
63.6,24.9,40.93,0.35,0.78
63.7,24.9,40.9,0.34,0.78
63.8,24.9,40.86,0.34,0.79
63.9,24.9,40.83,0.34,0.79
64,24.9,40.79,0.34,0.8
64.1,24.9,40.75,0.33,0.8
64.2,24.9,40.71,0.33,0.8
64.3,24.9,40.66,0.33,0.81
64.4,24.9,40.62,0.33,0.81
64.5,24.9,40.57,0.33,0.82
64.6,24.9,40.52,0.32,0.82
64.7,24.9,40.47,0.32,0.83
64.8,24.9,40.42,0.32,0.83
64.9,24.9,40.36,0.32,0.83
65,24.9,40.31,0.32,0.84
65.1,24.9,40.25,0.32,0.84
65.2,24.9,40.19,0.32,0.85
65.3,24.9,40.13,0.32,0.85
65.4,24.9,40.06,0.31,0.86
65.5,24.9,39.99,0.31,0.86
65.6,24.9,39.93,0.31,0.87
65.7,24.9,39.85,0.31,0.87
65.8,24.9,39.78,0.31,0.87
65.9,24.9,39.7,0.31,0.88
66,24.9,39.63,0.31,0.88
66.1,24.9,39.55,0.31,0.89
58,25,41.23,0.54,0.57
58.1,25,41.24,0.54,0.57
58.2,25,41.24,0.53,0.57
58.3,25,41.24,0.53,0.58
58.4,25,41.25,0.52,0.58
58.5,25,41.25,0.52,0.58
58.6,25,41.26,0.52,0.59
58.7,25,41.26,0.51,0.59
58.8,25,41.26,0.51,0.59
58.9,25,41.27,0.51,0.6
59,25,41.27,0.5,0.6
59.1,25,41.28,0.5,0.61
59.2,25,41.28,0.49,0.61
59.3,25,41.28,0.49,0.61
59.4,25,41.29,0.49,0.62
59.5,25,41.29,0.48,0.62
59.6,25,41.29,0.48,0.62
59.7,25,41.3,0.48,0.63
59.8,25,41.3,0.47,0.63
59.9,25,41.3,0.47,0.63
60,25,41.31,0.46,0.64
60.1,25,41.31,0.46,0.64
60.2,25,41.31,0.46,0.64
60.3,25,41.31,0.45,0.65
60.4,25,41.31,0.45,0.65
60.5,25,41.31,0.45,0.66
60.6,25,41.31,0.44,0.66
60.7,25,41.31,0.44,0.66
60.8,25,41.31,0.43,0.67
60.9,25,41.31,0.43,0.67
61,25,41.3,0.43,0.67
61.1,25,41.3,0.42,0.68
61.2,25,41.3,0.42,0.68
61.3,25,41.29,0.42,0.69
61.4,25,41.29,0.41,0.69
61.5,25,41.28,0.41,0.69
61.6,25,41.27,0.41,0.7
61.7,25,41.26,0.4,0.7
61.8,25,41.25,0.4,0.71
61.9,25,41.24,0.4,0.71
62,25,41.23,0.39,0.71
62.1,25,41.22,0.39,0.72
62.2,25,41.21,0.39,0.72
62.3,25,41.19,0.38,0.73
62.4,25,41.18,0.38,0.73
62.5,25,41.16,0.38,0.73
62.6,25,41.14,0.37,0.74
62.7,25,41.12,0.37,0.74
62.8,25,41.1,0.37,0.74
62.9,25,41.08,0.36,0.75
63,25,41.06,0.36,0.75
63.1,25,41.03,0.36,0.76
63.2,25,41.01,0.36,0.76
63.3,25,40.98,0.35,0.77
63.4,25,40.95,0.35,0.77
63.5,25,40.92,0.35,0.77
63.6,25,40.89,0.34,0.78
63.7,25,40.86,0.34,0.78
63.8,25,40.82,0.34,0.79
63.9,25,40.79,0.34,0.79
64,25,40.75,0.34,0.79
64.1,25,40.71,0.33,0.8
64.2,25,40.67,0.33,0.8
64.3,25,40.62,0.33,0.81
64.4,25,40.58,0.33,0.81
64.5,25,40.53,0.33,0.82
64.6,25,40.48,0.32,0.82
64.7,25,40.43,0.32,0.82
64.8,25,40.38,0.32,0.83
64.9,25,40.33,0.32,0.83
65,25,40.27,0.32,0.84
65.1,25,40.21,0.32,0.84
65.2,25,40.15,0.32,0.85
65.3,25,40.09,0.32,0.85
65.4,25,40.02,0.31,0.85
65.5,25,39.96,0.31,0.86
65.6,25,39.89,0.31,0.86
65.7,25,39.82,0.31,0.87
65.8,25,39.74,0.31,0.87
65.9,25,39.67,0.31,0.88
66,25,39.59,0.31,0.88
66.1,25,39.51,0.31,0.88
58,25.1,41.19,0.54,0.57
58.1,25.1,41.2,0.53,0.57
58.2,25.1,41.2,0.53,0.57
58.3,25.1,41.2,0.53,0.58
58.4,25.1,41.21,0.52,0.58
58.5,25.1,41.21,0.52,0.58
58.6,25.1,41.21,0.51,0.59
58.7,25.1,41.22,0.51,0.59
58.8,25.1,41.22,0.51,0.59
58.9,25.1,41.23,0.5,0.6
59,25.1,41.23,0.5,0.6
59.1,25.1,41.24,0.5,0.6
59.2,25.1,41.24,0.49,0.61
59.3,25.1,41.24,0.49,0.61
59.4,25.1,41.25,0.48,0.61
59.5,25.1,41.25,0.48,0.62
59.6,25.1,41.25,0.48,0.62
59.7,25.1,41.26,0.47,0.63
59.8,25.1,41.26,0.47,0.63
59.9,25.1,41.26,0.47,0.63
60,25.1,41.27,0.46,0.64
60.1,25.1,41.27,0.46,0.64
60.2,25.1,41.27,0.45,0.64
60.3,25.1,41.27,0.45,0.65
60.4,25.1,41.27,0.45,0.65
60.5,25.1,41.27,0.44,0.65
60.6,25.1,41.27,0.44,0.66
60.7,25.1,41.27,0.44,0.66
60.8,25.1,41.27,0.43,0.67
60.9,25.1,41.27,0.43,0.67
61,25.1,41.26,0.43,0.67
61.1,25.1,41.26,0.42,0.68
61.2,25.1,41.26,0.42,0.68
61.3,25.1,41.25,0.41,0.68
61.4,25.1,41.25,0.41,0.69
61.5,25.1,41.24,0.41,0.69
61.6,25.1,41.23,0.4,0.7
61.7,25.1,41.22,0.4,0.7
61.8,25.1,41.21,0.4,0.7
61.9,25.1,41.2,0.39,0.71
62,25.1,41.19,0.39,0.71
62.1,25.1,41.18,0.39,0.72
62.2,25.1,41.17,0.38,0.72
62.3,25.1,41.15,0.38,0.72
62.4,25.1,41.14,0.38,0.73
62.5,25.1,41.12,0.37,0.73
62.6,25.1,41.1,0.37,0.73
62.7,25.1,41.08,0.37,0.74
62.8,25.1,41.06,0.37,0.74
62.9,25.1,41.04,0.36,0.75
63,25.1,41.02,0.36,0.75
63.1,25.1,41,0.36,0.76
63.2,25.1,40.97,0.35,0.76
63.3,25.1,40.94,0.35,0.76
63.4,25.1,40.91,0.35,0.77
63.5,25.1,40.88,0.35,0.77
63.6,25.1,40.85,0.34,0.78
63.7,25.1,40.82,0.34,0.78
63.8,25.1,40.79,0.34,0.78
63.9,25.1,40.75,0.34,0.79
64,25.1,40.71,0.34,0.79
64.1,25.1,40.67,0.33,0.8
64.2,25.1,40.63,0.33,0.8
64.3,25.1,40.59,0.33,0.8
64.4,25.1,40.54,0.33,0.81
64.5,25.1,40.5,0.33,0.81
64.6,25.1,40.45,0.32,0.82
64.7,25.1,40.4,0.32,0.82
64.8,25.1,40.34,0.32,0.83
64.9,25.1,40.29,0.32,0.83
65,25.1,40.23,0.32,0.83
65.1,25.1,40.18,0.32,0.84
65.2,25.1,40.11,0.32,0.84
65.3,25.1,40.05,0.32,0.85
65.4,25.1,39.99,0.31,0.85
65.5,25.1,39.92,0.31,0.86
65.6,25.1,39.85,0.31,0.86
65.7,25.1,39.78,0.31,0.86
65.8,25.1,39.71,0.31,0.87
65.9,25.1,39.63,0.31,0.87
66,25.1,39.55,0.31,0.88
66.1,25.1,39.47,0.31,0.88
58,25.2,41.15,0.53,0.56
58.1,25.2,41.16,0.53,0.57
58.2,25.2,41.16,0.53,0.57
58.3,25.2,41.16,0.52,0.57
58.4,25.2,41.17,0.52,0.58
58.5,25.2,41.17,0.51,0.58
58.6,25.2,41.17,0.51,0.59
58.7,25.2,41.18,0.51,0.59
58.8,25.2,41.18,0.5,0.59
58.9,25.2,41.19,0.5,0.6
59,25.2,41.19,0.5,0.6
59.1,25.2,41.2,0.49,0.6
59.2,25.2,41.2,0.49,0.61
59.3,25.2,41.2,0.49,0.61
59.4,25.2,41.21,0.48,0.61
59.5,25.2,41.21,0.48,0.62
59.6,25.2,41.21,0.47,0.62
59.7,25.2,41.22,0.47,0.62
59.8,25.2,41.22,0.47,0.63
59.9,25.2,41.22,0.46,0.63
60,25.2,41.23,0.46,0.63
60.1,25.2,41.23,0.46,0.64
60.2,25.2,41.23,0.45,0.64
60.3,25.2,41.23,0.45,0.65
60.4,25.2,41.23,0.44,0.65
60.5,25.2,41.23,0.44,0.65
60.6,25.2,41.23,0.44,0.66
60.7,25.2,41.23,0.43,0.66
60.8,25.2,41.23,0.43,0.66
60.9,25.2,41.23,0.43,0.67
61,25.2,41.23,0.42,0.67
61.1,25.2,41.22,0.42,0.68
61.2,25.2,41.22,0.42,0.68
61.3,25.2,41.21,0.41,0.68
61.4,25.2,41.21,0.41,0.69
61.5,25.2,41.2,0.41,0.69
61.6,25.2,41.19,0.4,0.69
61.7,25.2,41.19,0.4,0.7
61.8,25.2,41.18,0.4,0.7
61.9,25.2,41.17,0.39,0.71
62,25.2,41.15,0.39,0.71
62.1,25.2,41.14,0.39,0.71
62.2,25.2,41.13,0.38,0.72
62.3,25.2,41.12,0.38,0.72
62.4,25.2,41.1,0.38,0.73
62.5,25.2,41.08,0.37,0.73
62.6,25.2,41.07,0.37,0.73
62.7,25.2,41.05,0.37,0.74
62.8,25.2,41.03,0.36,0.74
62.9,25.2,41.01,0.36,0.74
63,25.2,40.98,0.36,0.75
63.1,25.2,40.96,0.36,0.75
63.2,25.2,40.93,0.35,0.76
63.3,25.2,40.91,0.35,0.76
63.4,25.2,40.88,0.35,0.77
63.5,25.2,40.85,0.35,0.77
63.6,25.2,40.82,0.34,0.77
63.7,25.2,40.78,0.34,0.78
63.8,25.2,40.75,0.34,0.78
63.9,25.2,40.71,0.34,0.79
64,25.2,40.67,0.34,0.79
64.1,25.2,40.63,0.33,0.79
64.2,25.2,40.59,0.33,0.8
64.3,25.2,40.55,0.33,0.8
64.4,25.2,40.51,0.33,0.81
64.5,25.2,40.46,0.33,0.81
64.6,25.2,40.41,0.32,0.81
64.7,25.2,40.36,0.32,0.82
64.8,25.2,40.31,0.32,0.82
64.9,25.2,40.25,0.32,0.83
65,25.2,40.2,0.32,0.83
65.1,25.2,40.14,0.32,0.84
65.2,25.2,40.08,0.32,0.84
65.3,25.2,40.02,0.32,0.84
65.4,25.2,39.95,0.32,0.85
65.5,25.2,39.89,0.31,0.85
65.6,25.2,39.82,0.31,0.86
65.7,25.2,39.75,0.31,0.86
65.8,25.2,39.67,0.31,0.87
65.9,25.2,39.6,0.31,0.87
66,25.2,39.52,0.31,0.88
66.1,25.2,39.44,0.31,0.88
58,25.3,41.11,0.53,0.56
58.1,25.3,41.12,0.53,0.57
58.2,25.3,41.12,0.52,0.57
58.3,25.3,41.12,0.52,0.57
58.4,25.3,41.13,0.52,0.58
58.5,25.3,41.13,0.51,0.58
58.6,25.3,41.14,0.51,0.58
58.7,25.3,41.14,0.5,0.59
58.8,25.3,41.14,0.5,0.59
58.9,25.3,41.15,0.5,0.59
59,25.3,41.15,0.49,0.6
59.1,25.3,41.16,0.49,0.6
59.2,25.3,41.16,0.49,0.6
59.3,25.3,41.16,0.48,0.61
59.4,25.3,41.17,0.48,0.61
59.5,25.3,41.17,0.48,0.62
59.6,25.3,41.18,0.47,0.62
59.7,25.3,41.18,0.47,0.62
59.8,25.3,41.18,0.46,0.63
59.9,25.3,41.19,0.46,0.63
60,25.3,41.19,0.46,0.63
60.1,25.3,41.19,0.45,0.64
60.2,25.3,41.19,0.45,0.64
60.3,25.3,41.19,0.45,0.64
60.4,25.3,41.19,0.44,0.65
60.5,25.3,41.19,0.44,0.65
60.6,25.3,41.19,0.44,0.65
60.7,25.3,41.19,0.43,0.66
60.8,25.3,41.19,0.43,0.66
60.9,25.3,41.19,0.43,0.67
61,25.3,41.19,0.42,0.67
61.1,25.3,41.18,0.42,0.67
61.2,25.3,41.18,0.41,0.68
61.3,25.3,41.17,0.41,0.68
61.4,25.3,41.17,0.41,0.68
61.5,25.3,41.16,0.4,0.69
61.6,25.3,41.16,0.4,0.69
61.7,25.3,41.15,0.4,0.7
61.8,25.3,41.14,0.39,0.7
61.9,25.3,41.13,0.39,0.7
62,25.3,41.12,0.39,0.71
62.1,25.3,41.11,0.38,0.71
62.2,25.3,41.09,0.38,0.72
62.3,25.3,41.08,0.38,0.72
62.4,25.3,41.06,0.38,0.72
62.5,25.3,41.05,0.37,0.73
62.6,25.3,41.03,0.37,0.73
62.7,25.3,41.01,0.37,0.74
62.8,25.3,40.99,0.36,0.74
62.9,25.3,40.97,0.36,0.74
63,25.3,40.95,0.36,0.75
63.1,25.3,40.92,0.36,0.75
63.2,25.3,40.9,0.35,0.76
63.3,25.3,40.87,0.35,0.76
63.4,25.3,40.84,0.35,0.76
63.5,25.3,40.81,0.35,0.77
63.6,25.3,40.78,0.34,0.77
63.7,25.3,40.75,0.34,0.78
63.8,25.3,40.71,0.34,0.78
63.9,25.3,40.68,0.34,0.78
64,25.3,40.64,0.33,0.79
64.1,25.3,40.6,0.33,0.79
64.2,25.3,40.56,0.33,0.8
64.3,25.3,40.51,0.33,0.8
64.4,25.3,40.47,0.33,0.8
64.5,25.3,40.42,0.33,0.81
64.6,25.3,40.37,0.32,0.81
64.7,25.3,40.32,0.32,0.82
64.8,25.3,40.27,0.32,0.82
64.9,25.3,40.22,0.32,0.83
65,25.3,40.16,0.32,0.83
65.1,25.3,40.1,0.32,0.83
65.2,25.3,40.04,0.32,0.84
65.3,25.3,39.98,0.32,0.84
65.4,25.3,39.92,0.32,0.85
65.5,25.3,39.85,0.31,0.85
65.6,25.3,39.78,0.31,0.86
65.7,25.3,39.71,0.31,0.86
65.8,25.3,39.64,0.31,0.86
65.9,25.3,39.56,0.31,0.87
66,25.3,39.48,0.31,0.87
66.1,25.3,39.4,0.31,0.88
58,25.4,41.08,0.53,0.56
58.1,25.4,41.08,0.52,0.57
58.2,25.4,41.08,0.52,0.57
58.3,25.4,41.09,0.52,0.57
58.4,25.4,41.09,0.51,0.58
58.5,25.4,41.09,0.51,0.58
58.6,25.4,41.1,0.51,0.58
58.7,25.4,41.1,0.5,0.59
58.8,25.4,41.11,0.5,0.59
58.9,25.4,41.11,0.49,0.59
59,25.4,41.11,0.49,0.6
59.1,25.4,41.12,0.49,0.6
59.2,25.4,41.12,0.48,0.6
59.3,25.4,41.13,0.48,0.61
59.4,25.4,41.13,0.48,0.61
59.5,25.4,41.13,0.47,0.61
59.6,25.4,41.14,0.47,0.62
59.7,25.4,41.14,0.47,0.62
59.8,25.4,41.14,0.46,0.62
59.9,25.4,41.15,0.46,0.63
60,25.4,41.15,0.46,0.63
60.1,25.4,41.15,0.45,0.64
60.2,25.4,41.15,0.45,0.64
60.3,25.4,41.16,0.44,0.64
60.4,25.4,41.16,0.44,0.65
60.5,25.4,41.16,0.44,0.65
60.6,25.4,41.16,0.43,0.65
60.7,25.4,41.16,0.43,0.66
60.8,25.4,41.15,0.43,0.66
60.9,25.4,41.15,0.42,0.66
61,25.4,41.15,0.42,0.67
61.1,25.4,41.15,0.42,0.67
61.2,25.4,41.14,0.41,0.68
61.3,25.4,41.14,0.41,0.68
61.4,25.4,41.13,0.41,0.68
61.5,25.4,41.13,0.4,0.69
61.6,25.4,41.12,0.4,0.69
61.7,25.4,41.11,0.4,0.69
61.8,25.4,41.1,0.39,0.7
61.9,25.4,41.09,0.39,0.7
62,25.4,41.08,0.39,0.71
62.1,25.4,41.07,0.38,0.71
62.2,25.4,41.06,0.38,0.71
62.3,25.4,41.04,0.38,0.72
62.4,25.4,41.03,0.37,0.72
62.5,25.4,41.01,0.37,0.73
62.6,25.4,40.99,0.37,0.73
62.7,25.4,40.97,0.37,0.73
62.8,25.4,40.95,0.36,0.74
62.9,25.4,40.93,0.36,0.74
63,25.4,40.91,0.36,0.75
63.1,25.4,40.89,0.36,0.75
63.2,25.4,40.86,0.35,0.75
63.3,25.4,40.83,0.35,0.76
63.4,25.4,40.8,0.35,0.76
63.5,25.4,40.77,0.35,0.77
63.6,25.4,40.74,0.34,0.77
63.7,25.4,40.71,0.34,0.77
63.8,25.4,40.68,0.34,0.78
63.9,25.4,40.64,0.34,0.78
64,25.4,40.6,0.33,0.79
64.1,25.4,40.56,0.33,0.79
64.2,25.4,40.52,0.33,0.79
64.3,25.4,40.48,0.33,0.8
64.4,25.4,40.43,0.33,0.8
64.5,25.4,40.39,0.33,0.81
64.6,25.4,40.34,0.32,0.81
64.7,25.4,40.29,0.32,0.81
64.8,25.4,40.24,0.32,0.82
64.9,25.4,40.18,0.32,0.82
65,25.4,40.13,0.32,0.83
65.1,25.4,40.07,0.32,0.83
65.2,25.4,40.01,0.32,0.84
65.3,25.4,39.95,0.32,0.84
65.4,25.4,39.88,0.32,0.84
65.5,25.4,39.82,0.32,0.85
65.6,25.4,39.75,0.31,0.85
65.7,25.4,39.68,0.31,0.86
65.8,25.4,39.6,0.31,0.86
65.9,25.4,39.53,0.31,0.87
66,25.4,39.45,0.31,0.87
66.1,25.4,39.37,0.31,0.87
58,25.5,41.04,0.52,0.56
58.1,25.5,41.04,0.52,0.56
58.2,25.5,41.04,0.52,0.57
58.3,25.5,41.05,0.51,0.57
58.4,25.5,41.05,0.51,0.57
58.5,25.5,41.06,0.51,0.58
58.6,25.5,41.06,0.5,0.58
58.7,25.5,41.06,0.5,0.59
58.8,25.5,41.07,0.5,0.59
58.9,25.5,41.07,0.49,0.59
59,25.5,41.08,0.49,0.6
59.1,25.5,41.08,0.48,0.6
59.2,25.5,41.09,0.48,0.6
59.3,25.5,41.09,0.48,0.61
59.4,25.5,41.09,0.47,0.61
59.5,25.5,41.1,0.47,0.61
59.6,25.5,41.1,0.47,0.62
59.7,25.5,41.1,0.46,0.62
59.8,25.5,41.11,0.46,0.62
59.9,25.5,41.11,0.46,0.63
60,25.5,41.11,0.45,0.63
60.1,25.5,41.11,0.45,0.63
60.2,25.5,41.12,0.45,0.64
60.3,25.5,41.12,0.44,0.64
60.4,25.5,41.12,0.44,0.64
60.5,25.5,41.12,0.44,0.65
60.6,25.5,41.12,0.43,0.65
60.7,25.5,41.12,0.43,0.66
60.8,25.5,41.12,0.43,0.66
60.9,25.5,41.12,0.42,0.66
61,25.5,41.11,0.42,0.67
61.1,25.5,41.11,0.42,0.67
61.2,25.5,41.11,0.41,0.67
61.3,25.5,41.1,0.41,0.68
61.4,25.5,41.1,0.41,0.68
61.5,25.5,41.09,0.4,0.69
61.6,25.5,41.08,0.4,0.69
61.7,25.5,41.07,0.4,0.69
61.8,25.5,41.07,0.39,0.7
61.9,25.5,41.06,0.39,0.7
62,25.5,41.04,0.39,0.7
62.1,25.5,41.03,0.38,0.71
62.2,25.5,41.02,0.38,0.71
62.3,25.5,41.01,0.38,0.72
62.4,25.5,40.99,0.37,0.72
62.5,25.5,40.97,0.37,0.72
62.6,25.5,40.96,0.37,0.73
62.7,25.5,40.94,0.37,0.73
62.8,25.5,40.92,0.36,0.74
62.9,25.5,40.9,0.36,0.74
63,25.5,40.87,0.36,0.74
63.1,25.5,40.85,0.35,0.75
63.2,25.5,40.82,0.35,0.75
63.3,25.5,40.8,0.35,0.76
63.4,25.5,40.77,0.35,0.76
63.5,25.5,40.74,0.35,0.76
63.6,25.5,40.71,0.34,0.77
63.7,25.5,40.68,0.34,0.77
63.8,25.5,40.64,0.34,0.78
63.9,25.5,40.61,0.34,0.78
64,25.5,40.57,0.33,0.78
64.1,25.5,40.53,0.33,0.79
64.2,25.5,40.49,0.33,0.79
64.3,25.5,40.45,0.33,0.8
64.4,25.5,40.4,0.33,0.8
64.5,25.5,40.35,0.33,0.8
64.6,25.5,40.31,0.32,0.81
64.7,25.5,40.26,0.32,0.81
64.8,25.5,40.2,0.32,0.82
64.9,25.5,40.15,0.32,0.82
65,25.5,40.09,0.32,0.83
65.1,25.5,40.04,0.32,0.83
65.2,25.5,39.98,0.32,0.83
65.3,25.5,39.91,0.32,0.84
65.4,25.5,39.85,0.32,0.84
65.5,25.5,39.78,0.32,0.85
65.6,25.5,39.71,0.32,0.85
65.7,25.5,39.64,0.31,0.85
65.8,25.5,39.57,0.31,0.86
65.9,25.5,39.5,0.31,0.86
66,25.5,39.42,0.31,0.87
66.1,25.5,39.34,0.31,0.87
58,25.6,41,0.52,0.56
58.1,25.6,41,0.52,0.56
58.2,25.6,41.01,0.51,0.57
58.3,25.6,41.01,0.51,0.57
58.4,25.6,41.01,0.51,0.57
58.5,25.6,41.02,0.5,0.58
58.6,25.6,41.02,0.5,0.58
58.7,25.6,41.03,0.5,0.58
58.8,25.6,41.03,0.49,0.59
58.9,25.6,41.04,0.49,0.59
59,25.6,41.04,0.49,0.59
59.1,25.6,41.04,0.48,0.6
59.2,25.6,41.05,0.48,0.6
59.3,25.6,41.05,0.48,0.6
59.4,25.6,41.06,0.47,0.61
59.5,25.6,41.06,0.47,0.61
59.6,25.6,41.06,0.46,0.61
59.7,25.6,41.07,0.46,0.62
59.8,25.6,41.07,0.46,0.62
59.9,25.6,41.07,0.45,0.63
60,25.6,41.08,0.45,0.63
60.1,25.6,41.08,0.45,0.63
60.2,25.6,41.08,0.44,0.64
60.3,25.6,41.08,0.44,0.64
60.4,25.6,41.08,0.44,0.64
60.5,25.6,41.08,0.43,0.65
60.6,25.6,41.08,0.43,0.65
60.7,25.6,41.08,0.43,0.65
60.8,25.6,41.08,0.42,0.66
60.9,25.6,41.08,0.42,0.66
61,25.6,41.08,0.42,0.67
61.1,25.6,41.07,0.41,0.67
61.2,25.6,41.07,0.41,0.67
61.3,25.6,41.07,0.41,0.68
61.4,25.6,41.06,0.4,0.68
61.5,25.6,41.05,0.4,0.68
61.6,25.6,41.05,0.4,0.69
61.7,25.6,41.04,0.39,0.69
61.8,25.6,41.03,0.39,0.7
61.9,25.6,41.02,0.39,0.7
62,25.6,41.01,0.38,0.7
62.1,25.6,41,0.38,0.71
62.2,25.6,40.98,0.38,0.71
62.3,25.6,40.97,0.38,0.71
62.4,25.6,40.96,0.37,0.72
62.5,25.6,40.94,0.37,0.72
62.6,25.6,40.92,0.37,0.73
62.7,25.6,40.9,0.36,0.73
62.8,25.6,40.88,0.36,0.73
62.9,25.6,40.86,0.36,0.74
63,25.6,40.84,0.36,0.74
63.1,25.6,40.82,0.35,0.75
63.2,25.6,40.79,0.35,0.75
63.3,25.6,40.76,0.35,0.75
63.4,25.6,40.74,0.35,0.76
63.5,25.6,40.71,0.35,0.76
63.6,25.6,40.67,0.34,0.77
63.7,25.6,40.64,0.34,0.77
63.8,25.6,40.61,0.34,0.77
63.9,25.6,40.57,0.34,0.78
64,25.6,40.53,0.33,0.78
64.1,25.6,40.5,0.33,0.79
64.2,25.6,40.45,0.33,0.79
64.3,25.6,40.41,0.33,0.79
64.4,25.6,40.37,0.33,0.8
64.5,25.6,40.32,0.33,0.8
64.6,25.6,40.27,0.33,0.81
64.7,25.6,40.22,0.32,0.81
64.8,25.6,40.17,0.32,0.81
64.9,25.6,40.12,0.32,0.82
65,25.6,40.06,0.32,0.82
65.1,25.6,40,0.32,0.83
65.2,25.6,39.94,0.32,0.83
65.3,25.6,39.88,0.32,0.84
65.4,25.6,39.82,0.32,0.84
65.5,25.6,39.75,0.32,0.84
65.6,25.6,39.68,0.32,0.85
65.7,25.6,39.61,0.32,0.85
65.8,25.6,39.54,0.32,0.86
65.9,25.6,39.46,0.32,0.86
66,25.6,39.39,0.32,0.87
66.1,25.6,39.31,0.32,0.87
58,25.7,40.96,0.52,0.56
58.1,25.7,40.97,0.51,0.56
58.2,25.7,40.97,0.51,0.57
58.3,25.7,40.97,0.51,0.57
58.4,25.7,40.98,0.5,0.57
58.5,25.7,40.98,0.5,0.58
58.6,25.7,40.99,0.5,0.58
58.7,25.7,40.99,0.49,0.58
58.8,25.7,41,0.49,0.59
58.9,25.7,41,0.49,0.59
59,25.7,41,0.48,0.59
59.1,25.7,41.01,0.48,0.6
59.2,25.7,41.01,0.48,0.6
59.3,25.7,41.02,0.47,0.6
59.4,25.7,41.02,0.47,0.61
59.5,25.7,41.02,0.47,0.61
59.6,25.7,41.03,0.46,0.61
59.7,25.7,41.03,0.46,0.62
59.8,25.7,41.04,0.46,0.62
59.9,25.7,41.04,0.45,0.62
60,25.7,41.04,0.45,0.63
60.1,25.7,41.04,0.45,0.63
60.2,25.7,41.05,0.44,0.63
60.3,25.7,41.05,0.44,0.64
60.4,25.7,41.05,0.44,0.64
60.5,25.7,41.05,0.43,0.65
60.6,25.7,41.05,0.43,0.65
60.7,25.7,41.05,0.43,0.65
60.8,25.7,41.05,0.42,0.66
60.9,25.7,41.04,0.42,0.66
61,25.7,41.04,0.42,0.66
61.1,25.7,41.04,0.41,0.67
61.2,25.7,41.04,0.41,0.67
61.3,25.7,41.03,0.41,0.67
61.4,25.7,41.03,0.4,0.68
61.5,25.7,41.02,0.4,0.68
61.6,25.7,41.01,0.4,0.69
61.7,25.7,41,0.39,0.69
61.8,25.7,41,0.39,0.69
61.9,25.7,40.99,0.39,0.7
62,25.7,40.97,0.38,0.7
62.1,25.7,40.96,0.38,0.7
62.2,25.7,40.95,0.38,0.71
62.3,25.7,40.94,0.38,0.71
62.4,25.7,40.92,0.37,0.72
62.5,25.7,40.91,0.37,0.72
62.6,25.7,40.89,0.37,0.72
62.7,25.7,40.87,0.36,0.73
62.8,25.7,40.85,0.36,0.73
62.9,25.7,40.83,0.36,0.74
63,25.7,40.81,0.36,0.74
63.1,25.7,40.78,0.35,0.74
63.2,25.7,40.76,0.35,0.75
63.3,25.7,40.73,0.35,0.75
63.4,25.7,40.7,0.35,0.76
63.5,25.7,40.67,0.35,0.76
63.6,25.7,40.64,0.34,0.76
63.7,25.7,40.61,0.34,0.77
63.8,25.7,40.57,0.34,0.77
63.9,25.7,40.54,0.34,0.78
64,25.7,40.5,0.34,0.78
64.1,25.7,40.46,0.33,0.78
64.2,25.7,40.42,0.33,0.79
64.3,25.7,40.38,0.33,0.79
64.4,25.7,40.33,0.33,0.8
64.5,25.7,40.29,0.33,0.8
64.6,25.7,40.24,0.33,0.8
64.7,25.7,40.19,0.32,0.81
64.8,25.7,40.14,0.32,0.81
64.9,25.7,40.08,0.32,0.82
65,25.7,40.03,0.32,0.82
65.1,25.7,39.97,0.32,0.82
65.2,25.7,39.91,0.32,0.83
65.3,25.7,39.85,0.32,0.83
65.4,25.7,39.79,0.32,0.84
65.5,25.7,39.72,0.32,0.84
65.6,25.7,39.65,0.32,0.85
65.7,25.7,39.58,0.32,0.85
65.8,25.7,39.51,0.32,0.85
65.9,25.7,39.43,0.32,0.86
66,25.7,39.36,0.32,0.86
66.1,25.7,39.28,0.32,0.87
58,25.8,40.93,0.51,0.56
58.1,25.8,40.93,0.51,0.56
58.2,25.8,40.94,0.51,0.57
58.3,25.8,40.94,0.5,0.57
58.4,25.8,40.94,0.5,0.57
58.5,25.8,40.95,0.5,0.58
58.6,25.8,40.95,0.49,0.58
58.7,25.8,40.96,0.49,0.58
58.8,25.8,40.96,0.49,0.59
58.9,25.8,40.96,0.48,0.59
59,25.8,40.97,0.48,0.59
59.1,25.8,40.97,0.48,0.6
59.2,25.8,40.98,0.47,0.6
59.3,25.8,40.98,0.47,0.6
59.4,25.8,40.99,0.47,0.61
59.5,25.8,40.99,0.46,0.61
59.6,25.8,40.99,0.46,0.61
59.7,25.8,41,0.46,0.62
59.8,25.8,41,0.45,0.62
59.9,25.8,41,0.45,0.62
60,25.8,41.01,0.45,0.63
60.1,25.8,41.01,0.44,0.63
60.2,25.8,41.01,0.44,0.63
60.3,25.8,41.01,0.44,0.64
60.4,25.8,41.01,0.43,0.64
60.5,25.8,41.01,0.43,0.64
60.6,25.8,41.01,0.43,0.65
60.7,25.8,41.01,0.42,0.65
60.8,25.8,41.01,0.42,0.65
60.9,25.8,41.01,0.42,0.66
61,25.8,41.01,0.41,0.66
61.1,25.8,41.01,0.41,0.67
61.2,25.8,41,0.41,0.67
61.3,25.8,41,0.4,0.67
61.4,25.8,40.99,0.4,0.68
61.5,25.8,40.99,0.4,0.68
61.6,25.8,40.98,0.4,0.68
61.7,25.8,40.97,0.39,0.69
61.8,25.8,40.96,0.39,0.69
61.9,25.8,40.95,0.39,0.7
62,25.8,40.94,0.38,0.7
62.1,25.8,40.93,0.38,0.7
62.2,25.8,40.92,0.38,0.71
62.3,25.8,40.9,0.37,0.71
62.4,25.8,40.89,0.37,0.71
62.5,25.8,40.87,0.37,0.72
62.6,25.8,40.85,0.37,0.72
62.7,25.8,40.84,0.36,0.73
62.8,25.8,40.82,0.36,0.73
62.9,25.8,40.8,0.36,0.73
63,25.8,40.77,0.36,0.74
63.1,25.8,40.75,0.35,0.74
63.2,25.8,40.72,0.35,0.75
63.3,25.8,40.7,0.35,0.75
63.4,25.8,40.67,0.35,0.75
63.5,25.8,40.64,0.34,0.76
63.6,25.8,40.61,0.34,0.76
63.7,25.8,40.58,0.34,0.77
63.8,25.8,40.54,0.34,0.77
63.9,25.8,40.51,0.34,0.77
64,25.8,40.47,0.34,0.78
64.1,25.8,40.43,0.33,0.78
64.2,25.8,40.39,0.33,0.79
64.3,25.8,40.35,0.33,0.79
64.4,25.8,40.3,0.33,0.79
64.5,25.8,40.26,0.33,0.8
64.6,25.8,40.21,0.33,0.8
64.7,25.8,40.16,0.32,0.81
64.8,25.8,40.11,0.32,0.81
64.9,25.8,40.05,0.32,0.81
65,25.8,40,0.32,0.82
65.1,25.8,39.94,0.32,0.82
65.2,25.8,39.88,0.32,0.83
65.3,25.8,39.82,0.32,0.83
65.4,25.8,39.75,0.32,0.84
65.5,25.8,39.69,0.32,0.84
65.6,25.8,39.62,0.32,0.84
65.7,25.8,39.55,0.32,0.85
65.8,25.8,39.48,0.32,0.85
65.9,25.8,39.4,0.32,0.86
66,25.8,39.32,0.32,0.86
66.1,25.8,39.24,0.32,0.87
58,25.9,40.89,0.51,0.56
58.1,25.9,40.9,0.51,0.56
58.2,25.9,40.9,0.5,0.56
58.3,25.9,40.9,0.5,0.57
58.4,25.9,40.91,0.5,0.57
58.5,25.9,40.91,0.49,0.57
58.6,25.9,40.92,0.49,0.58
58.7,25.9,40.92,0.49,0.58
58.8,25.9,40.93,0.48,0.58
58.9,25.9,40.93,0.48,0.59
59,25.9,40.93,0.48,0.59
59.1,25.9,40.94,0.47,0.59
59.2,25.9,40.94,0.47,0.6
59.3,25.9,40.95,0.47,0.6
59.4,25.9,40.95,0.46,0.6
59.5,25.9,40.96,0.46,0.61
59.6,25.9,40.96,0.46,0.61
59.7,25.9,40.96,0.45,0.61
59.8,25.9,40.97,0.45,0.62
59.9,25.9,40.97,0.45,0.62
60,25.9,40.97,0.44,0.63
60.1,25.9,40.97,0.44,0.63
60.2,25.9,40.98,0.44,0.63
60.3,25.9,40.98,0.43,0.64
60.4,25.9,40.98,0.43,0.64
60.5,25.9,40.98,0.43,0.64
60.6,25.9,40.98,0.43,0.65
60.7,25.9,40.98,0.42,0.65
60.8,25.9,40.98,0.42,0.65
60.9,25.9,40.98,0.42,0.66
61,25.9,40.97,0.41,0.66
61.1,25.9,40.97,0.41,0.66
61.2,25.9,40.97,0.41,0.67
61.3,25.9,40.96,0.4,0.67
61.4,25.9,40.96,0.4,0.68
61.5,25.9,40.95,0.4,0.68
61.6,25.9,40.95,0.39,0.68
61.7,25.9,40.94,0.39,0.69
61.8,25.9,40.93,0.39,0.69
61.9,25.9,40.92,0.39,0.69
62,25.9,40.91,0.38,0.7
62.1,25.9,40.9,0.38,0.7
62.2,25.9,40.88,0.38,0.71
62.3,25.9,40.87,0.37,0.71
62.4,25.9,40.86,0.37,0.71
62.5,25.9,40.84,0.37,0.72
62.6,25.9,40.82,0.37,0.72
62.7,25.9,40.8,0.36,0.72
62.8,25.9,40.78,0.36,0.73
62.9,25.9,40.76,0.36,0.73
63,25.9,40.74,0.36,0.74
63.1,25.9,40.72,0.35,0.74
63.2,25.9,40.69,0.35,0.74
63.3,25.9,40.67,0.35,0.75
63.4,25.9,40.64,0.35,0.75
63.5,25.9,40.61,0.34,0.76
63.6,25.9,40.58,0.34,0.76
63.7,25.9,40.54,0.34,0.76
63.8,25.9,40.51,0.34,0.77
63.9,25.9,40.48,0.34,0.77
64,25.9,40.44,0.34,0.78
64.1,25.9,40.4,0.33,0.78
64.2,25.9,40.36,0.33,0.78
64.3,25.9,40.32,0.33,0.79
64.4,25.9,40.27,0.33,0.79
64.5,25.9,40.23,0.33,0.8
64.6,25.9,40.18,0.33,0.8
64.7,25.9,40.13,0.33,0.8
64.8,25.9,40.08,0.32,0.81
64.9,25.9,40.02,0.32,0.81
65,25.9,39.97,0.32,0.82
65.1,25.9,39.91,0.32,0.82
65.2,25.9,39.85,0.32,0.82
65.3,25.9,39.79,0.32,0.83
65.4,25.9,39.72,0.32,0.83
65.5,25.9,39.66,0.32,0.84
65.6,25.9,39.59,0.32,0.84
65.7,25.9,39.52,0.32,0.85
65.8,25.9,39.45,0.32,0.85
65.9,25.9,39.37,0.32,0.85
66,25.9,39.29,0.32,0.86
66.1,25.9,39.22,0.32,0.86
58,26,40.86,0.51,0.56
58.1,26,40.86,0.5,0.56
58.2,26,40.87,0.5,0.56
58.3,26,40.87,0.5,0.57
58.4,26,40.87,0.49,0.57
58.5,26,40.88,0.49,0.57
58.6,26,40.88,0.49,0.58
58.7,26,40.89,0.48,0.58
58.8,26,40.89,0.48,0.58
58.9,26,40.9,0.48,0.59
59,26,40.9,0.48,0.59
59.1,26,40.91,0.47,0.59
59.2,26,40.91,0.47,0.6
59.3,26,40.91,0.47,0.6
59.4,26,40.92,0.46,0.6
59.5,26,40.92,0.46,0.61
59.6,26,40.93,0.46,0.61
59.7,26,40.93,0.45,0.61
59.8,26,40.93,0.45,0.62
59.9,26,40.94,0.45,0.62
60,26,40.94,0.44,0.62
60.1,26,40.94,0.44,0.63
60.2,26,40.94,0.44,0.63
60.3,26,40.95,0.43,0.63
60.4,26,40.95,0.43,0.64
60.5,26,40.95,0.43,0.64
60.6,26,40.95,0.42,0.65
60.7,26,40.95,0.42,0.65
60.8,26,40.95,0.42,0.65
60.9,26,40.94,0.41,0.66
61,26,40.94,0.41,0.66
61.1,26,40.94,0.41,0.66
61.2,26,40.94,0.4,0.67
61.3,26,40.93,0.4,0.67
61.4,26,40.93,0.4,0.67
61.5,26,40.92,0.4,0.68
61.6,26,40.91,0.39,0.68
61.7,26,40.91,0.39,0.69
61.8,26,40.9,0.39,0.69
61.9,26,40.89,0.38,0.69
62,26,40.88,0.38,0.7
62.1,26,40.86,0.38,0.7
62.2,26,40.85,0.38,0.7
62.3,26,40.84,0.37,0.71
62.4,26,40.82,0.37,0.71
62.5,26,40.81,0.37,0.72
62.6,26,40.79,0.37,0.72
62.7,26,40.77,0.36,0.72
62.8,26,40.75,0.36,0.73
62.9,26,40.73,0.36,0.73
63,26,40.71,0.36,0.73
63.1,26,40.69,0.35,0.74
63.2,26,40.66,0.35,0.74
63.3,26,40.63,0.35,0.75
63.4,26,40.61,0.35,0.75
63.5,26,40.58,0.35,0.75
63.6,26,40.55,0.34,0.76
63.7,26,40.51,0.34,0.76
63.8,26,40.48,0.34,0.77
63.9,26,40.44,0.34,0.77
64,26,40.41,0.34,0.77
64.1,26,40.37,0.33,0.78
64.2,26,40.33,0.33,0.78
64.3,26,40.29,0.33,0.79
64.4,26,40.24,0.33,0.79
64.5,26,40.2,0.33,0.79
64.6,26,40.15,0.33,0.8
64.7,26,40.1,0.33,0.8
64.8,26,40.05,0.33,0.81
64.9,26,39.99,0.32,0.81
65,26,39.94,0.32,0.81
65.1,26,39.88,0.32,0.82
65.2,26,39.82,0.32,0.82
65.3,26,39.76,0.32,0.83
65.4,26,39.69,0.32,0.83
65.5,26,39.63,0.32,0.84
65.6,26,39.56,0.32,0.84
65.7,26,39.49,0.32,0.84
65.8,26,39.42,0.32,0.85
65.9,26,39.34,0.32,0.85
66,26,39.27,0.32,0.86
66.1,26,39.19,0.32,0.86
58,26.1,40.83,0.5,0.56
58.1,26.1,40.83,0.5,0.56
58.2,26.1,40.83,0.5,0.56
58.3,26.1,40.84,0.49,0.57
58.4,26.1,40.84,0.49,0.57
58.5,26.1,40.85,0.49,0.57
58.6,26.1,40.85,0.49,0.58
58.7,26.1,40.85,0.48,0.58
58.8,26.1,40.86,0.48,0.58
58.9,26.1,40.86,0.48,0.59
59,26.1,40.87,0.47,0.59
59.1,26.1,40.87,0.47,0.59
59.2,26.1,40.88,0.47,0.6
59.3,26.1,40.88,0.46,0.6
59.4,26.1,40.89,0.46,0.6
59.5,26.1,40.89,0.46,0.61
59.6,26.1,40.89,0.45,0.61
59.7,26.1,40.9,0.45,0.61
59.8,26.1,40.9,0.45,0.62
59.9,26.1,40.9,0.44,0.62
60,26.1,40.91,0.44,0.62
60.1,26.1,40.91,0.44,0.63
60.2,26.1,40.91,0.43,0.63
60.3,26.1,40.91,0.43,0.63
60.4,26.1,40.91,0.43,0.64
60.5,26.1,40.91,0.43,0.64
60.6,26.1,40.92,0.42,0.64
60.7,26.1,40.91,0.42,0.65
60.8,26.1,40.91,0.42,0.65
60.9,26.1,40.91,0.41,0.65
61,26.1,40.91,0.41,0.66
61.1,26.1,40.91,0.41,0.66
61.2,26.1,40.9,0.4,0.67
61.3,26.1,40.9,0.4,0.67
61.4,26.1,40.89,0.4,0.67
61.5,26.1,40.89,0.39,0.68
61.6,26.1,40.88,0.39,0.68
61.7,26.1,40.87,0.39,0.68
61.8,26.1,40.87,0.39,0.69
61.9,26.1,40.86,0.38,0.69
62,26.1,40.85,0.38,0.69
62.1,26.1,40.83,0.38,0.7
62.2,26.1,40.82,0.38,0.7
62.3,26.1,40.81,0.37,0.71
62.4,26.1,40.79,0.37,0.71
62.5,26.1,40.78,0.37,0.71
62.6,26.1,40.76,0.37,0.72
62.7,26.1,40.74,0.36,0.72
62.8,26.1,40.72,0.36,0.73
62.9,26.1,40.7,0.36,0.73
63,26.1,40.68,0.36,0.73
63.1,26.1,40.65,0.35,0.74
63.2,26.1,40.63,0.35,0.74
63.3,26.1,40.6,0.35,0.74
63.4,26.1,40.58,0.35,0.75
63.5,26.1,40.55,0.35,0.75
63.6,26.1,40.52,0.34,0.76
63.7,26.1,40.48,0.34,0.76
63.8,26.1,40.45,0.34,0.76
63.9,26.1,40.41,0.34,0.77
64,26.1,40.38,0.34,0.77
64.1,26.1,40.34,0.33,0.78
64.2,26.1,40.3,0.33,0.78
64.3,26.1,40.26,0.33,0.78
64.4,26.1,40.21,0.33,0.79
64.5,26.1,40.17,0.33,0.79
64.6,26.1,40.12,0.33,0.8
64.7,26.1,40.07,0.33,0.8
64.8,26.1,40.02,0.33,0.8
64.9,26.1,39.96,0.32,0.81
65,26.1,39.91,0.32,0.81
65.1,26.1,39.85,0.32,0.82
65.2,26.1,39.79,0.32,0.82
65.3,26.1,39.73,0.32,0.82
65.4,26.1,39.67,0.32,0.83
65.5,26.1,39.6,0.32,0.83
65.6,26.1,39.53,0.32,0.84
65.7,26.1,39.46,0.32,0.84
65.8,26.1,39.39,0.32,0.85
65.9,26.1,39.31,0.32,0.85
66,26.1,39.24,0.32,0.85
66.1,26.1,39.16,0.32,0.86
58,26.2,40.8,0.5,0.56
58.1,26.2,40.8,0.5,0.56
58.2,26.2,40.8,0.49,0.56
58.3,26.2,40.81,0.49,0.57
58.4,26.2,40.81,0.49,0.57
58.5,26.2,40.81,0.49,0.57
58.6,26.2,40.82,0.48,0.57
58.7,26.2,40.82,0.48,0.58
58.8,26.2,40.83,0.48,0.58
58.9,26.2,40.83,0.47,0.58
59,26.2,40.84,0.47,0.59
59.1,26.2,40.84,0.47,0.59
59.2,26.2,40.85,0.46,0.59
59.3,26.2,40.85,0.46,0.6
59.4,26.2,40.85,0.46,0.6
59.5,26.2,40.86,0.45,0.6
59.6,26.2,40.86,0.45,0.61
59.7,26.2,40.87,0.45,0.61
59.8,26.2,40.87,0.44,0.61
59.9,26.2,40.87,0.44,0.62
60,26.2,40.88,0.44,0.62
60.1,26.2,40.88,0.44,0.63
60.2,26.2,40.88,0.43,0.63
60.3,26.2,40.88,0.43,0.63
60.4,26.2,40.88,0.43,0.64
60.5,26.2,40.88,0.42,0.64
60.6,26.2,40.88,0.42,0.64
60.7,26.2,40.88,0.42,0.65
60.8,26.2,40.88,0.41,0.65
60.9,26.2,40.88,0.41,0.65
61,26.2,40.88,0.41,0.66
61.1,26.2,40.88,0.41,0.66
61.2,26.2,40.87,0.4,0.66
61.3,26.2,40.87,0.4,0.67
61.4,26.2,40.86,0.4,0.67
61.5,26.2,40.86,0.39,0.67
61.6,26.2,40.85,0.39,0.68
61.7,26.2,40.84,0.39,0.68
61.8,26.2,40.83,0.39,0.69
61.9,26.2,40.82,0.38,0.69
62,26.2,40.81,0.38,0.69
62.1,26.2,40.8,0.38,0.7
62.2,26.2,40.79,0.37,0.7
62.3,26.2,40.78,0.37,0.7
62.4,26.2,40.76,0.37,0.71
62.5,26.2,40.75,0.37,0.71
62.6,26.2,40.73,0.36,0.72
62.7,26.2,40.71,0.36,0.72
62.8,26.2,40.69,0.36,0.72
62.9,26.2,40.67,0.36,0.73
63,26.2,40.65,0.36,0.73
63.1,26.2,40.63,0.35,0.73
63.2,26.2,40.6,0.35,0.74
63.3,26.2,40.57,0.35,0.74
63.4,26.2,40.55,0.35,0.75
63.5,26.2,40.52,0.35,0.75
63.6,26.2,40.49,0.34,0.75
63.7,26.2,40.45,0.34,0.76
63.8,26.2,40.42,0.34,0.76
63.9,26.2,40.38,0.34,0.77
64,26.2,40.35,0.34,0.77
64.1,26.2,40.31,0.34,0.77
64.2,26.2,40.27,0.33,0.78
64.3,26.2,40.23,0.33,0.78
64.4,26.2,40.18,0.33,0.79
64.5,26.2,40.14,0.33,0.79
64.6,26.2,40.09,0.33,0.79
64.7,26.2,40.04,0.33,0.8
64.8,26.2,39.99,0.33,0.8
64.9,26.2,39.93,0.33,0.81
65,26.2,39.88,0.33,0.81
65.1,26.2,39.82,0.32,0.81
65.2,26.2,39.76,0.32,0.82
65.3,26.2,39.7,0.32,0.82
65.4,26.2,39.64,0.32,0.83
65.5,26.2,39.57,0.32,0.83
65.6,26.2,39.5,0.32,0.84
65.7,26.2,39.43,0.32,0.84
65.8,26.2,39.36,0.32,0.84
65.9,26.2,39.29,0.32,0.85
66,26.2,39.21,0.32,0.85
66.1,26.2,39.13,0.32,0.86
58,26.3,40.76,0.5,0.55
58.1,26.3,40.77,0.49,0.56
58.2,26.3,40.77,0.49,0.56
58.3,26.3,40.77,0.49,0.56
58.4,26.3,40.78,0.49,0.57
58.5,26.3,40.78,0.48,0.57
58.6,26.3,40.79,0.48,0.57
58.7,26.3,40.79,0.48,0.58
58.8,26.3,40.8,0.47,0.58
58.9,26.3,40.8,0.47,0.58
59,26.3,40.8,0.47,0.59
59.1,26.3,40.81,0.46,0.59
59.2,26.3,40.81,0.46,0.59
59.3,26.3,40.82,0.46,0.6
59.4,26.3,40.82,0.46,0.6
59.5,26.3,40.83,0.45,0.6
59.6,26.3,40.83,0.45,0.61
59.7,26.3,40.83,0.45,0.61
59.8,26.3,40.84,0.44,0.61
59.9,26.3,40.84,0.44,0.62
60,26.3,40.84,0.44,0.62
60.1,26.3,40.85,0.43,0.62
60.2,26.3,40.85,0.43,0.63
60.3,26.3,40.85,0.43,0.63
60.4,26.3,40.85,0.42,0.63
60.5,26.3,40.85,0.42,0.64
60.6,26.3,40.85,0.42,0.64
60.7,26.3,40.85,0.42,0.65
60.8,26.3,40.85,0.41,0.65
60.9,26.3,40.85,0.41,0.65
61,26.3,40.85,0.41,0.66
61.1,26.3,40.85,0.4,0.66
61.2,26.3,40.84,0.4,0.66
61.3,26.3,40.84,0.4,0.67
61.4,26.3,40.83,0.4,0.67
61.5,26.3,40.83,0.39,0.67
61.6,26.3,40.82,0.39,0.68
61.7,26.3,40.81,0.39,0.68
61.8,26.3,40.8,0.38,0.68
61.9,26.3,40.8,0.38,0.69
62,26.3,40.78,0.38,0.69
62.1,26.3,40.77,0.38,0.7
62.2,26.3,40.76,0.37,0.7
62.3,26.3,40.75,0.37,0.7
62.4,26.3,40.73,0.37,0.71
62.5,26.3,40.72,0.37,0.71
62.6,26.3,40.7,0.36,0.71
62.7,26.3,40.68,0.36,0.72
62.8,26.3,40.66,0.36,0.72
62.9,26.3,40.64,0.36,0.73
63,26.3,40.62,0.36,0.73
63.1,26.3,40.6,0.35,0.73
63.2,26.3,40.57,0.35,0.74
63.3,26.3,40.55,0.35,0.74
63.4,26.3,40.52,0.35,0.74
63.5,26.3,40.49,0.35,0.75
63.6,26.3,40.46,0.34,0.75
63.7,26.3,40.43,0.34,0.76
63.8,26.3,40.39,0.34,0.76
63.9,26.3,40.36,0.34,0.76
64,26.3,40.32,0.34,0.77
64.1,26.3,40.28,0.34,0.77
64.2,26.3,40.24,0.33,0.78
64.3,26.3,40.2,0.33,0.78
64.4,26.3,40.15,0.33,0.78
64.5,26.3,40.11,0.33,0.79
64.6,26.3,40.06,0.33,0.79
64.7,26.3,40.01,0.33,0.8
64.8,26.3,39.96,0.33,0.8
64.9,26.3,39.91,0.33,0.8
65,26.3,39.85,0.33,0.81
65.1,26.3,39.79,0.33,0.81
65.2,26.3,39.74,0.32,0.82
65.3,26.3,39.67,0.32,0.82
65.4,26.3,39.61,0.32,0.83
65.5,26.3,39.55,0.32,0.83
65.6,26.3,39.48,0.32,0.83
65.7,26.3,39.41,0.32,0.84
65.8,26.3,39.33,0.32,0.84
65.9,26.3,39.26,0.32,0.85
66,26.3,39.18,0.32,0.85
66.1,26.3,39.1,0.32,0.85
58,26.4,40.73,0.49,0.55
58.1,26.4,40.74,0.49,0.56
58.2,26.4,40.74,0.49,0.56
58.3,26.4,40.74,0.49,0.56
58.4,26.4,40.75,0.48,0.57
58.5,26.4,40.75,0.48,0.57
58.6,26.4,40.76,0.48,0.57
58.7,26.4,40.76,0.47,0.58
58.8,26.4,40.77,0.47,0.58
58.9,26.4,40.77,0.47,0.58
59,26.4,40.77,0.46,0.59
59.1,26.4,40.78,0.46,0.59
59.2,26.4,40.78,0.46,0.59
59.3,26.4,40.79,0.46,0.6
59.4,26.4,40.79,0.45,0.6
59.5,26.4,40.8,0.45,0.6
59.6,26.4,40.8,0.45,0.61
59.7,26.4,40.8,0.44,0.61
59.8,26.4,40.81,0.44,0.61
59.9,26.4,40.81,0.44,0.62
60,26.4,40.81,0.43,0.62
60.1,26.4,40.82,0.43,0.62
60.2,26.4,40.82,0.43,0.63
60.3,26.4,40.82,0.43,0.63
60.4,26.4,40.82,0.42,0.63
60.5,26.4,40.82,0.42,0.64
60.6,26.4,40.82,0.42,0.64
60.7,26.4,40.82,0.41,0.64
60.8,26.4,40.82,0.41,0.65
60.9,26.4,40.82,0.41,0.65
61,26.4,40.82,0.41,0.65
61.1,26.4,40.82,0.4,0.66
61.2,26.4,40.81,0.4,0.66
61.3,26.4,40.81,0.4,0.67
61.4,26.4,40.8,0.39,0.67
61.5,26.4,40.8,0.39,0.67
61.6,26.4,40.79,0.39,0.68
61.7,26.4,40.78,0.39,0.68
61.8,26.4,40.78,0.38,0.68
61.9,26.4,40.77,0.38,0.69
62,26.4,40.76,0.38,0.69
62.1,26.4,40.74,0.38,0.69
62.2,26.4,40.73,0.37,0.7
62.3,26.4,40.72,0.37,0.7
62.4,26.4,40.7,0.37,0.71
62.5,26.4,40.69,0.37,0.71
62.6,26.4,40.67,0.36,0.71
62.7,26.4,40.65,0.36,0.72
62.8,26.4,40.63,0.36,0.72
62.9,26.4,40.61,0.36,0.72
63,26.4,40.59,0.36,0.73
63.1,26.4,40.57,0.35,0.73
63.2,26.4,40.54,0.35,0.74
63.3,26.4,40.52,0.35,0.74
63.4,26.4,40.49,0.35,0.74
63.5,26.4,40.46,0.35,0.75
63.6,26.4,40.43,0.34,0.75
63.7,26.4,40.4,0.34,0.75
63.8,26.4,40.36,0.34,0.76
63.9,26.4,40.33,0.34,0.76
64,26.4,40.29,0.34,0.77
64.1,26.4,40.25,0.34,0.77
64.2,26.4,40.21,0.33,0.77
64.3,26.4,40.17,0.33,0.78
64.4,26.4,40.13,0.33,0.78
64.5,26.4,40.08,0.33,0.79
64.6,26.4,40.03,0.33,0.79
64.7,26.4,39.98,0.33,0.79
64.8,26.4,39.93,0.33,0.8
64.9,26.4,39.88,0.33,0.8
65,26.4,39.83,0.33,0.81
65.1,26.4,39.77,0.33,0.81
65.2,26.4,39.71,0.33,0.81
65.3,26.4,39.65,0.33,0.82
65.4,26.4,39.58,0.33,0.82
65.5,26.4,39.52,0.32,0.83
65.6,26.4,39.45,0.32,0.83
65.7,26.4,39.38,0.32,0.84
65.8,26.4,39.31,0.32,0.84
65.9,26.4,39.23,0.32,0.84
66,26.4,39.16,0.33,0.85
66.1,26.4,39.08,0.33,0.85
58,26.5,40.7,0.49,0.55
58.1,26.5,40.71,0.49,0.56
58.2,26.5,40.71,0.49,0.56
58.3,26.5,40.71,0.48,0.56
58.4,26.5,40.72,0.48,0.57
58.5,26.5,40.72,0.48,0.57
58.6,26.5,40.73,0.47,0.57
58.7,26.5,40.73,0.47,0.58
58.8,26.5,40.74,0.47,0.58
58.9,26.5,40.74,0.47,0.58
59,26.5,40.74,0.46,0.59
59.1,26.5,40.75,0.46,0.59
59.2,26.5,40.75,0.46,0.59
59.3,26.5,40.76,0.45,0.6
59.4,26.5,40.76,0.45,0.6
59.5,26.5,40.77,0.45,0.6
59.6,26.5,40.77,0.44,0.61
59.7,26.5,40.77,0.44,0.61
59.8,26.5,40.78,0.44,0.61
59.9,26.5,40.78,0.44,0.62
60,26.5,40.78,0.43,0.62
60.1,26.5,40.79,0.43,0.62
60.2,26.5,40.79,0.43,0.63
60.3,26.5,40.79,0.42,0.63
60.4,26.5,40.79,0.42,0.63
60.5,26.5,40.79,0.42,0.64
60.6,26.5,40.79,0.42,0.64
60.7,26.5,40.79,0.41,0.64
60.8,26.5,40.79,0.41,0.65
60.9,26.5,40.79,0.41,0.65
61,26.5,40.79,0.4,0.65
61.1,26.5,40.79,0.4,0.66
61.2,26.5,40.78,0.4,0.66
61.3,26.5,40.78,0.4,0.66
61.4,26.5,40.78,0.39,0.67
61.5,26.5,40.77,0.39,0.67
61.6,26.5,40.76,0.39,0.67
61.7,26.5,40.76,0.39,0.68
61.8,26.5,40.75,0.38,0.68
61.9,26.5,40.74,0.38,0.69
62,26.5,40.73,0.38,0.69
62.1,26.5,40.72,0.38,0.69
62.2,26.5,40.7,0.37,0.7
62.3,26.5,40.69,0.37,0.7
62.4,26.5,40.68,0.37,0.7
62.5,26.5,40.66,0.37,0.71
62.6,26.5,40.64,0.36,0.71
62.7,26.5,40.63,0.36,0.72
62.8,26.5,40.61,0.36,0.72
62.9,26.5,40.59,0.36,0.72
63,26.5,40.56,0.36,0.73
63.1,26.5,40.54,0.35,0.73
63.2,26.5,40.52,0.35,0.73
63.3,26.5,40.49,0.35,0.74
63.4,26.5,40.46,0.35,0.74
63.5,26.5,40.43,0.35,0.75
63.6,26.5,40.4,0.34,0.75
63.7,26.5,40.37,0.34,0.75
63.8,26.5,40.34,0.34,0.76
63.9,26.5,40.3,0.34,0.76
64,26.5,40.26,0.34,0.77
64.1,26.5,40.23,0.34,0.77
64.2,26.5,40.19,0.34,0.77
64.3,26.5,40.14,0.33,0.78
64.4,26.5,40.1,0.33,0.78
64.5,26.5,40.05,0.33,0.78
64.6,26.5,40.01,0.33,0.79
64.7,26.5,39.96,0.33,0.79
64.8,26.5,39.91,0.33,0.8
64.9,26.5,39.85,0.33,0.8
65,26.5,39.8,0.33,0.8
65.1,26.5,39.74,0.33,0.81
65.2,26.5,39.68,0.33,0.81
65.3,26.5,39.62,0.33,0.82
65.4,26.5,39.56,0.33,0.82
65.5,26.5,39.49,0.33,0.83
65.6,26.5,39.43,0.33,0.83
65.7,26.5,39.36,0.33,0.83
65.8,26.5,39.28,0.33,0.84
65.9,26.5,39.21,0.33,0.84
66,26.5,39.13,0.33,0.85
66.1,26.5,39.05,0.33,0.85
58,26.6,40.67,0.49,0.55
58.1,26.6,40.68,0.48,0.56
58.2,26.6,40.68,0.48,0.56
58.3,26.6,40.68,0.48,0.56
58.4,26.6,40.69,0.48,0.57
58.5,26.6,40.69,0.47,0.57
58.6,26.6,40.7,0.47,0.57
58.7,26.6,40.7,0.47,0.58
58.8,26.6,40.71,0.47,0.58
58.9,26.6,40.71,0.46,0.58
59,26.6,40.72,0.46,0.58
59.1,26.6,40.72,0.46,0.59
59.2,26.6,40.72,0.45,0.59
59.3,26.6,40.73,0.45,0.59
59.4,26.6,40.73,0.45,0.6
59.5,26.6,40.74,0.45,0.6
59.6,26.6,40.74,0.44,0.6
59.7,26.6,40.75,0.44,0.61
59.8,26.6,40.75,0.44,0.61
59.9,26.6,40.75,0.43,0.61
60,26.6,40.76,0.43,0.62
60.1,26.6,40.76,0.43,0.62
60.2,26.6,40.76,0.43,0.62
60.3,26.6,40.76,0.42,0.63
60.4,26.6,40.76,0.42,0.63
60.5,26.6,40.77,0.42,0.63
60.6,26.6,40.77,0.41,0.64
60.7,26.6,40.77,0.41,0.64
60.8,26.6,40.77,0.41,0.65
60.9,26.6,40.76,0.41,0.65
61,26.6,40.76,0.4,0.65
61.1,26.6,40.76,0.4,0.66
61.2,26.6,40.76,0.4,0.66
61.3,26.6,40.75,0.4,0.66
61.4,26.6,40.75,0.39,0.67
61.5,26.6,40.74,0.39,0.67
61.6,26.6,40.73,0.39,0.67
61.7,26.6,40.73,0.38,0.68
61.8,26.6,40.72,0.38,0.68
61.9,26.6,40.71,0.38,0.68
62,26.6,40.7,0.38,0.69
62.1,26.6,40.69,0.38,0.69
62.2,26.6,40.68,0.37,0.7
62.3,26.6,40.66,0.37,0.7
62.4,26.6,40.65,0.37,0.7
62.5,26.6,40.63,0.37,0.71
62.6,26.6,40.62,0.36,0.71
62.7,26.6,40.6,0.36,0.71
62.8,26.6,40.58,0.36,0.72
62.9,26.6,40.56,0.36,0.72
63,26.6,40.54,0.36,0.73
63.1,26.6,40.51,0.35,0.73
63.2,26.6,40.49,0.35,0.73
63.3,26.6,40.46,0.35,0.74
63.4,26.6,40.44,0.35,0.74
63.5,26.6,40.41,0.35,0.74
63.6,26.6,40.38,0.34,0.75
63.7,26.6,40.34,0.34,0.75
63.8,26.6,40.31,0.34,0.76
63.9,26.6,40.28,0.34,0.76
64,26.6,40.24,0.34,0.76
64.1,26.6,40.2,0.34,0.77
64.2,26.6,40.16,0.34,0.77
64.3,26.6,40.12,0.34,0.78
64.4,26.6,40.07,0.33,0.78
64.5,26.6,40.03,0.33,0.78
64.6,26.6,39.98,0.33,0.79
64.7,26.6,39.93,0.33,0.79
64.8,26.6,39.88,0.33,0.8
64.9,26.6,39.83,0.33,0.8
65,26.6,39.77,0.33,0.8
65.1,26.6,39.72,0.33,0.81
65.2,26.6,39.66,0.33,0.81
65.3,26.6,39.6,0.33,0.82
65.4,26.6,39.53,0.33,0.82
65.5,26.6,39.47,0.33,0.82
65.6,26.6,39.4,0.33,0.83
65.7,26.6,39.33,0.33,0.83
65.8,26.6,39.26,0.33,0.84
65.9,26.6,39.18,0.33,0.84
66,26.6,39.11,0.33,0.84
66.1,26.6,39.03,0.33,0.85
58,26.7,40.64,0.48,0.55
58.1,26.7,40.65,0.48,0.56
58.2,26.7,40.65,0.48,0.56
58.3,26.7,40.66,0.48,0.56
58.4,26.7,40.66,0.47,0.56
58.5,26.7,40.66,0.47,0.57
58.6,26.7,40.67,0.47,0.57
58.7,26.7,40.67,0.47,0.57
58.8,26.7,40.68,0.46,0.58
58.9,26.7,40.68,0.46,0.58
59,26.7,40.69,0.46,0.58
59.1,26.7,40.69,0.45,0.59
59.2,26.7,40.7,0.45,0.59
59.3,26.7,40.7,0.45,0.59
59.4,26.7,40.71,0.45,0.6
59.5,26.7,40.71,0.44,0.6
59.6,26.7,40.71,0.44,0.6
59.7,26.7,40.72,0.44,0.61
59.8,26.7,40.72,0.43,0.61
59.9,26.7,40.73,0.43,0.61
60,26.7,40.73,0.43,0.62
60.1,26.7,40.73,0.43,0.62
60.2,26.7,40.73,0.42,0.62
60.3,26.7,40.74,0.42,0.63
60.4,26.7,40.74,0.42,0.63
60.5,26.7,40.74,0.42,0.63
60.6,26.7,40.74,0.41,0.64
60.7,26.7,40.74,0.41,0.64
60.8,26.7,40.74,0.41,0.64
60.9,26.7,40.74,0.4,0.65
61,26.7,40.73,0.4,0.65
61.1,26.7,40.73,0.4,0.65
61.2,26.7,40.73,0.4,0.66
61.3,26.7,40.72,0.39,0.66
61.4,26.7,40.72,0.39,0.67
61.5,26.7,40.71,0.39,0.67
61.6,26.7,40.71,0.39,0.67
61.7,26.7,40.7,0.38,0.68
61.8,26.7,40.69,0.38,0.68
61.9,26.7,40.68,0.38,0.68
62,26.7,40.67,0.38,0.69
62.1,26.7,40.66,0.37,0.69
62.2,26.7,40.65,0.37,0.69
62.3,26.7,40.64,0.37,0.7
62.4,26.7,40.62,0.37,0.7
62.5,26.7,40.61,0.37,0.71
62.6,26.7,40.59,0.36,0.71
62.7,26.7,40.57,0.36,0.71
62.8,26.7,40.55,0.36,0.72
62.9,26.7,40.53,0.36,0.72
63,26.7,40.51,0.36,0.72
63.1,26.7,40.49,0.35,0.73
63.2,26.7,40.46,0.35,0.73
63.3,26.7,40.44,0.35,0.73
63.4,26.7,40.41,0.35,0.74
63.5,26.7,40.38,0.35,0.74
63.6,26.7,40.35,0.35,0.75
63.7,26.7,40.32,0.34,0.75
63.8,26.7,40.28,0.34,0.75
63.9,26.7,40.25,0.34,0.76
64,26.7,40.21,0.34,0.76
64.1,26.7,40.17,0.34,0.77
64.2,26.7,40.13,0.34,0.77
64.3,26.7,40.09,0.34,0.77
64.4,26.7,40.05,0.34,0.78
64.5,26.7,40,0.33,0.78
64.6,26.7,39.96,0.33,0.79
64.7,26.7,39.91,0.33,0.79
64.8,26.7,39.86,0.33,0.79
64.9,26.7,39.8,0.33,0.8
65,26.7,39.75,0.33,0.8
65.1,26.7,39.69,0.33,0.81
65.2,26.7,39.63,0.33,0.81
65.3,26.7,39.57,0.33,0.81
65.4,26.7,39.51,0.33,0.82
65.5,26.7,39.44,0.33,0.82
65.6,26.7,39.38,0.33,0.83
65.7,26.7,39.31,0.33,0.83
65.8,26.7,39.23,0.33,0.83
65.9,26.7,39.16,0.33,0.84
66,26.7,39.08,0.33,0.84
66.1,26.7,39.01,0.33,0.85
58,26.8,40.62,0.48,0.55
58.1,26.8,40.62,0.48,0.55
58.2,26.8,40.62,0.48,0.56
58.3,26.8,40.63,0.47,0.56
58.4,26.8,40.63,0.47,0.56
58.5,26.8,40.64,0.47,0.57
58.6,26.8,40.64,0.47,0.57
58.7,26.8,40.65,0.46,0.57
58.8,26.8,40.65,0.46,0.58
58.9,26.8,40.66,0.46,0.58
59,26.8,40.66,0.45,0.58
59.1,26.8,40.66,0.45,0.59
59.2,26.8,40.67,0.45,0.59
59.3,26.8,40.67,0.45,0.59
59.4,26.8,40.68,0.44,0.6
59.5,26.8,40.68,0.44,0.6
59.6,26.8,40.69,0.44,0.6
59.7,26.8,40.69,0.44,0.61
59.8,26.8,40.69,0.43,0.61
59.9,26.8,40.7,0.43,0.61
60,26.8,40.7,0.43,0.62
60.1,26.8,40.7,0.42,0.62
60.2,26.8,40.71,0.42,0.62
60.3,26.8,40.71,0.42,0.63
60.4,26.8,40.71,0.42,0.63
60.5,26.8,40.71,0.41,0.63
60.6,26.8,40.71,0.41,0.64
60.7,26.8,40.71,0.41,0.64
60.8,26.8,40.71,0.41,0.64
60.9,26.8,40.71,0.4,0.65
61,26.8,40.71,0.4,0.65
61.1,26.8,40.71,0.4,0.65
61.2,26.8,40.7,0.4,0.66
61.3,26.8,40.7,0.39,0.66
61.4,26.8,40.69,0.39,0.66
61.5,26.8,40.69,0.39,0.67
61.6,26.8,40.68,0.39,0.67
61.7,26.8,40.67,0.38,0.67
61.8,26.8,40.67,0.38,0.68
61.9,26.8,40.66,0.38,0.68
62,26.8,40.65,0.38,0.69
62.1,26.8,40.64,0.37,0.69
62.2,26.8,40.62,0.37,0.69
62.3,26.8,40.61,0.37,0.7
62.4,26.8,40.6,0.37,0.7
62.5,26.8,40.58,0.37,0.7
62.6,26.8,40.56,0.36,0.71
62.7,26.8,40.55,0.36,0.71
62.8,26.8,40.53,0.36,0.71
62.9,26.8,40.51,0.36,0.72
63,26.8,40.48,0.36,0.72
63.1,26.8,40.46,0.35,0.73
63.2,26.8,40.44,0.35,0.73
63.3,26.8,40.41,0.35,0.73
63.4,26.8,40.38,0.35,0.74
63.5,26.8,40.36,0.35,0.74
63.6,26.8,40.33,0.35,0.74
63.7,26.8,40.29,0.34,0.75
63.8,26.8,40.26,0.34,0.75
63.9,26.8,40.23,0.34,0.76
64,26.8,40.19,0.34,0.76
64.1,26.8,40.15,0.34,0.76
64.2,26.8,40.11,0.34,0.77
64.3,26.8,40.07,0.34,0.77
64.4,26.8,40.03,0.34,0.78
64.5,26.8,39.98,0.34,0.78
64.6,26.8,39.93,0.33,0.78
64.7,26.8,39.88,0.33,0.79
64.8,26.8,39.83,0.33,0.79
64.9,26.8,39.78,0.33,0.8
65,26.8,39.73,0.33,0.8
65.1,26.8,39.67,0.33,0.8
65.2,26.8,39.61,0.33,0.81
65.3,26.8,39.55,0.33,0.81
65.4,26.8,39.49,0.33,0.82
65.5,26.8,39.42,0.33,0.82
65.6,26.8,39.35,0.33,0.82
65.7,26.8,39.28,0.33,0.83
65.8,26.8,39.21,0.33,0.83
65.9,26.8,39.14,0.33,0.84
66,26.8,39.06,0.33,0.84
66.1,26.8,38.98,0.33,0.84
58,26.9,40.59,0.48,0.55
58.1,26.9,40.59,0.48,0.55
58.2,26.9,40.6,0.47,0.56
58.3,26.9,40.6,0.47,0.56
58.4,26.9,40.61,0.47,0.56
58.5,26.9,40.61,0.47,0.57
58.6,26.9,40.61,0.46,0.57
58.7,26.9,40.62,0.46,0.57
58.8,26.9,40.62,0.46,0.58
58.9,26.9,40.63,0.45,0.58
59,26.9,40.63,0.45,0.58
59.1,26.9,40.64,0.45,0.59
59.2,26.9,40.64,0.45,0.59
59.3,26.9,40.65,0.44,0.59
59.4,26.9,40.65,0.44,0.6
59.5,26.9,40.66,0.44,0.6
59.6,26.9,40.66,0.44,0.6
59.7,26.9,40.66,0.43,0.61
59.8,26.9,40.67,0.43,0.61
59.9,26.9,40.67,0.43,0.61
60,26.9,40.67,0.43,0.62
60.1,26.9,40.68,0.42,0.62
60.2,26.9,40.68,0.42,0.62
60.3,26.9,40.68,0.42,0.63
60.4,26.9,40.68,0.42,0.63
60.5,26.9,40.68,0.41,0.63
60.6,26.9,40.69,0.41,0.64
60.7,26.9,40.69,0.41,0.64
60.8,26.9,40.68,0.4,0.64
60.9,26.9,40.68,0.4,0.65
61,26.9,40.68,0.4,0.65
61.1,26.9,40.68,0.4,0.65
61.2,26.9,40.68,0.39,0.66
61.3,26.9,40.67,0.39,0.66
61.4,26.9,40.67,0.39,0.66
61.5,26.9,40.66,0.39,0.67
61.6,26.9,40.66,0.39,0.67
61.7,26.9,40.65,0.38,0.67
61.8,26.9,40.64,0.38,0.68
61.9,26.9,40.63,0.38,0.68
62,26.9,40.62,0.38,0.68
62.1,26.9,40.61,0.37,0.69
62.2,26.9,40.6,0.37,0.69
62.3,26.9,40.59,0.37,0.7
62.4,26.9,40.57,0.37,0.7
62.5,26.9,40.56,0.37,0.7
62.6,26.9,40.54,0.36,0.71
62.7,26.9,40.52,0.36,0.71
62.8,26.9,40.5,0.36,0.71
62.9,26.9,40.48,0.36,0.72
63,26.9,40.46,0.36,0.72
63.1,26.9,40.44,0.35,0.72
63.2,26.9,40.41,0.35,0.73
63.3,26.9,40.39,0.35,0.73
63.4,26.9,40.36,0.35,0.74
63.5,26.9,40.33,0.35,0.74
63.6,26.9,40.3,0.35,0.74
63.7,26.9,40.27,0.34,0.75
63.8,26.9,40.24,0.34,0.75
63.9,26.9,40.2,0.34,0.75
64,26.9,40.16,0.34,0.76
64.1,26.9,40.13,0.34,0.76
64.2,26.9,40.09,0.34,0.77
64.3,26.9,40.04,0.34,0.77
64.4,26.9,40,0.34,0.77
64.5,26.9,39.96,0.34,0.78
64.6,26.9,39.91,0.34,0.78
64.7,26.9,39.86,0.33,0.79
64.8,26.9,39.81,0.33,0.79
64.9,26.9,39.76,0.33,0.79
65,26.9,39.7,0.33,0.8
65.1,26.9,39.65,0.33,0.8
65.2,26.9,39.59,0.33,0.81
65.3,26.9,39.53,0.33,0.81
65.4,26.9,39.46,0.33,0.81
65.5,26.9,39.4,0.33,0.82
65.6,26.9,39.33,0.33,0.82
65.7,26.9,39.26,0.33,0.83
65.8,26.9,39.19,0.33,0.83
65.9,26.9,39.12,0.33,0.83
66,26.9,39.04,0.33,0.84
66.1,26.9,38.96,0.33,0.84
58,27,40.56,0.48,0.55
58.1,27,40.57,0.47,0.55
58.2,27,40.57,0.47,0.56
58.3,27,40.57,0.47,0.56
58.4,27,40.58,0.46,0.56
58.5,27,40.58,0.46,0.57
58.6,27,40.59,0.46,0.57
58.7,27,40.59,0.46,0.57
58.8,27,40.6,0.45,0.58
58.9,27,40.6,0.45,0.58
59,27,40.61,0.45,0.58
59.1,27,40.61,0.45,0.59
59.2,27,40.62,0.44,0.59
59.3,27,40.62,0.44,0.59
59.4,27,40.63,0.44,0.59
59.5,27,40.63,0.44,0.6
59.6,27,40.63,0.43,0.6
59.7,27,40.64,0.43,0.6
59.8,27,40.64,0.43,0.61
59.9,27,40.65,0.43,0.61
60,27,40.65,0.42,0.61
60.1,27,40.65,0.42,0.62
60.2,27,40.65,0.42,0.62
60.3,27,40.66,0.42,0.62
60.4,27,40.66,0.41,0.63
60.5,27,40.66,0.41,0.63
60.6,27,40.66,0.41,0.63
60.7,27,40.66,0.41,0.64
60.8,27,40.66,0.4,0.64
60.9,27,40.66,0.4,0.64
61,27,40.66,0.4,0.65
61.1,27,40.65,0.4,0.65
61.2,27,40.65,0.39,0.66
61.3,27,40.65,0.39,0.66
61.4,27,40.64,0.39,0.66
61.5,27,40.64,0.39,0.67
61.6,27,40.63,0.38,0.67
61.7,27,40.62,0.38,0.67
61.8,27,40.62,0.38,0.68
61.9,27,40.61,0.38,0.68
62,27,40.6,0.38,0.68
62.1,27,40.59,0.37,0.69
62.2,27,40.57,0.37,0.69
62.3,27,40.56,0.37,0.69
62.4,27,40.55,0.37,0.7
62.5,27,40.53,0.37,0.7
62.6,27,40.51,0.36,0.7
62.7,27,40.5,0.36,0.71
62.8,27,40.48,0.36,0.71
62.9,27,40.46,0.36,0.72
63,27,40.44,0.36,0.72
63.1,27,40.41,0.35,0.72
63.2,27,40.39,0.35,0.73
63.3,27,40.36,0.35,0.73
63.4,27,40.34,0.35,0.73
63.5,27,40.31,0.35,0.74
63.6,27,40.28,0.35,0.74
63.7,27,40.25,0.35,0.75
63.8,27,40.21,0.34,0.75
63.9,27,40.18,0.34,0.75
64,27,40.14,0.34,0.76
64.1,27,40.1,0.34,0.76
64.2,27,40.06,0.34,0.77
64.3,27,40.02,0.34,0.77
64.4,27,39.98,0.34,0.77
64.5,27,39.93,0.34,0.78
64.6,27,39.89,0.34,0.78
64.7,27,39.84,0.34,0.78
64.8,27,39.79,0.34,0.79
64.9,27,39.73,0.33,0.79
65,27,39.68,0.33,0.8
65.1,27,39.62,0.33,0.8
65.2,27,39.56,0.33,0.8
65.3,27,39.5,0.33,0.81
65.4,27,39.44,0.33,0.81
65.5,27,39.38,0.33,0.82
65.6,27,39.31,0.33,0.82
65.7,27,39.24,0.33,0.82
65.8,27,39.17,0.33,0.83
65.9,27,39.09,0.33,0.83
66,27,39.02,0.34,0.84
66.1,27,38.94,0.34,0.84
58,27.1,40.54,0.47,0.55
58.1,27.1,40.54,0.47,0.55
58.2,27.1,40.55,0.47,0.56
58.3,27.1,40.55,0.46,0.56
58.4,27.1,40.55,0.46,0.56
58.5,27.1,40.56,0.46,0.57
58.6,27.1,40.56,0.46,0.57
58.7,27.1,40.57,0.45,0.57
58.8,27.1,40.57,0.45,0.58
58.9,27.1,40.58,0.45,0.58
59,27.1,40.58,0.45,0.58
59.1,27.1,40.59,0.44,0.58
59.2,27.1,40.59,0.44,0.59
59.3,27.1,40.6,0.44,0.59
59.4,27.1,40.6,0.44,0.59
59.5,27.1,40.61,0.43,0.6
59.6,27.1,40.61,0.43,0.6
59.7,27.1,40.61,0.43,0.6
59.8,27.1,40.62,0.43,0.61
59.9,27.1,40.62,0.42,0.61
60,27.1,40.62,0.42,0.61
60.1,27.1,40.63,0.42,0.62
60.2,27.1,40.63,0.42,0.62
60.3,27.1,40.63,0.41,0.62
60.4,27.1,40.63,0.41,0.63
60.5,27.1,40.63,0.41,0.63
60.6,27.1,40.64,0.41,0.63
60.7,27.1,40.64,0.4,0.64
60.8,27.1,40.64,0.4,0.64
60.9,27.1,40.63,0.4,0.64
61,27.1,40.63,0.4,0.65
61.1,27.1,40.63,0.4,0.65
61.2,27.1,40.63,0.39,0.65
61.3,27.1,40.62,0.39,0.66
61.4,27.1,40.62,0.39,0.66
61.5,27.1,40.61,0.39,0.66
61.6,27.1,40.61,0.38,0.67
61.7,27.1,40.6,0.38,0.67
61.8,27.1,40.59,0.38,0.68
61.9,27.1,40.58,0.38,0.68
62,27.1,40.57,0.38,0.68
62.1,27.1,40.56,0.37,0.69
62.2,27.1,40.55,0.37,0.69
62.3,27.1,40.54,0.37,0.69
62.4,27.1,40.52,0.37,0.7
62.5,27.1,40.51,0.37,0.7
62.6,27.1,40.49,0.36,0.7
62.7,27.1,40.47,0.36,0.71
62.8,27.1,40.45,0.36,0.71
62.9,27.1,40.43,0.36,0.71
63,27.1,40.41,0.36,0.72
63.1,27.1,40.39,0.35,0.72
63.2,27.1,40.37,0.35,0.73
63.3,27.1,40.34,0.35,0.73
63.4,27.1,40.31,0.35,0.73
63.5,27.1,40.28,0.35,0.74
63.6,27.1,40.25,0.35,0.74
63.7,27.1,40.22,0.35,0.74
63.8,27.1,40.19,0.35,0.75
63.9,27.1,40.16,0.34,0.75
64,27.1,40.12,0.34,0.76
64.1,27.1,40.08,0.34,0.76
64.2,27.1,40.04,0.34,0.76
64.3,27.1,40,0.34,0.77
64.4,27.1,39.96,0.34,0.77
64.5,27.1,39.91,0.34,0.78
64.6,27.1,39.86,0.34,0.78
64.7,27.1,39.82,0.34,0.78
64.8,27.1,39.76,0.34,0.79
64.9,27.1,39.71,0.34,0.79
65,27.1,39.66,0.34,0.79
65.1,27.1,39.6,0.34,0.8
65.2,27.1,39.54,0.34,0.8
65.3,27.1,39.48,0.34,0.81
65.4,27.1,39.42,0.34,0.81
65.5,27.1,39.35,0.34,0.81
65.6,27.1,39.29,0.34,0.82
65.7,27.1,39.22,0.34,0.82
65.8,27.1,39.15,0.34,0.83
65.9,27.1,39.07,0.34,0.83
66,27.1,39,0.34,0.83
66.1,27.1,38.92,0.34,0.84
58,27.2,40.51,0.47,0.55
58.1,27.2,40.52,0.47,0.55
58.2,27.2,40.52,0.46,0.56
58.3,27.2,40.52,0.46,0.56
58.4,27.2,40.53,0.46,0.56
58.5,27.2,40.53,0.46,0.57
58.6,27.2,40.54,0.45,0.57
58.7,27.2,40.54,0.45,0.57
58.8,27.2,40.55,0.45,0.57
58.9,27.2,40.55,0.45,0.58
59,27.2,40.56,0.44,0.58
59.1,27.2,40.56,0.44,0.58
59.2,27.2,40.57,0.44,0.59
59.3,27.2,40.57,0.44,0.59
59.4,27.2,40.58,0.43,0.59
59.5,27.2,40.58,0.43,0.6
59.6,27.2,40.59,0.43,0.6
59.7,27.2,40.59,0.43,0.6
59.8,27.2,40.59,0.42,0.61
59.9,27.2,40.6,0.42,0.61
60,27.2,40.6,0.42,0.61
60.1,27.2,40.6,0.42,0.62
60.2,27.2,40.61,0.42,0.62
60.3,27.2,40.61,0.41,0.62
60.4,27.2,40.61,0.41,0.63
60.5,27.2,40.61,0.41,0.63
60.6,27.2,40.61,0.41,0.63
60.7,27.2,40.61,0.4,0.64
60.8,27.2,40.61,0.4,0.64
60.9,27.2,40.61,0.4,0.64
61,27.2,40.61,0.4,0.65
61.1,27.2,40.61,0.39,0.65
61.2,27.2,40.6,0.39,0.65
61.3,27.2,40.6,0.39,0.66
61.4,27.2,40.59,0.39,0.66
61.5,27.2,40.59,0.39,0.66
61.6,27.2,40.58,0.38,0.67
61.7,27.2,40.58,0.38,0.67
61.8,27.2,40.57,0.38,0.67
61.9,27.2,40.56,0.38,0.68
62,27.2,40.55,0.37,0.68
62.1,27.2,40.54,0.37,0.68
62.2,27.2,40.53,0.37,0.69
62.3,27.2,40.51,0.37,0.69
62.4,27.2,40.5,0.37,0.7
62.5,27.2,40.48,0.37,0.7
62.6,27.2,40.47,0.36,0.7
62.7,27.2,40.45,0.36,0.71
62.8,27.2,40.43,0.36,0.71
62.9,27.2,40.41,0.36,0.71
63,27.2,40.39,0.36,0.72
63.1,27.2,40.37,0.36,0.72
63.2,27.2,40.34,0.35,0.72
63.3,27.2,40.32,0.35,0.73
63.4,27.2,40.29,0.35,0.73
63.5,27.2,40.26,0.35,0.74
63.6,27.2,40.23,0.35,0.74
63.7,27.2,40.2,0.35,0.74
63.8,27.2,40.17,0.35,0.75
63.9,27.2,40.13,0.34,0.75
64,27.2,40.1,0.34,0.75
64.1,27.2,40.06,0.34,0.76
64.2,27.2,40.02,0.34,0.76
64.3,27.2,39.98,0.34,0.77
64.4,27.2,39.93,0.34,0.77
64.5,27.2,39.89,0.34,0.77
64.6,27.2,39.84,0.34,0.78
64.7,27.2,39.79,0.34,0.78
64.8,27.2,39.74,0.34,0.79
64.9,27.2,39.69,0.34,0.79
65,27.2,39.64,0.34,0.79
65.1,27.2,39.58,0.34,0.8
65.2,27.2,39.52,0.34,0.8
65.3,27.2,39.46,0.34,0.81
65.4,27.2,39.4,0.34,0.81
65.5,27.2,39.33,0.34,0.81
65.6,27.2,39.27,0.34,0.82
65.7,27.2,39.2,0.34,0.82
65.8,27.2,39.13,0.34,0.83
65.9,27.2,39.05,0.34,0.83
66,27.2,38.98,0.34,0.83
66.1,27.2,38.9,0.34,0.84
58,27.3,40.49,0.47,0.55
58.1,27.3,40.49,0.46,0.55
58.2,27.3,40.5,0.46,0.56
58.3,27.3,40.5,0.46,0.56
58.4,27.3,40.5,0.46,0.56
58.5,27.3,40.51,0.45,0.56
58.6,27.3,40.51,0.45,0.57
58.7,27.3,40.52,0.45,0.57
58.8,27.3,40.52,0.45,0.57
58.9,27.3,40.53,0.44,0.58
59,27.3,40.53,0.44,0.58
59.1,27.3,40.54,0.44,0.58
59.2,27.3,40.54,0.44,0.59
59.3,27.3,40.55,0.43,0.59
59.4,27.3,40.55,0.43,0.59
59.5,27.3,40.56,0.43,0.6
59.6,27.3,40.56,0.43,0.6
59.7,27.3,40.57,0.43,0.6
59.8,27.3,40.57,0.42,0.61
59.9,27.3,40.57,0.42,0.61
60,27.3,40.58,0.42,0.61
60.1,27.3,40.58,0.42,0.62
60.2,27.3,40.58,0.41,0.62
60.3,27.3,40.58,0.41,0.62
60.4,27.3,40.59,0.41,0.63
60.5,27.3,40.59,0.41,0.63
60.6,27.3,40.59,0.4,0.63
60.7,27.3,40.59,0.4,0.64
60.8,27.3,40.59,0.4,0.64
60.9,27.3,40.59,0.4,0.64
61,27.3,40.59,0.4,0.65
61.1,27.3,40.58,0.39,0.65
61.2,27.3,40.58,0.39,0.65
61.3,27.3,40.58,0.39,0.66
61.4,27.3,40.57,0.39,0.66
61.5,27.3,40.57,0.38,0.66
61.6,27.3,40.56,0.38,0.67
61.7,27.3,40.55,0.38,0.67
61.8,27.3,40.55,0.38,0.67
61.9,27.3,40.54,0.38,0.68
62,27.3,40.53,0.37,0.68
62.1,27.3,40.52,0.37,0.68
62.2,27.3,40.5,0.37,0.69
62.3,27.3,40.49,0.37,0.69
62.4,27.3,40.48,0.37,0.69
62.5,27.3,40.46,0.37,0.7
62.6,27.3,40.45,0.36,0.7
62.7,27.3,40.43,0.36,0.71
62.8,27.3,40.41,0.36,0.71
62.9,27.3,40.39,0.36,0.71
63,27.3,40.37,0.36,0.72
63.1,27.3,40.35,0.36,0.72
63.2,27.3,40.32,0.35,0.72
63.3,27.3,40.3,0.35,0.73
63.4,27.3,40.27,0.35,0.73
63.5,27.3,40.24,0.35,0.73
63.6,27.3,40.21,0.35,0.74
63.7,27.3,40.18,0.35,0.74
63.8,27.3,40.15,0.35,0.75
63.9,27.3,40.11,0.35,0.75
64,27.3,40.08,0.34,0.75
64.1,27.3,40.04,0.34,0.76
64.2,27.3,40,0.34,0.76
64.3,27.3,39.96,0.34,0.76
64.4,27.3,39.91,0.34,0.77
64.5,27.3,39.87,0.34,0.77
64.6,27.3,39.82,0.34,0.78
64.7,27.3,39.77,0.34,0.78
64.8,27.3,39.72,0.34,0.78
64.9,27.3,39.67,0.34,0.79
65,27.3,39.62,0.34,0.79
65.1,27.3,39.56,0.34,0.8
65.2,27.3,39.5,0.34,0.8
65.3,27.3,39.44,0.34,0.8
65.4,27.3,39.38,0.34,0.81
65.5,27.3,39.31,0.34,0.81
65.6,27.3,39.25,0.34,0.82
65.7,27.3,39.18,0.34,0.82
65.8,27.3,39.11,0.34,0.82
65.9,27.3,39.03,0.34,0.83
66,27.3,38.96,0.34,0.83
66.1,27.3,38.88,0.34,0.84
58,27.4,40.47,0.46,0.55
58.1,27.4,40.47,0.46,0.55
58.2,27.4,40.47,0.46,0.56
58.3,27.4,40.48,0.46,0.56
58.4,27.4,40.48,0.45,0.56
58.5,27.4,40.49,0.45,0.56
58.6,27.4,40.49,0.45,0.57
58.7,27.4,40.5,0.45,0.57
58.8,27.4,40.5,0.44,0.57
58.9,27.4,40.5,0.44,0.58
59,27.4,40.51,0.44,0.58
59.1,27.4,40.51,0.44,0.58
59.2,27.4,40.52,0.43,0.59
59.3,27.4,40.52,0.43,0.59
59.4,27.4,40.53,0.43,0.59
59.5,27.4,40.53,0.43,0.6
59.6,27.4,40.54,0.43,0.6
59.7,27.4,40.54,0.42,0.6
59.8,27.4,40.55,0.42,0.61
59.9,27.4,40.55,0.42,0.61
60,27.4,40.55,0.42,0.61
60.1,27.4,40.56,0.41,0.61
60.2,27.4,40.56,0.41,0.62
60.3,27.4,40.56,0.41,0.62
60.4,27.4,40.56,0.41,0.62
60.5,27.4,40.56,0.41,0.63
60.6,27.4,40.57,0.4,0.63
60.7,27.4,40.57,0.4,0.63
60.8,27.4,40.57,0.4,0.64
60.9,27.4,40.56,0.4,0.64
61,27.4,40.56,0.39,0.64
61.1,27.4,40.56,0.39,0.65
61.2,27.4,40.56,0.39,0.65
61.3,27.4,40.55,0.39,0.65
61.4,27.4,40.55,0.39,0.66
61.5,27.4,40.54,0.38,0.66
61.6,27.4,40.54,0.38,0.67
61.7,27.4,40.53,0.38,0.67
61.8,27.4,40.52,0.38,0.67
61.9,27.4,40.52,0.38,0.68
62,27.4,40.51,0.37,0.68
62.1,27.4,40.49,0.37,0.68
62.2,27.4,40.48,0.37,0.69
62.3,27.4,40.47,0.37,0.69
62.4,27.4,40.46,0.37,0.69
62.5,27.4,40.44,0.37,0.7
62.6,27.4,40.42,0.36,0.7
62.7,27.4,40.41,0.36,0.7
62.8,27.4,40.39,0.36,0.71
62.9,27.4,40.37,0.36,0.71
63,27.4,40.35,0.36,0.71
63.1,27.4,40.32,0.36,0.72
63.2,27.4,40.3,0.35,0.72
63.3,27.4,40.28,0.35,0.73
63.4,27.4,40.25,0.35,0.73
63.5,27.4,40.22,0.35,0.73
63.6,27.4,40.19,0.35,0.74
63.7,27.4,40.16,0.35,0.74
63.8,27.4,40.13,0.35,0.74
63.9,27.4,40.09,0.35,0.75
64,27.4,40.06,0.35,0.75
64.1,27.4,40.02,0.34,0.76
64.2,27.4,39.98,0.34,0.76
64.3,27.4,39.94,0.34,0.76
64.4,27.4,39.89,0.34,0.77
64.5,27.4,39.85,0.34,0.77
64.6,27.4,39.8,0.34,0.77
64.7,27.4,39.75,0.34,0.78
64.8,27.4,39.7,0.34,0.78
64.9,27.4,39.65,0.34,0.79
65,27.4,39.6,0.34,0.79
65.1,27.4,39.54,0.34,0.79
65.2,27.4,39.48,0.34,0.8
65.3,27.4,39.42,0.34,0.8
65.4,27.4,39.36,0.34,0.81
65.5,27.4,39.29,0.34,0.81
65.6,27.4,39.23,0.34,0.81
65.7,27.4,39.16,0.34,0.82
65.8,27.4,39.09,0.34,0.82
65.9,27.4,39.01,0.34,0.83
66,27.4,38.94,0.34,0.83
66.1,27.4,38.86,0.34,0.83
58,27.5,40.44,0.46,0.55
58.1,27.5,40.45,0.46,0.55
58.2,27.5,40.45,0.45,0.56
58.3,27.5,40.45,0.45,0.56
58.4,27.5,40.46,0.45,0.56
58.5,27.5,40.46,0.45,0.56
58.6,27.5,40.47,0.45,0.57
58.7,27.5,40.47,0.44,0.57
58.8,27.5,40.48,0.44,0.57
58.9,27.5,40.48,0.44,0.58
59,27.5,40.49,0.44,0.58
59.1,27.5,40.49,0.43,0.58
59.2,27.5,40.5,0.43,0.59
59.3,27.5,40.5,0.43,0.59
59.4,27.5,40.51,0.43,0.59
59.5,27.5,40.51,0.43,0.6
59.6,27.5,40.52,0.42,0.6
59.7,27.5,40.52,0.42,0.6
59.8,27.5,40.52,0.42,0.6
59.9,27.5,40.53,0.42,0.61
60,27.5,40.53,0.41,0.61
60.1,27.5,40.53,0.41,0.61
60.2,27.5,40.54,0.41,0.62
60.3,27.5,40.54,0.41,0.62
60.4,27.5,40.54,0.41,0.62
60.5,27.5,40.54,0.4,0.63
60.6,27.5,40.54,0.4,0.63
60.7,27.5,40.54,0.4,0.63
60.8,27.5,40.54,0.4,0.64
60.9,27.5,40.54,0.4,0.64
61,27.5,40.54,0.39,0.64
61.1,27.5,40.54,0.39,0.65
61.2,27.5,40.54,0.39,0.65
61.3,27.5,40.53,0.39,0.65
61.4,27.5,40.53,0.39,0.66
61.5,27.5,40.52,0.38,0.66
61.6,27.5,40.52,0.38,0.66
61.7,27.5,40.51,0.38,0.67
61.8,27.5,40.5,0.38,0.67
61.9,27.5,40.49,0.38,0.67
62,27.5,40.48,0.37,0.68
62.1,27.5,40.47,0.37,0.68
62.2,27.5,40.46,0.37,0.69
62.3,27.5,40.45,0.37,0.69
62.4,27.5,40.44,0.37,0.69
62.5,27.5,40.42,0.37,0.7
62.6,27.5,40.4,0.36,0.7
62.7,27.5,40.39,0.36,0.7
62.8,27.5,40.37,0.36,0.71
62.9,27.5,40.35,0.36,0.71
63,27.5,40.33,0.36,0.71
63.1,27.5,40.3,0.36,0.72
63.2,27.5,40.28,0.35,0.72
63.3,27.5,40.25,0.35,0.72
63.4,27.5,40.23,0.35,0.73
63.5,27.5,40.2,0.35,0.73
63.6,27.5,40.17,0.35,0.74
63.7,27.5,40.14,0.35,0.74
63.8,27.5,40.11,0.35,0.74
63.9,27.5,40.07,0.35,0.75
64,27.5,40.04,0.35,0.75
64.1,27.5,40,0.35,0.75
64.2,27.5,39.96,0.34,0.76
64.3,27.5,39.92,0.34,0.76
64.4,27.5,39.87,0.34,0.77
64.5,27.5,39.83,0.34,0.77
64.6,27.5,39.78,0.34,0.77
64.7,27.5,39.73,0.34,0.78
64.8,27.5,39.68,0.34,0.78
64.9,27.5,39.63,0.34,0.78
65,27.5,39.58,0.34,0.79
65.1,27.5,39.52,0.34,0.79
65.2,27.5,39.46,0.34,0.8
65.3,27.5,39.4,0.34,0.8
65.4,27.5,39.34,0.34,0.8
65.5,27.5,39.28,0.34,0.81
65.6,27.5,39.21,0.34,0.81
65.7,27.5,39.14,0.34,0.82
65.8,27.5,39.07,0.34,0.82
65.9,27.5,39,0.34,0.82
66,27.5,38.92,0.34,0.83
66.1,27.5,38.84,0.35,0.83
58,27.6,40.42,0.46,0.55
58.1,27.6,40.42,0.45,0.55
58.2,27.6,40.43,0.45,0.55
58.3,27.6,40.43,0.45,0.56
58.4,27.6,40.44,0.45,0.56
58.5,27.6,40.44,0.45,0.56
58.6,27.6,40.45,0.44,0.57
58.7,27.6,40.45,0.44,0.57
58.8,27.6,40.46,0.44,0.57
58.9,27.6,40.46,0.44,0.58
59,27.6,40.47,0.43,0.58
59.1,27.6,40.47,0.43,0.58
59.2,27.6,40.48,0.43,0.59
59.3,27.6,40.48,0.43,0.59
59.4,27.6,40.49,0.43,0.59
59.5,27.6,40.49,0.42,0.59
59.6,27.6,40.49,0.42,0.6
59.7,27.6,40.5,0.42,0.6
59.8,27.6,40.5,0.42,0.6
59.9,27.6,40.51,0.42,0.61
60,27.6,40.51,0.41,0.61
60.1,27.6,40.51,0.41,0.61
60.2,27.6,40.52,0.41,0.62
60.3,27.6,40.52,0.41,0.62
60.4,27.6,40.52,0.4,0.62
60.5,27.6,40.52,0.4,0.63
60.6,27.6,40.52,0.4,0.63
60.7,27.6,40.52,0.4,0.63
60.8,27.6,40.52,0.4,0.64
60.9,27.6,40.52,0.39,0.64
61,27.6,40.52,0.39,0.64
61.1,27.6,40.52,0.39,0.65
61.2,27.6,40.52,0.39,0.65
61.3,27.6,40.51,0.39,0.65
61.4,27.6,40.51,0.38,0.66
61.5,27.6,40.5,0.38,0.66
61.6,27.6,40.5,0.38,0.66
61.7,27.6,40.49,0.38,0.67
61.8,27.6,40.48,0.38,0.67
61.9,27.6,40.47,0.38,0.67
62,27.6,40.46,0.37,0.68
62.1,27.6,40.45,0.37,0.68
62.2,27.6,40.44,0.37,0.68
62.3,27.6,40.43,0.37,0.69
62.4,27.6,40.41,0.37,0.69
62.5,27.6,40.4,0.37,0.69
62.6,27.6,40.38,0.36,0.7
62.7,27.6,40.37,0.36,0.7
62.8,27.6,40.35,0.36,0.71
62.9,27.6,40.33,0.36,0.71
63,27.6,40.31,0.36,0.71
63.1,27.6,40.28,0.36,0.72
63.2,27.6,40.26,0.36,0.72
63.3,27.6,40.24,0.35,0.72
63.4,27.6,40.21,0.35,0.73
63.5,27.6,40.18,0.35,0.73
63.6,27.6,40.15,0.35,0.73
63.7,27.6,40.12,0.35,0.74
63.8,27.6,40.09,0.35,0.74
63.9,27.6,40.05,0.35,0.75
64,27.6,40.02,0.35,0.75
64.1,27.6,39.98,0.35,0.75
64.2,27.6,39.94,0.35,0.76
64.3,27.6,39.9,0.35,0.76
64.4,27.6,39.86,0.34,0.76
64.5,27.6,39.81,0.34,0.77
64.6,27.6,39.76,0.34,0.77
64.7,27.6,39.72,0.34,0.78
64.8,27.6,39.67,0.34,0.78
64.9,27.6,39.61,0.34,0.78
65,27.6,39.56,0.34,0.79
65.1,27.6,39.5,0.34,0.79
65.2,27.6,39.45,0.34,0.8
65.3,27.6,39.38,0.34,0.8
65.4,27.6,39.32,0.34,0.8
65.5,27.6,39.26,0.34,0.81
65.6,27.6,39.19,0.34,0.81
65.7,27.6,39.12,0.35,0.81
65.8,27.6,39.05,0.35,0.82
65.9,27.6,38.98,0.35,0.82
66,27.6,38.9,0.35,0.83
66.1,27.6,38.82,0.35,0.83
58,27.7,40.4,0.45,0.55
58.1,27.7,40.4,0.45,0.55
58.2,27.7,40.41,0.45,0.55
58.3,27.7,40.41,0.45,0.56
58.4,27.7,40.42,0.44,0.56
58.5,27.7,40.42,0.44,0.56
58.6,27.7,40.42,0.44,0.57
58.7,27.7,40.43,0.44,0.57
58.8,27.7,40.43,0.44,0.57
58.9,27.7,40.44,0.43,0.58
59,27.7,40.44,0.43,0.58
59.1,27.7,40.45,0.43,0.58
59.2,27.7,40.45,0.43,0.58
59.3,27.7,40.46,0.43,0.59
59.4,27.7,40.46,0.42,0.59
59.5,27.7,40.47,0.42,0.59
59.6,27.7,40.47,0.42,0.6
59.7,27.7,40.48,0.42,0.6
59.8,27.7,40.48,0.42,0.6
59.9,27.7,40.49,0.41,0.61
60,27.7,40.49,0.41,0.61
60.1,27.7,40.49,0.41,0.61
60.2,27.7,40.5,0.41,0.62
60.3,27.7,40.5,0.4,0.62
60.4,27.7,40.5,0.4,0.62
60.5,27.7,40.5,0.4,0.63
60.6,27.7,40.5,0.4,0.63
60.7,27.7,40.5,0.4,0.63
60.8,27.7,40.5,0.39,0.64
60.9,27.7,40.5,0.39,0.64
61,27.7,40.5,0.39,0.64
61.1,27.7,40.5,0.39,0.65
61.2,27.7,40.5,0.39,0.65
61.3,27.7,40.49,0.39,0.65
61.4,27.7,40.49,0.38,0.66
61.5,27.7,40.48,0.38,0.66
61.6,27.7,40.48,0.38,0.66
61.7,27.7,40.47,0.38,0.67
61.8,27.7,40.46,0.38,0.67
61.9,27.7,40.45,0.37,0.67
62,27.7,40.44,0.37,0.68
62.1,27.7,40.43,0.37,0.68
62.2,27.7,40.42,0.37,0.68
62.3,27.7,40.41,0.37,0.69
62.4,27.7,40.4,0.37,0.69
62.5,27.7,40.38,0.37,0.69
62.6,27.7,40.36,0.36,0.7
62.7,27.7,40.35,0.36,0.7
62.8,27.7,40.33,0.36,0.7
62.9,27.7,40.31,0.36,0.71
63,27.7,40.29,0.36,0.71
63.1,27.7,40.27,0.36,0.72
63.2,27.7,40.24,0.36,0.72
63.3,27.7,40.22,0.35,0.72
63.4,27.7,40.19,0.35,0.73
63.5,27.7,40.16,0.35,0.73
63.6,27.7,40.13,0.35,0.73
63.7,27.7,40.1,0.35,0.74
63.8,27.7,40.07,0.35,0.74
63.9,27.7,40.03,0.35,0.74
64,27.7,40,0.35,0.75
64.1,27.7,39.96,0.35,0.75
64.2,27.7,39.92,0.35,0.76
64.3,27.7,39.88,0.35,0.76
64.4,27.7,39.84,0.35,0.76
64.5,27.7,39.79,0.35,0.77
64.6,27.7,39.75,0.35,0.77
64.7,27.7,39.7,0.35,0.77
64.8,27.7,39.65,0.35,0.78
64.9,27.7,39.6,0.34,0.78
65,27.7,39.54,0.34,0.79
65.1,27.7,39.49,0.34,0.79
65.2,27.7,39.43,0.35,0.79
65.3,27.7,39.37,0.35,0.8
65.4,27.7,39.31,0.35,0.8
65.5,27.7,39.24,0.35,0.81
65.6,27.7,39.17,0.35,0.81
65.7,27.7,39.11,0.35,0.81
65.8,27.7,39.03,0.35,0.82
65.9,27.7,38.96,0.35,0.82
66,27.7,38.89,0.35,0.83
66.1,27.7,38.81,0.35,0.83
58,27.8,40.38,0.45,0.55
58.1,27.8,40.38,0.45,0.55
58.2,27.8,40.39,0.45,0.55
58.3,27.8,40.39,0.44,0.56
58.4,27.8,40.39,0.44,0.56
58.5,27.8,40.4,0.44,0.56
58.6,27.8,40.4,0.44,0.57
58.7,27.8,40.41,0.44,0.57
58.8,27.8,40.41,0.43,0.57
58.9,27.8,40.42,0.43,0.58
59,27.8,40.42,0.43,0.58
59.1,27.8,40.43,0.43,0.58
59.2,27.8,40.43,0.43,0.58
59.3,27.8,40.44,0.42,0.59
59.4,27.8,40.44,0.42,0.59
59.5,27.8,40.45,0.42,0.59
59.6,27.8,40.45,0.42,0.6
59.7,27.8,40.46,0.42,0.6
59.8,27.8,40.46,0.41,0.6
59.9,27.8,40.47,0.41,0.61
60,27.8,40.47,0.41,0.61
60.1,27.8,40.47,0.41,0.61
60.2,27.8,40.48,0.41,0.62
60.3,27.8,40.48,0.4,0.62
60.4,27.8,40.48,0.4,0.62
60.5,27.8,40.48,0.4,0.63
60.6,27.8,40.48,0.4,0.63
60.7,27.8,40.48,0.4,0.63
60.8,27.8,40.48,0.39,0.64
60.9,27.8,40.48,0.39,0.64
61,27.8,40.48,0.39,0.64
61.1,27.8,40.48,0.39,0.65
61.2,27.8,40.48,0.39,0.65
61.3,27.8,40.47,0.38,0.65
61.4,27.8,40.47,0.38,0.66
61.5,27.8,40.46,0.38,0.66
61.6,27.8,40.46,0.38,0.66
61.7,27.8,40.45,0.38,0.67
61.8,27.8,40.44,0.38,0.67
61.9,27.8,40.43,0.37,0.67
62,27.8,40.43,0.37,0.68
62.1,27.8,40.41,0.37,0.68
62.2,27.8,40.4,0.37,0.68
62.3,27.8,40.39,0.37,0.69
62.4,27.8,40.38,0.37,0.69
62.5,27.8,40.36,0.37,0.69
62.6,27.8,40.35,0.36,0.7
62.7,27.8,40.33,0.36,0.7
62.8,27.8,40.31,0.36,0.7
62.9,27.8,40.29,0.36,0.71
63,27.8,40.27,0.36,0.71
63.1,27.8,40.25,0.36,0.71
63.2,27.8,40.22,0.36,0.72
63.3,27.8,40.2,0.36,0.72
63.4,27.8,40.17,0.35,0.73
63.5,27.8,40.14,0.35,0.73
63.6,27.8,40.11,0.35,0.73
63.7,27.8,40.08,0.35,0.74
63.8,27.8,40.05,0.35,0.74
63.9,27.8,40.02,0.35,0.74
64,27.8,39.98,0.35,0.75
64.1,27.8,39.94,0.35,0.75
64.2,27.8,39.9,0.35,0.75
64.3,27.8,39.86,0.35,0.76
64.4,27.8,39.82,0.35,0.76
64.5,27.8,39.78,0.35,0.77
64.6,27.8,39.73,0.35,0.77
64.7,27.8,39.68,0.35,0.77
64.8,27.8,39.63,0.35,0.78
64.9,27.8,39.58,0.35,0.78
65,27.8,39.53,0.35,0.78
65.1,27.8,39.47,0.35,0.79
65.2,27.8,39.41,0.35,0.79
65.3,27.8,39.35,0.35,0.8
65.4,27.8,39.29,0.35,0.8
65.5,27.8,39.22,0.35,0.8
65.6,27.8,39.16,0.35,0.81
65.7,27.8,39.09,0.35,0.81
65.8,27.8,39.02,0.35,0.82
65.9,27.8,38.95,0.35,0.82
66,27.8,38.87,0.35,0.82
66.1,27.8,38.79,0.35,0.83
58,27.9,40.36,0.45,0.55
58.1,27.9,40.36,0.44,0.55
58.2,27.9,40.37,0.44,0.55
58.3,27.9,40.37,0.44,0.56
58.4,27.9,40.37,0.44,0.56
58.5,27.9,40.38,0.44,0.56
58.6,27.9,40.38,0.43,0.57
58.7,27.9,40.39,0.43,0.57
58.8,27.9,40.39,0.43,0.57
58.9,27.9,40.4,0.43,0.58
59,27.9,40.4,0.43,0.58
59.1,27.9,40.41,0.43,0.58
59.2,27.9,40.41,0.42,0.58
59.3,27.9,40.42,0.42,0.59
59.4,27.9,40.42,0.42,0.59
59.5,27.9,40.43,0.42,0.59
59.6,27.9,40.43,0.42,0.6
59.7,27.9,40.44,0.41,0.6
59.8,27.9,40.44,0.41,0.6
59.9,27.9,40.45,0.41,0.61
60,27.9,40.45,0.41,0.61
60.1,27.9,40.45,0.41,0.61
60.2,27.9,40.46,0.4,0.62
60.3,27.9,40.46,0.4,0.62
60.4,27.9,40.46,0.4,0.62
60.5,27.9,40.46,0.4,0.63
60.6,27.9,40.46,0.4,0.63
60.7,27.9,40.46,0.39,0.63
60.8,27.9,40.46,0.39,0.63
60.9,27.9,40.46,0.39,0.64
61,27.9,40.46,0.39,0.64
61.1,27.9,40.46,0.39,0.64
61.2,27.9,40.46,0.39,0.65
61.3,27.9,40.45,0.38,0.65
61.4,27.9,40.45,0.38,0.65
61.5,27.9,40.44,0.38,0.66
61.6,27.9,40.44,0.38,0.66
61.7,27.9,40.43,0.38,0.66
61.8,27.9,40.42,0.38,0.67
61.9,27.9,40.42,0.37,0.67
62,27.9,40.41,0.37,0.67
62.1,27.9,40.4,0.37,0.68
62.2,27.9,40.38,0.37,0.68
62.3,27.9,40.37,0.37,0.69
62.4,27.9,40.36,0.37,0.69
62.5,27.9,40.34,0.37,0.69
62.6,27.9,40.33,0.36,0.7
62.7,27.9,40.31,0.36,0.7
62.8,27.9,40.29,0.36,0.7
62.9,27.9,40.27,0.36,0.71
63,27.9,40.25,0.36,0.71
63.1,27.9,40.23,0.36,0.71
63.2,27.9,40.21,0.36,0.72
63.3,27.9,40.18,0.36,0.72
63.4,27.9,40.15,0.35,0.72
63.5,27.9,40.13,0.35,0.73
63.6,27.9,40.1,0.35,0.73
63.7,27.9,40.07,0.35,0.73
63.8,27.9,40.03,0.35,0.74
63.9,27.9,40,0.35,0.74
64,27.9,39.96,0.35,0.75
64.1,27.9,39.93,0.35,0.75
64.2,27.9,39.89,0.35,0.75
64.3,27.9,39.85,0.35,0.76
64.4,27.9,39.8,0.35,0.76
64.5,27.9,39.76,0.35,0.76
64.6,27.9,39.71,0.35,0.77
64.7,27.9,39.66,0.35,0.77
64.8,27.9,39.61,0.35,0.78
64.9,27.9,39.56,0.35,0.78
65,27.9,39.51,0.35,0.78
65.1,27.9,39.45,0.35,0.79
65.2,27.9,39.4,0.35,0.79
65.3,27.9,39.34,0.35,0.79
65.4,27.9,39.27,0.35,0.8
65.5,27.9,39.21,0.35,0.8
65.6,27.9,39.14,0.35,0.81
65.7,27.9,39.07,0.35,0.81
65.8,27.9,39,0.35,0.81
65.9,27.9,38.93,0.35,0.82
66,27.9,38.85,0.35,0.82
66.1,27.9,38.78,0.35,0.83
58,28,40.34,0.44,0.55
58.1,28,40.34,0.44,0.55
58.2,28,40.35,0.44,0.55
58.3,28,40.35,0.44,0.56
58.4,28,40.36,0.44,0.56
58.5,28,40.36,0.43,0.56
58.6,28,40.37,0.43,0.57
58.7,28,40.37,0.43,0.57
58.8,28,40.38,0.43,0.57
58.9,28,40.38,0.43,0.58
59,28,40.39,0.42,0.58
59.1,28,40.39,0.42,0.58
59.2,28,40.4,0.42,0.58
59.3,28,40.4,0.42,0.59
59.4,28,40.41,0.42,0.59
59.5,28,40.41,0.42,0.59
59.6,28,40.42,0.41,0.6
59.7,28,40.42,0.41,0.6
59.8,28,40.42,0.41,0.6
59.9,28,40.43,0.41,0.61
60,28,40.43,0.41,0.61
60.1,28,40.43,0.4,0.61
60.2,28,40.44,0.4,0.62
60.3,28,40.44,0.4,0.62
60.4,28,40.44,0.4,0.62
60.5,28,40.44,0.4,0.62
60.6,28,40.45,0.39,0.63
60.7,28,40.45,0.39,0.63
60.8,28,40.45,0.39,0.63
60.9,28,40.44,0.39,0.64
61,28,40.44,0.39,0.64
61.1,28,40.44,0.39,0.64
61.2,28,40.44,0.38,0.65
61.3,28,40.44,0.38,0.65
61.4,28,40.43,0.38,0.65
61.5,28,40.43,0.38,0.66
61.6,28,40.42,0.38,0.66
61.7,28,40.41,0.38,0.66
61.8,28,40.41,0.37,0.67
61.9,28,40.4,0.37,0.67
62,28,40.39,0.37,0.67
62.1,28,40.38,0.37,0.68
62.2,28,40.37,0.37,0.68
62.3,28,40.35,0.37,0.68
62.4,28,40.34,0.37,0.69
62.5,28,40.33,0.37,0.69
62.6,28,40.31,0.36,0.69
62.7,28,40.29,0.36,0.7
62.8,28,40.28,0.36,0.7
62.9,28,40.26,0.36,0.71
63,28,40.23,0.36,0.71
63.1,28,40.21,0.36,0.71
63.2,28,40.19,0.36,0.72
63.3,28,40.16,0.36,0.72
63.4,28,40.14,0.36,0.72
63.5,28,40.11,0.35,0.73
63.6,28,40.08,0.35,0.73
63.7,28,40.05,0.35,0.73
63.8,28,40.02,0.35,0.74
63.9,28,39.98,0.35,0.74
64,28,39.95,0.35,0.74
64.1,28,39.91,0.35,0.75
64.2,28,39.87,0.35,0.75
64.3,28,39.83,0.35,0.76
64.4,28,39.79,0.35,0.76
64.5,28,39.74,0.35,0.76
64.6,28,39.7,0.35,0.77
64.7,28,39.65,0.35,0.77
64.8,28,39.6,0.35,0.77
64.9,28,39.55,0.35,0.78
65,28,39.49,0.35,0.78
65.1,28,39.44,0.35,0.79
65.2,28,39.38,0.35,0.79
65.3,28,39.32,0.35,0.79
65.4,28,39.26,0.35,0.8
65.5,28,39.19,0.35,0.8
65.6,28,39.13,0.35,0.81
65.7,28,39.06,0.35,0.81
65.8,28,38.99,0.35,0.81
65.9,28,38.92,0.35,0.82
66,28,38.84,0.36,0.82
66.1,28,38.76,0.36,0.82
58,28.1,40.32,0.44,0.55
58.1,28.1,40.32,0.44,0.55
58.2,28.1,40.33,0.44,0.55
58.3,28.1,40.33,0.43,0.56
58.4,28.1,40.34,0.43,0.56
58.5,28.1,40.34,0.43,0.56
58.6,28.1,40.35,0.43,0.57
58.7,28.1,40.35,0.43,0.57
58.8,28.1,40.36,0.43,0.57
58.9,28.1,40.36,0.42,0.57
59,28.1,40.37,0.42,0.58
59.1,28.1,40.37,0.42,0.58
59.2,28.1,40.38,0.42,0.58
59.3,28.1,40.38,0.42,0.59
59.4,28.1,40.39,0.41,0.59
59.5,28.1,40.39,0.41,0.59
59.6,28.1,40.4,0.41,0.6
59.7,28.1,40.4,0.41,0.6
59.8,28.1,40.41,0.41,0.6
59.9,28.1,40.41,0.41,0.61
60,28.1,40.41,0.4,0.61
60.1,28.1,40.42,0.4,0.61
60.2,28.1,40.42,0.4,0.61
60.3,28.1,40.42,0.4,0.62
60.4,28.1,40.42,0.4,0.62
60.5,28.1,40.43,0.4,0.62
60.6,28.1,40.43,0.39,0.63
60.7,28.1,40.43,0.39,0.63
60.8,28.1,40.43,0.39,0.63
60.9,28.1,40.43,0.39,0.64
61,28.1,40.43,0.39,0.64
61.1,28.1,40.42,0.39,0.64
61.2,28.1,40.42,0.38,0.65
61.3,28.1,40.42,0.38,0.65
61.4,28.1,40.41,0.38,0.65
61.5,28.1,40.41,0.38,0.66
61.6,28.1,40.4,0.38,0.66
61.7,28.1,40.4,0.38,0.66
61.8,28.1,40.39,0.37,0.67
61.9,28.1,40.38,0.37,0.67
62,28.1,40.37,0.37,0.67
62.1,28.1,40.36,0.37,0.68
62.2,28.1,40.35,0.37,0.68
62.3,28.1,40.34,0.37,0.68
62.4,28.1,40.32,0.37,0.69
62.5,28.1,40.31,0.37,0.69
62.6,28.1,40.29,0.36,0.69
62.7,28.1,40.28,0.36,0.7
62.8,28.1,40.26,0.36,0.7
62.9,28.1,40.24,0.36,0.7
63,28.1,40.22,0.36,0.71
63.1,28.1,40.2,0.36,0.71
63.2,28.1,40.17,0.36,0.71
63.3,28.1,40.15,0.36,0.72
63.4,28.1,40.12,0.36,0.72
63.5,28.1,40.09,0.36,0.73
63.6,28.1,40.06,0.35,0.73
63.7,28.1,40.03,0.35,0.73
63.8,28.1,40,0.35,0.74
63.9,28.1,39.97,0.35,0.74
64,28.1,39.93,0.35,0.74
64.1,28.1,39.89,0.35,0.75
64.2,28.1,39.86,0.35,0.75
64.3,28.1,39.81,0.35,0.75
64.4,28.1,39.77,0.35,0.76
64.5,28.1,39.73,0.35,0.76
64.6,28.1,39.68,0.35,0.77
64.7,28.1,39.63,0.35,0.77
64.8,28.1,39.58,0.35,0.77
64.9,28.1,39.53,0.35,0.78
65,28.1,39.48,0.35,0.78
65.1,28.1,39.42,0.35,0.78
65.2,28.1,39.37,0.35,0.79
65.3,28.1,39.31,0.35,0.79
65.4,28.1,39.24,0.35,0.8
65.5,28.1,39.18,0.35,0.8
65.6,28.1,39.11,0.35,0.8
65.7,28.1,39.04,0.35,0.81
65.8,28.1,38.97,0.36,0.81
65.9,28.1,38.9,0.36,0.82
66,28.1,38.83,0.36,0.82
66.1,28.1,38.75,0.36,0.82
58,28.2,40.3,0.44,0.55
58.1,28.2,40.31,0.44,0.55
58.2,28.2,40.31,0.43,0.55
58.3,28.2,40.31,0.43,0.56
58.4,28.2,40.32,0.43,0.56
58.5,28.2,40.32,0.43,0.56
58.6,28.2,40.33,0.43,0.57
58.7,28.2,40.33,0.42,0.57
58.8,28.2,40.34,0.42,0.57
58.9,28.2,40.34,0.42,0.57
59,28.2,40.35,0.42,0.58
59.1,28.2,40.35,0.42,0.58
59.2,28.2,40.36,0.42,0.58
59.3,28.2,40.37,0.41,0.59
59.4,28.2,40.37,0.41,0.59
59.5,28.2,40.38,0.41,0.59
59.6,28.2,40.38,0.41,0.6
59.7,28.2,40.38,0.41,0.6
59.8,28.2,40.39,0.41,0.6
59.9,28.2,40.39,0.4,0.6
60,28.2,40.4,0.4,0.61
60.1,28.2,40.4,0.4,0.61
60.2,28.2,40.4,0.4,0.61
60.3,28.2,40.41,0.4,0.62
60.4,28.2,40.41,0.4,0.62
60.5,28.2,40.41,0.39,0.62
60.6,28.2,40.41,0.39,0.63
60.7,28.2,40.41,0.39,0.63
60.8,28.2,40.41,0.39,0.63
60.9,28.2,40.41,0.39,0.64
61,28.2,40.41,0.39,0.64
61.1,28.2,40.41,0.38,0.64
61.2,28.2,40.41,0.38,0.65
61.3,28.2,40.4,0.38,0.65
61.4,28.2,40.4,0.38,0.65
61.5,28.2,40.39,0.38,0.66
61.6,28.2,40.39,0.38,0.66
61.7,28.2,40.38,0.38,0.66
61.8,28.2,40.37,0.37,0.67
61.9,28.2,40.37,0.37,0.67
62,28.2,40.36,0.37,0.67
62.1,28.2,40.35,0.37,0.68
62.2,28.2,40.33,0.37,0.68
62.3,28.2,40.32,0.37,0.68
62.4,28.2,40.31,0.37,0.69
62.5,28.2,40.29,0.37,0.69
62.6,28.2,40.28,0.36,0.69
62.7,28.2,40.26,0.36,0.7
62.8,28.2,40.24,0.36,0.7
62.9,28.2,40.22,0.36,0.7
63,28.2,40.2,0.36,0.71
63.1,28.2,40.18,0.36,0.71
63.2,28.2,40.16,0.36,0.71
63.3,28.2,40.13,0.36,0.72
63.4,28.2,40.11,0.36,0.72
63.5,28.2,40.08,0.36,0.72
63.6,28.2,40.05,0.36,0.73
63.7,28.2,40.02,0.35,0.73
63.8,28.2,39.99,0.35,0.74
63.9,28.2,39.95,0.35,0.74
64,28.2,39.92,0.35,0.74
64.1,28.2,39.88,0.35,0.75
64.2,28.2,39.84,0.35,0.75
64.3,28.2,39.8,0.35,0.75
64.4,28.2,39.76,0.35,0.76
64.5,28.2,39.71,0.35,0.76
64.6,28.2,39.67,0.35,0.76
64.7,28.2,39.62,0.35,0.77
64.8,28.2,39.57,0.35,0.77
64.9,28.2,39.52,0.35,0.78
65,28.2,39.46,0.35,0.78
65.1,28.2,39.41,0.35,0.78
65.2,28.2,39.35,0.35,0.79
65.3,28.2,39.29,0.35,0.79
65.4,28.2,39.23,0.35,0.79
65.5,28.2,39.17,0.36,0.8
65.6,28.2,39.1,0.36,0.8
65.7,28.2,39.03,0.36,0.81
65.8,28.2,38.96,0.36,0.81
65.9,28.2,38.89,0.36,0.81
66,28.2,38.81,0.36,0.82
66.1,28.2,38.74,0.36,0.82
58,28.3,40.29,0.43,0.55
58.1,28.3,40.29,0.43,0.55
58.2,28.3,40.29,0.43,0.55
58.3,28.3,40.3,0.43,0.56
58.4,28.3,40.3,0.43,0.56
58.5,28.3,40.31,0.43,0.56
58.6,28.3,40.31,0.42,0.57
58.7,28.3,40.32,0.42,0.57
58.8,28.3,40.32,0.42,0.57
58.9,28.3,40.33,0.42,0.57
59,28.3,40.33,0.42,0.58
59.1,28.3,40.34,0.42,0.58
59.2,28.3,40.34,0.41,0.58
59.3,28.3,40.35,0.41,0.59
59.4,28.3,40.35,0.41,0.59
59.5,28.3,40.36,0.41,0.59
59.6,28.3,40.36,0.41,0.6
59.7,28.3,40.37,0.41,0.6
59.8,28.3,40.37,0.4,0.6
59.9,28.3,40.38,0.4,0.6
60,28.3,40.38,0.4,0.61
60.1,28.3,40.38,0.4,0.61
60.2,28.3,40.39,0.4,0.61
60.3,28.3,40.39,0.4,0.62
60.4,28.3,40.39,0.39,0.62
60.5,28.3,40.39,0.39,0.62
60.6,28.3,40.39,0.39,0.63
60.7,28.3,40.39,0.39,0.63
60.8,28.3,40.39,0.39,0.63
60.9,28.3,40.39,0.39,0.64
61,28.3,40.39,0.38,0.64
61.1,28.3,40.39,0.38,0.64
61.2,28.3,40.39,0.38,0.65
61.3,28.3,40.39,0.38,0.65
61.4,28.3,40.38,0.38,0.65
61.5,28.3,40.38,0.38,0.66
61.6,28.3,40.37,0.38,0.66
61.7,28.3,40.37,0.37,0.66
61.8,28.3,40.36,0.37,0.67
61.9,28.3,40.35,0.37,0.67
62,28.3,40.34,0.37,0.67
62.1,28.3,40.33,0.37,0.68
62.2,28.3,40.32,0.37,0.68
62.3,28.3,40.31,0.37,0.68
62.4,28.3,40.29,0.37,0.69
62.5,28.3,40.28,0.37,0.69
62.6,28.3,40.26,0.36,0.69
62.7,28.3,40.25,0.36,0.7
62.8,28.3,40.23,0.36,0.7
62.9,28.3,40.21,0.36,0.7
63,28.3,40.19,0.36,0.71
63.1,28.3,40.17,0.36,0.71
63.2,28.3,40.14,0.36,0.71
63.3,28.3,40.12,0.36,0.72
63.4,28.3,40.09,0.36,0.72
63.5,28.3,40.06,0.36,0.72
63.6,28.3,40.03,0.36,0.73
63.7,28.3,40,0.36,0.73
63.8,28.3,39.97,0.36,0.73
63.9,28.3,39.94,0.36,0.74
64,28.3,39.9,0.35,0.74
64.1,28.3,39.87,0.35,0.75
64.2,28.3,39.83,0.35,0.75
64.3,28.3,39.79,0.35,0.75
64.4,28.3,39.74,0.35,0.76
64.5,28.3,39.7,0.35,0.76
64.6,28.3,39.65,0.35,0.76
64.7,28.3,39.61,0.35,0.77
64.8,28.3,39.56,0.35,0.77
64.9,28.3,39.5,0.35,0.77
65,28.3,39.45,0.35,0.78
65.1,28.3,39.4,0.36,0.78
65.2,28.3,39.34,0.36,0.79
65.3,28.3,39.28,0.36,0.79
65.4,28.3,39.22,0.36,0.79
65.5,28.3,39.15,0.36,0.8
65.6,28.3,39.09,0.36,0.8
65.7,28.3,39.02,0.36,0.81
65.8,28.3,38.95,0.36,0.81
65.9,28.3,38.88,0.36,0.81
66,28.3,38.8,0.36,0.82
66.1,28.3,38.72,0.36,0.82
58,28.4,40.27,0.43,0.55
58.1,28.4,40.27,0.43,0.55
58.2,28.4,40.28,0.43,0.55
58.3,28.4,40.28,0.43,0.56
58.4,28.4,40.29,0.42,0.56
58.5,28.4,40.29,0.42,0.56
58.6,28.4,40.3,0.42,0.57
58.7,28.4,40.3,0.42,0.57
58.8,28.4,40.31,0.42,0.57
58.9,28.4,40.31,0.42,0.57
59,28.4,40.32,0.41,0.58
59.1,28.4,40.32,0.41,0.58
59.2,28.4,40.33,0.41,0.58
59.3,28.4,40.33,0.41,0.59
59.4,28.4,40.34,0.41,0.59
59.5,28.4,40.34,0.41,0.59
59.6,28.4,40.35,0.4,0.6
59.7,28.4,40.35,0.4,0.6
59.8,28.4,40.36,0.4,0.6
59.9,28.4,40.36,0.4,0.6
60,28.4,40.36,0.4,0.61
60.1,28.4,40.37,0.4,0.61
60.2,28.4,40.37,0.4,0.61
60.3,28.4,40.37,0.39,0.62
60.4,28.4,40.38,0.39,0.62
60.5,28.4,40.38,0.39,0.62
60.6,28.4,40.38,0.39,0.63
60.7,28.4,40.38,0.39,0.63
60.8,28.4,40.38,0.39,0.63
60.9,28.4,40.38,0.39,0.64
61,28.4,40.38,0.38,0.64
61.1,28.4,40.38,0.38,0.64
61.2,28.4,40.37,0.38,0.65
61.3,28.4,40.37,0.38,0.65
61.4,28.4,40.37,0.38,0.65
61.5,28.4,40.36,0.38,0.66
61.6,28.4,40.36,0.38,0.66
61.7,28.4,40.35,0.37,0.66
61.8,28.4,40.34,0.37,0.66
61.9,28.4,40.33,0.37,0.67
62,28.4,40.33,0.37,0.67
62.1,28.4,40.32,0.37,0.67
62.2,28.4,40.3,0.37,0.68
62.3,28.4,40.29,0.37,0.68
62.4,28.4,40.28,0.37,0.69
62.5,28.4,40.26,0.37,0.69
62.6,28.4,40.25,0.36,0.69
62.7,28.4,40.23,0.36,0.7
62.8,28.4,40.21,0.36,0.7
62.9,28.4,40.19,0.36,0.7
63,28.4,40.17,0.36,0.71
63.1,28.4,40.15,0.36,0.71
63.2,28.4,40.13,0.36,0.71
63.3,28.4,40.1,0.36,0.72
63.4,28.4,40.08,0.36,0.72
63.5,28.4,40.05,0.36,0.72
63.6,28.4,40.02,0.36,0.73
63.7,28.4,39.99,0.36,0.73
63.8,28.4,39.96,0.36,0.73
63.9,28.4,39.92,0.36,0.74
64,28.4,39.89,0.36,0.74
64.1,28.4,39.85,0.36,0.74
64.2,28.4,39.81,0.36,0.75
64.3,28.4,39.77,0.36,0.75
64.4,28.4,39.73,0.36,0.76
64.5,28.4,39.69,0.36,0.76
64.6,28.4,39.64,0.36,0.76
64.7,28.4,39.59,0.36,0.77
64.8,28.4,39.54,0.36,0.77
64.9,28.4,39.49,0.36,0.77
65,28.4,39.44,0.36,0.78
65.1,28.4,39.38,0.36,0.78
65.2,28.4,39.32,0.36,0.78
65.3,28.4,39.27,0.36,0.79
65.4,28.4,39.2,0.36,0.79
65.5,28.4,39.14,0.36,0.8
65.6,28.4,39.07,0.36,0.8
65.7,28.4,39.01,0.36,0.8
65.8,28.4,38.94,0.36,0.81
65.9,28.4,38.86,0.36,0.81
66,28.4,38.79,0.36,0.82
66.1,28.4,38.71,0.37,0.82
58,28.5,40.25,0.43,0.55
58.1,28.5,40.26,0.43,0.55
58.2,28.5,40.26,0.42,0.55
58.3,28.5,40.27,0.42,0.56
58.4,28.5,40.27,0.42,0.56
58.5,28.5,40.27,0.42,0.56
58.6,28.5,40.28,0.42,0.57
58.7,28.5,40.28,0.42,0.57
58.8,28.5,40.29,0.42,0.57
58.9,28.5,40.3,0.41,0.57
59,28.5,40.3,0.41,0.58
59.1,28.5,40.31,0.41,0.58
59.2,28.5,40.31,0.41,0.58
59.3,28.5,40.32,0.41,0.59
59.4,28.5,40.32,0.41,0.59
59.5,28.5,40.33,0.4,0.59
59.6,28.5,40.33,0.4,0.6
59.7,28.5,40.34,0.4,0.6
59.8,28.5,40.34,0.4,0.6
59.9,28.5,40.34,0.4,0.6
60,28.5,40.35,0.4,0.61
60.1,28.5,40.35,0.4,0.61
60.2,28.5,40.36,0.39,0.61
60.3,28.5,40.36,0.39,0.62
60.4,28.5,40.36,0.39,0.62
60.5,28.5,40.36,0.39,0.62
60.6,28.5,40.36,0.39,0.63
60.7,28.5,40.36,0.39,0.63
60.8,28.5,40.36,0.39,0.63
60.9,28.5,40.36,0.38,0.64
61,28.5,40.36,0.38,0.64
61.1,28.5,40.36,0.38,0.64
61.2,28.5,40.36,0.38,0.64
61.3,28.5,40.36,0.38,0.65
61.4,28.5,40.35,0.38,0.65
61.5,28.5,40.35,0.38,0.65
61.6,28.5,40.34,0.37,0.66
61.7,28.5,40.34,0.37,0.66
61.8,28.5,40.33,0.37,0.66
61.9,28.5,40.32,0.37,0.67
62,28.5,40.31,0.37,0.67
62.1,28.5,40.3,0.37,0.67
62.2,28.5,40.29,0.37,0.68
62.3,28.5,40.28,0.37,0.68
62.4,28.5,40.26,0.37,0.68
62.5,28.5,40.25,0.37,0.69
62.6,28.5,40.23,0.36,0.69
62.7,28.5,40.22,0.36,0.69
62.8,28.5,40.2,0.36,0.7
62.9,28.5,40.18,0.36,0.7
63,28.5,40.16,0.36,0.7
63.1,28.5,40.14,0.36,0.71
63.2,28.5,40.11,0.36,0.71
63.3,28.5,40.09,0.36,0.72
63.4,28.5,40.06,0.36,0.72
63.5,28.5,40.04,0.36,0.72
63.6,28.5,40.01,0.36,0.73
63.7,28.5,39.98,0.36,0.73
63.8,28.5,39.94,0.36,0.73
63.9,28.5,39.91,0.36,0.74
64,28.5,39.88,0.36,0.74
64.1,28.5,39.84,0.36,0.74
64.2,28.5,39.8,0.36,0.75
64.3,28.5,39.76,0.36,0.75
64.4,28.5,39.72,0.36,0.75
64.5,28.5,39.67,0.36,0.76
64.6,28.5,39.63,0.36,0.76
64.7,28.5,39.58,0.36,0.77
64.8,28.5,39.53,0.36,0.77
64.9,28.5,39.48,0.36,0.77
65,28.5,39.43,0.36,0.78
65.1,28.5,39.37,0.36,0.78
65.2,28.5,39.31,0.36,0.78
65.3,28.5,39.25,0.36,0.79
65.4,28.5,39.19,0.36,0.79
65.5,28.5,39.13,0.36,0.8
65.6,28.5,39.06,0.36,0.8
65.7,28.5,38.99,0.36,0.8
65.8,28.5,38.92,0.36,0.81
65.9,28.5,38.85,0.37,0.81
66,28.5,38.78,0.37,0.81
66.1,28.5,38.7,0.37,0.82
58,28.6,40.24,0.42,0.55
58.1,28.6,40.24,0.42,0.55
58.2,28.6,40.25,0.42,0.55
58.3,28.6,40.25,0.42,0.56
58.4,28.6,40.25,0.42,0.56
58.5,28.6,40.26,0.42,0.56
58.6,28.6,40.26,0.42,0.57
58.7,28.6,40.27,0.41,0.57
58.8,28.6,40.28,0.41,0.57
58.9,28.6,40.28,0.41,0.57
59,28.6,40.29,0.41,0.58
59.1,28.6,40.29,0.41,0.58
59.2,28.6,40.3,0.41,0.58
59.3,28.6,40.3,0.4,0.59
59.4,28.6,40.31,0.4,0.59
59.5,28.6,40.31,0.4,0.59
59.6,28.6,40.32,0.4,0.6
59.7,28.6,40.32,0.4,0.6
59.8,28.6,40.33,0.4,0.6
59.9,28.6,40.33,0.4,0.6
60,28.6,40.33,0.39,0.61
60.1,28.6,40.34,0.39,0.61
60.2,28.6,40.34,0.39,0.61
60.3,28.6,40.34,0.39,0.62
60.4,28.6,40.35,0.39,0.62
60.5,28.6,40.35,0.39,0.62
60.6,28.6,40.35,0.39,0.63
60.7,28.6,40.35,0.39,0.63
60.8,28.6,40.35,0.38,0.63
60.9,28.6,40.35,0.38,0.64
61,28.6,40.35,0.38,0.64
61.1,28.6,40.35,0.38,0.64
61.2,28.6,40.34,0.38,0.64
61.3,28.6,40.34,0.38,0.65
61.4,28.6,40.34,0.38,0.65
61.5,28.6,40.33,0.38,0.65
61.6,28.6,40.33,0.37,0.66
61.7,28.6,40.32,0.37,0.66
61.8,28.6,40.31,0.37,0.66
61.9,28.6,40.31,0.37,0.67
62,28.6,40.3,0.37,0.67
62.1,28.6,40.29,0.37,0.67
62.2,28.6,40.28,0.37,0.68
62.3,28.6,40.26,0.37,0.68
62.4,28.6,40.25,0.37,0.68
62.5,28.6,40.24,0.37,0.69
62.6,28.6,40.22,0.36,0.69
62.7,28.6,40.2,0.36,0.69
62.8,28.6,40.19,0.36,0.7
62.9,28.6,40.17,0.36,0.7
63,28.6,40.15,0.36,0.7
63.1,28.6,40.12,0.36,0.71
63.2,28.6,40.1,0.36,0.71
63.3,28.6,40.08,0.36,0.71
63.4,28.6,40.05,0.36,0.72
63.5,28.6,40.02,0.36,0.72
63.6,28.6,39.99,0.36,0.72
63.7,28.6,39.96,0.36,0.73
63.8,28.6,39.93,0.36,0.73
63.9,28.6,39.9,0.36,0.74
64,28.6,39.86,0.36,0.74
64.1,28.6,39.83,0.36,0.74
64.2,28.6,39.79,0.36,0.75
64.3,28.6,39.75,0.36,0.75
64.4,28.6,39.71,0.36,0.75
64.5,28.6,39.66,0.36,0.76
64.6,28.6,39.62,0.36,0.76
64.7,28.6,39.57,0.36,0.76
64.8,28.6,39.52,0.36,0.77
64.9,28.6,39.47,0.36,0.77
65,28.6,39.41,0.36,0.78
65.1,28.6,39.36,0.36,0.78
65.2,28.6,39.3,0.36,0.78
65.3,28.6,39.24,0.36,0.79
65.4,28.6,39.18,0.36,0.79
65.5,28.6,39.12,0.36,0.79
65.6,28.6,39.05,0.36,0.8
65.7,28.6,38.98,0.37,0.8
65.8,28.6,38.91,0.37,0.81
65.9,28.6,38.84,0.37,0.81
66,28.6,38.77,0.37,0.81
66.1,28.6,38.69,0.37,0.82
58,28.7,40.22,0.42,0.55
58.1,28.7,40.23,0.42,0.55
58.2,28.7,40.23,0.42,0.55
58.3,28.7,40.24,0.42,0.56
58.4,28.7,40.24,0.42,0.56
58.5,28.7,40.25,0.41,0.56
58.6,28.7,40.25,0.41,0.57
58.7,28.7,40.26,0.41,0.57
58.8,28.7,40.26,0.41,0.57
58.9,28.7,40.27,0.41,0.57
59,28.7,40.27,0.41,0.58
59.1,28.7,40.28,0.41,0.58
59.2,28.7,40.28,0.4,0.58
59.3,28.7,40.29,0.4,0.59
59.4,28.7,40.29,0.4,0.59
59.5,28.7,40.3,0.4,0.59
59.6,28.7,40.3,0.4,0.6
59.7,28.7,40.31,0.4,0.6
59.8,28.7,40.31,0.4,0.6
59.9,28.7,40.32,0.39,0.6
60,28.7,40.32,0.39,0.61
60.1,28.7,40.32,0.39,0.61
60.2,28.7,40.33,0.39,0.61
60.3,28.7,40.33,0.39,0.62
60.4,28.7,40.33,0.39,0.62
60.5,28.7,40.33,0.39,0.62
60.6,28.7,40.34,0.39,0.63
60.7,28.7,40.34,0.38,0.63
60.8,28.7,40.34,0.38,0.63
60.9,28.7,40.34,0.38,0.63
61,28.7,40.34,0.38,0.64
61.1,28.7,40.33,0.38,0.64
61.2,28.7,40.33,0.38,0.64
61.3,28.7,40.33,0.38,0.65
61.4,28.7,40.32,0.38,0.65
61.5,28.7,40.32,0.37,0.65
61.6,28.7,40.31,0.37,0.66
61.7,28.7,40.31,0.37,0.66
61.8,28.7,40.3,0.37,0.66
61.9,28.7,40.29,0.37,0.67
62,28.7,40.28,0.37,0.67
62.1,28.7,40.27,0.37,0.67
62.2,28.7,40.26,0.37,0.68
62.3,28.7,40.25,0.37,0.68
62.4,28.7,40.24,0.37,0.68
62.5,28.7,40.22,0.37,0.69
62.6,28.7,40.21,0.36,0.69
62.7,28.7,40.19,0.36,0.69
62.8,28.7,40.17,0.36,0.7
62.9,28.7,40.15,0.36,0.7
63,28.7,40.13,0.36,0.7
63.1,28.7,40.11,0.36,0.71
63.2,28.7,40.09,0.36,0.71
63.3,28.7,40.06,0.36,0.71
63.4,28.7,40.04,0.36,0.72
63.5,28.7,40.01,0.36,0.72
63.6,28.7,39.98,0.36,0.72
63.7,28.7,39.95,0.36,0.73
63.8,28.7,39.92,0.36,0.73
63.9,28.7,39.89,0.36,0.73
64,28.7,39.85,0.36,0.74
64.1,28.7,39.81,0.36,0.74
64.2,28.7,39.78,0.36,0.75
64.3,28.7,39.74,0.36,0.75
64.4,28.7,39.69,0.36,0.75
64.5,28.7,39.65,0.36,0.76
64.6,28.7,39.6,0.36,0.76
64.7,28.7,39.56,0.36,0.76
64.8,28.7,39.51,0.36,0.77
64.9,28.7,39.46,0.36,0.77
65,28.7,39.4,0.36,0.77
65.1,28.7,39.35,0.36,0.78
65.2,28.7,39.29,0.36,0.78
65.3,28.7,39.23,0.36,0.79
65.4,28.7,39.17,0.36,0.79
65.5,28.7,39.11,0.37,0.79
65.6,28.7,39.04,0.37,0.8
65.7,28.7,38.97,0.37,0.8
65.8,28.7,38.9,0.37,0.8
65.9,28.7,38.83,0.37,0.81
66,28.7,38.76,0.37,0.81
66.1,28.7,38.68,0.37,0.82
58,28.8,40.21,0.42,0.55
58.1,28.8,40.21,0.42,0.55
58.2,28.8,40.22,0.42,0.56
58.3,28.8,40.22,0.41,0.56
58.4,28.8,40.23,0.41,0.56
58.5,28.8,40.23,0.41,0.56
58.6,28.8,40.24,0.41,0.57
58.7,28.8,40.24,0.41,0.57
58.8,28.8,40.25,0.41,0.57
58.9,28.8,40.25,0.41,0.57
59,28.8,40.26,0.4,0.58
59.1,28.8,40.26,0.4,0.58
59.2,28.8,40.27,0.4,0.58
59.3,28.8,40.27,0.4,0.59
59.4,28.8,40.28,0.4,0.59
59.5,28.8,40.28,0.4,0.59
59.6,28.8,40.29,0.4,0.6
59.7,28.8,40.29,0.4,0.6
59.8,28.8,40.3,0.39,0.6
59.9,28.8,40.3,0.39,0.6
60,28.8,40.31,0.39,0.61
60.1,28.8,40.31,0.39,0.61
60.2,28.8,40.31,0.39,0.61
60.3,28.8,40.32,0.39,0.62
60.4,28.8,40.32,0.39,0.62
60.5,28.8,40.32,0.39,0.62
60.6,28.8,40.32,0.38,0.63
60.7,28.8,40.32,0.38,0.63
60.8,28.8,40.32,0.38,0.63
60.9,28.8,40.32,0.38,0.63
61,28.8,40.32,0.38,0.64
61.1,28.8,40.32,0.38,0.64
61.2,28.8,40.32,0.38,0.64
61.3,28.8,40.32,0.38,0.65
61.4,28.8,40.31,0.38,0.65
61.5,28.8,40.31,0.37,0.65
61.6,28.8,40.3,0.37,0.66
61.7,28.8,40.3,0.37,0.66
61.8,28.8,40.29,0.37,0.66
61.9,28.8,40.28,0.37,0.67
62,28.8,40.27,0.37,0.67
62.1,28.8,40.26,0.37,0.67
62.2,28.8,40.25,0.37,0.68
62.3,28.8,40.24,0.37,0.68
62.4,28.8,40.23,0.37,0.68
62.5,28.8,40.21,0.37,0.69
62.6,28.8,40.2,0.36,0.69
62.7,28.8,40.18,0.36,0.69
62.8,28.8,40.16,0.36,0.7
62.9,28.8,40.14,0.36,0.7
63,28.8,40.12,0.36,0.7
63.1,28.8,40.1,0.36,0.71
63.2,28.8,40.08,0.36,0.71
63.3,28.8,40.05,0.36,0.71
63.4,28.8,40.03,0.36,0.72
63.5,28.8,40,0.36,0.72
63.6,28.8,39.97,0.36,0.72
63.7,28.8,39.94,0.36,0.73
63.8,28.8,39.91,0.36,0.73
63.9,28.8,39.88,0.36,0.73
64,28.8,39.84,0.36,0.74
64.1,28.8,39.8,0.36,0.74
64.2,28.8,39.77,0.36,0.74
64.3,28.8,39.73,0.36,0.75
64.4,28.8,39.68,0.36,0.75
64.5,28.8,39.64,0.36,0.76
64.6,28.8,39.59,0.36,0.76
64.7,28.8,39.55,0.36,0.76
64.8,28.8,39.5,0.36,0.77
64.9,28.8,39.45,0.36,0.77
65,28.8,39.39,0.36,0.77
65.1,28.8,39.34,0.36,0.78
65.2,28.8,39.28,0.36,0.78
65.3,28.8,39.22,0.37,0.78
65.4,28.8,39.16,0.37,0.79
65.5,28.8,39.1,0.37,0.79
65.6,28.8,39.03,0.37,0.8
65.7,28.8,38.96,0.37,0.8
65.8,28.8,38.89,0.37,0.8
65.9,28.8,38.82,0.37,0.81
66,28.8,38.75,0.37,0.81
66.1,28.8,38.67,0.37,0.81
58,28.9,40.2,0.41,0.55
58.1,28.9,40.2,0.41,0.55
58.2,28.9,40.2,0.41,0.56
58.3,28.9,40.21,0.41,0.56
58.4,28.9,40.21,0.41,0.56
58.5,28.9,40.22,0.41,0.56
58.6,28.9,40.22,0.41,0.57
58.7,28.9,40.23,0.41,0.57
58.8,28.9,40.23,0.4,0.57
58.9,28.9,40.24,0.4,0.57
59,28.9,40.24,0.4,0.58
59.1,28.9,40.25,0.4,0.58
59.2,28.9,40.26,0.4,0.58
59.3,28.9,40.26,0.4,0.59
59.4,28.9,40.27,0.4,0.59
59.5,28.9,40.27,0.4,0.59
59.6,28.9,40.28,0.39,0.6
59.7,28.9,40.28,0.39,0.6
59.8,28.9,40.29,0.39,0.6
59.9,28.9,40.29,0.39,0.6
60,28.9,40.29,0.39,0.61
60.1,28.9,40.3,0.39,0.61
60.2,28.9,40.3,0.39,0.61
60.3,28.9,40.3,0.39,0.62
60.4,28.9,40.31,0.38,0.62
60.5,28.9,40.31,0.38,0.62
60.6,28.9,40.31,0.38,0.63
60.7,28.9,40.31,0.38,0.63
60.8,28.9,40.31,0.38,0.63
60.9,28.9,40.31,0.38,0.63
61,28.9,40.31,0.38,0.64
61.1,28.9,40.31,0.38,0.64
61.2,28.9,40.31,0.38,0.64
61.3,28.9,40.3,0.38,0.65
61.4,28.9,40.3,0.37,0.65
61.5,28.9,40.3,0.37,0.65
61.6,28.9,40.29,0.37,0.66
61.7,28.9,40.28,0.37,0.66
61.8,28.9,40.28,0.37,0.66
61.9,28.9,40.27,0.37,0.67
62,28.9,40.26,0.37,0.67
62.1,28.9,40.25,0.37,0.67
62.2,28.9,40.24,0.37,0.68
62.3,28.9,40.23,0.37,0.68
62.4,28.9,40.21,0.37,0.68
62.5,28.9,40.2,0.37,0.69
62.6,28.9,40.19,0.36,0.69
62.7,28.9,40.17,0.36,0.69
62.8,28.9,40.15,0.36,0.7
62.9,28.9,40.13,0.36,0.7
63,28.9,40.11,0.36,0.7
63.1,28.9,40.09,0.36,0.71
63.2,28.9,40.07,0.36,0.71
63.3,28.9,40.04,0.36,0.71
63.4,28.9,40.02,0.36,0.72
63.5,28.9,39.99,0.36,0.72
63.6,28.9,39.96,0.36,0.72
63.7,28.9,39.93,0.36,0.73
63.8,28.9,39.9,0.36,0.73
63.9,28.9,39.87,0.36,0.73
64,28.9,39.83,0.36,0.74
64.1,28.9,39.79,0.36,0.74
64.2,28.9,39.76,0.36,0.74
64.3,28.9,39.71,0.36,0.75
64.4,28.9,39.67,0.36,0.75
64.5,28.9,39.63,0.36,0.75
64.6,28.9,39.58,0.36,0.76
64.7,28.9,39.54,0.36,0.76
64.8,28.9,39.49,0.36,0.77
64.9,28.9,39.44,0.36,0.77
65,28.9,39.38,0.36,0.77
65.1,28.9,39.33,0.37,0.78
65.2,28.9,39.27,0.37,0.78
65.3,28.9,39.21,0.37,0.78
65.4,28.9,39.15,0.37,0.79
65.5,28.9,39.09,0.37,0.79
65.6,28.9,39.02,0.37,0.79
65.7,28.9,38.95,0.37,0.8
65.8,28.9,38.88,0.37,0.8
65.9,28.9,38.81,0.37,0.81
66,28.9,38.74,0.38,0.81
66.1,28.9,38.66,0.38,0.81
58,29,40.18,0.41,0.55
58.1,29,40.19,0.41,0.55
58.2,29,40.19,0.41,0.56
58.3,29,40.2,0.41,0.56
58.4,29,40.2,0.41,0.56
58.5,29,40.21,0.41,0.56
58.6,29,40.21,0.4,0.57
58.7,29,40.22,0.4,0.57
58.8,29,40.22,0.4,0.57
58.9,29,40.23,0.4,0.58
59,29,40.23,0.4,0.58
59.1,29,40.24,0.4,0.58
59.2,29,40.24,0.4,0.58
59.3,29,40.25,0.4,0.59
59.4,29,40.25,0.39,0.59
59.5,29,40.26,0.39,0.59
59.6,29,40.26,0.39,0.6
59.7,29,40.27,0.39,0.6
59.8,29,40.27,0.39,0.6
59.9,29,40.28,0.39,0.6
60,29,40.28,0.39,0.61
60.1,29,40.29,0.39,0.61
60.2,29,40.29,0.39,0.61
60.3,29,40.29,0.38,0.62
60.4,29,40.29,0.38,0.62
60.5,29,40.3,0.38,0.62
60.6,29,40.3,0.38,0.62
60.7,29,40.3,0.38,0.63
60.8,29,40.3,0.38,0.63
60.9,29,40.3,0.38,0.63
61,29,40.3,0.38,0.64
61.1,29,40.3,0.38,0.64
61.2,29,40.3,0.38,0.64
61.3,29,40.29,0.37,0.65
61.4,29,40.29,0.37,0.65
61.5,29,40.28,0.37,0.65
61.6,29,40.28,0.37,0.66
61.7,29,40.27,0.37,0.66
61.8,29,40.27,0.37,0.66
61.9,29,40.26,0.37,0.67
62,29,40.25,0.37,0.67
62.1,29,40.24,0.37,0.67
62.2,29,40.23,0.37,0.68
62.3,29,40.22,0.37,0.68
62.4,29,40.2,0.37,0.68
62.5,29,40.19,0.37,0.69
62.6,29,40.17,0.36,0.69
62.7,29,40.16,0.36,0.69
62.8,29,40.14,0.36,0.7
62.9,29,40.12,0.36,0.7
63,29,40.1,0.36,0.7
63.1,29,40.08,0.36,0.71
63.2,29,40.06,0.36,0.71
63.3,29,40.03,0.36,0.71
63.4,29,40.01,0.36,0.72
63.5,29,39.98,0.36,0.72
63.6,29,39.95,0.36,0.72
63.7,29,39.92,0.36,0.73
63.8,29,39.89,0.36,0.73
63.9,29,39.86,0.36,0.73
64,29,39.82,0.36,0.74
64.1,29,39.78,0.36,0.74
64.2,29,39.75,0.36,0.74
64.3,29,39.71,0.36,0.75
64.4,29,39.66,0.36,0.75
64.5,29,39.62,0.36,0.75
64.6,29,39.57,0.36,0.76
64.7,29,39.53,0.36,0.76
64.8,29,39.48,0.37,0.76
64.9,29,39.43,0.37,0.77
65,29,39.37,0.37,0.77
65.1,29,39.32,0.37,0.78
65.2,29,39.26,0.37,0.78
65.3,29,39.2,0.37,0.78
65.4,29,39.14,0.37,0.79
65.5,29,39.08,0.37,0.79
65.6,29,39.01,0.37,0.79
65.7,29,38.95,0.37,0.8
65.8,29,38.88,0.37,0.8
65.9,29,38.8,0.38,0.8
66,29,38.73,0.38,0.81
66.1,29,38.65,0.38,0.81
58,29.1,40.17,0.41,0.55
58.1,29.1,40.18,0.41,0.55
58.2,29.1,40.18,0.41,0.56
58.3,29.1,40.18,0.4,0.56
58.4,29.1,40.19,0.4,0.56
58.5,29.1,40.19,0.4,0.56
58.6,29.1,40.2,0.4,0.57
58.7,29.1,40.2,0.4,0.57
58.8,29.1,40.21,0.4,0.57
58.9,29.1,40.22,0.4,0.58
59,29.1,40.22,0.4,0.58
59.1,29.1,40.23,0.4,0.58
59.2,29.1,40.23,0.39,0.58
59.3,29.1,40.24,0.39,0.59
59.4,29.1,40.24,0.39,0.59
59.5,29.1,40.25,0.39,0.59
59.6,29.1,40.25,0.39,0.6
59.7,29.1,40.26,0.39,0.6
59.8,29.1,40.26,0.39,0.6
59.9,29.1,40.27,0.39,0.6
60,29.1,40.27,0.39,0.61
60.1,29.1,40.27,0.38,0.61
60.2,29.1,40.28,0.38,0.61
60.3,29.1,40.28,0.38,0.62
60.4,29.1,40.28,0.38,0.62
60.5,29.1,40.29,0.38,0.62
60.6,29.1,40.29,0.38,0.62
60.7,29.1,40.29,0.38,0.63
60.8,29.1,40.29,0.38,0.63
60.9,29.1,40.29,0.38,0.63
61,29.1,40.29,0.38,0.64
61.1,29.1,40.29,0.38,0.64
61.2,29.1,40.28,0.37,0.64
61.3,29.1,40.28,0.37,0.65
61.4,29.1,40.28,0.37,0.65
61.5,29.1,40.27,0.37,0.65
61.6,29.1,40.27,0.37,0.66
61.7,29.1,40.26,0.37,0.66
61.8,29.1,40.26,0.37,0.66
61.9,29.1,40.25,0.37,0.67
62,29.1,40.24,0.37,0.67
62.1,29.1,40.23,0.37,0.67
62.2,29.1,40.22,0.37,0.68
62.3,29.1,40.21,0.37,0.68
62.4,29.1,40.19,0.37,0.68
62.5,29.1,40.18,0.37,0.68
62.6,29.1,40.16,0.37,0.69
62.7,29.1,40.15,0.36,0.69
62.8,29.1,40.13,0.36,0.69
62.9,29.1,40.11,0.36,0.7
63,29.1,40.09,0.36,0.7
63.1,29.1,40.07,0.36,0.7
63.2,29.1,40.05,0.36,0.71
63.3,29.1,40.02,0.36,0.71
63.4,29.1,40,0.36,0.71
63.5,29.1,39.97,0.36,0.72
63.6,29.1,39.94,0.36,0.72
63.7,29.1,39.91,0.36,0.73
63.8,29.1,39.88,0.36,0.73
63.9,29.1,39.85,0.36,0.73
64,29.1,39.81,0.36,0.74
64.1,29.1,39.77,0.36,0.74
64.2,29.1,39.74,0.36,0.74
64.3,29.1,39.7,0.36,0.75
64.4,29.1,39.65,0.36,0.75
64.5,29.1,39.61,0.36,0.75
64.6,29.1,39.57,0.37,0.76
64.7,29.1,39.52,0.37,0.76
64.8,29.1,39.47,0.37,0.76
64.9,29.1,39.42,0.37,0.77
65,29.1,39.37,0.37,0.77
65.1,29.1,39.31,0.37,0.77
65.2,29.1,39.25,0.37,0.78
65.3,29.1,39.2,0.37,0.78
65.4,29.1,39.13,0.37,0.79
65.5,29.1,39.07,0.37,0.79
65.6,29.1,39.01,0.37,0.79
65.7,29.1,38.94,0.38,0.8
65.8,29.1,38.87,0.38,0.8
65.9,29.1,38.8,0.38,0.8
66,29.1,38.72,0.38,0.81
66.1,29.1,38.65,0.38,0.81
58,29.2,40.16,0.41,0.55
58.1,29.2,40.16,0.4,0.55
58.2,29.2,40.17,0.4,0.56
58.3,29.2,40.17,0.4,0.56
58.4,29.2,40.18,0.4,0.56
58.5,29.2,40.18,0.4,0.56
58.6,29.2,40.19,0.4,0.57
58.7,29.2,40.19,0.4,0.57
58.8,29.2,40.2,0.4,0.57
58.9,29.2,40.2,0.4,0.58
59,29.2,40.21,0.39,0.58
59.1,29.2,40.22,0.39,0.58
59.2,29.2,40.22,0.39,0.58
59.3,29.2,40.23,0.39,0.59
59.4,29.2,40.23,0.39,0.59
59.5,29.2,40.24,0.39,0.59
59.6,29.2,40.24,0.39,0.6
59.7,29.2,40.25,0.39,0.6
59.8,29.2,40.25,0.39,0.6
59.9,29.2,40.26,0.38,0.6
60,29.2,40.26,0.38,0.61
60.1,29.2,40.26,0.38,0.61
60.2,29.2,40.27,0.38,0.61
60.3,29.2,40.27,0.38,0.62
60.4,29.2,40.27,0.38,0.62
60.5,29.2,40.27,0.38,0.62
60.6,29.2,40.28,0.38,0.62
60.7,29.2,40.28,0.38,0.63
60.8,29.2,40.28,0.38,0.63
60.9,29.2,40.28,0.38,0.63
61,29.2,40.28,0.37,0.64
61.1,29.2,40.28,0.37,0.64
61.2,29.2,40.27,0.37,0.64
61.3,29.2,40.27,0.37,0.65
61.4,29.2,40.27,0.37,0.65
61.5,29.2,40.26,0.37,0.65
61.6,29.2,40.26,0.37,0.66
61.7,29.2,40.25,0.37,0.66
61.8,29.2,40.25,0.37,0.66
61.9,29.2,40.24,0.37,0.67
62,29.2,40.23,0.37,0.67
62.1,29.2,40.22,0.37,0.67
62.2,29.2,40.21,0.37,0.67
62.3,29.2,40.2,0.37,0.68
62.4,29.2,40.18,0.37,0.68
62.5,29.2,40.17,0.37,0.68
62.6,29.2,40.15,0.37,0.69
62.7,29.2,40.14,0.36,0.69
62.8,29.2,40.12,0.36,0.69
62.9,29.2,40.1,0.36,0.7
63,29.2,40.08,0.36,0.7
63.1,29.2,40.06,0.36,0.7
63.2,29.2,40.04,0.36,0.71
63.3,29.2,40.01,0.36,0.71
63.4,29.2,39.99,0.36,0.71
63.5,29.2,39.96,0.36,0.72
63.6,29.2,39.93,0.36,0.72
63.7,29.2,39.9,0.36,0.72
63.8,29.2,39.87,0.36,0.73
63.9,29.2,39.84,0.36,0.73
64,29.2,39.8,0.36,0.73
64.1,29.2,39.77,0.36,0.74
64.2,29.2,39.73,0.36,0.74
64.3,29.2,39.69,0.37,0.75
64.4,29.2,39.65,0.37,0.75
64.5,29.2,39.6,0.37,0.75
64.6,29.2,39.56,0.37,0.76
64.7,29.2,39.51,0.37,0.76
64.8,29.2,39.46,0.37,0.76
64.9,29.2,39.41,0.37,0.77
65,29.2,39.36,0.37,0.77
65.1,29.2,39.3,0.37,0.77
65.2,29.2,39.25,0.37,0.78
65.3,29.2,39.19,0.37,0.78
65.4,29.2,39.13,0.37,0.78
65.5,29.2,39.06,0.37,0.79
65.6,29.2,39,0.38,0.79
65.7,29.2,38.93,0.38,0.8
65.8,29.2,38.86,0.38,0.8
65.9,29.2,38.79,0.38,0.8
66,29.2,38.72,0.38,0.81
66.1,29.2,38.64,0.38,0.81
58,29.3,40.15,0.4,0.55
58.1,29.3,40.15,0.4,0.55
58.2,29.3,40.16,0.4,0.56
58.3,29.3,40.16,0.4,0.56
58.4,29.3,40.17,0.4,0.56
58.5,29.3,40.17,0.4,0.56
58.6,29.3,40.18,0.4,0.57
58.7,29.3,40.18,0.39,0.57
58.8,29.3,40.19,0.39,0.57
58.9,29.3,40.19,0.39,0.58
59,29.3,40.2,0.39,0.58
59.1,29.3,40.2,0.39,0.58
59.2,29.3,40.21,0.39,0.58
59.3,29.3,40.22,0.39,0.59
59.4,29.3,40.22,0.39,0.59
59.5,29.3,40.23,0.39,0.59
59.6,29.3,40.23,0.39,0.6
59.7,29.3,40.24,0.38,0.6
59.8,29.3,40.24,0.38,0.6
59.9,29.3,40.25,0.38,0.6
60,29.3,40.25,0.38,0.61
60.1,29.3,40.25,0.38,0.61
60.2,29.3,40.26,0.38,0.61
60.3,29.3,40.26,0.38,0.62
60.4,29.3,40.26,0.38,0.62
60.5,29.3,40.26,0.38,0.62
60.6,29.3,40.27,0.38,0.62
60.7,29.3,40.27,0.38,0.63
60.8,29.3,40.27,0.38,0.63
60.9,29.3,40.27,0.37,0.63
61,29.3,40.27,0.37,0.64
61.1,29.3,40.27,0.37,0.64
61.2,29.3,40.26,0.37,0.64
61.3,29.3,40.26,0.37,0.65
61.4,29.3,40.26,0.37,0.65
61.5,29.3,40.25,0.37,0.65
61.6,29.3,40.25,0.37,0.66
61.7,29.3,40.24,0.37,0.66
61.8,29.3,40.24,0.37,0.66
61.9,29.3,40.23,0.37,0.66
62,29.3,40.22,0.37,0.67
62.1,29.3,40.21,0.37,0.67
62.2,29.3,40.2,0.37,0.67
62.3,29.3,40.19,0.37,0.68
62.4,29.3,40.17,0.37,0.68
62.5,29.3,40.16,0.37,0.68
62.6,29.3,40.15,0.37,0.69
62.7,29.3,40.13,0.36,0.69
62.8,29.3,40.11,0.36,0.69
62.9,29.3,40.09,0.36,0.7
63,29.3,40.07,0.36,0.7
63.1,29.3,40.05,0.36,0.7
63.2,29.3,40.03,0.36,0.71
63.3,29.3,40.01,0.36,0.71
63.4,29.3,39.98,0.36,0.71
63.5,29.3,39.95,0.36,0.72
63.6,29.3,39.92,0.36,0.72
63.7,29.3,39.89,0.36,0.72
63.8,29.3,39.86,0.36,0.73
63.9,29.3,39.83,0.36,0.73
64,29.3,39.79,0.37,0.73
64.1,29.3,39.76,0.37,0.74
64.2,29.3,39.72,0.37,0.74
64.3,29.3,39.68,0.37,0.74
64.4,29.3,39.64,0.37,0.75
64.5,29.3,39.6,0.37,0.75
64.6,29.3,39.55,0.37,0.76
64.7,29.3,39.5,0.37,0.76
64.8,29.3,39.45,0.37,0.76
64.9,29.3,39.4,0.37,0.77
65,29.3,39.35,0.37,0.77
65.1,29.3,39.3,0.37,0.77
65.2,29.3,39.24,0.37,0.78
65.3,29.3,39.18,0.37,0.78
65.4,29.3,39.12,0.38,0.78
65.5,29.3,39.06,0.38,0.79
65.6,29.3,38.99,0.38,0.79
65.7,29.3,38.92,0.38,0.79
65.8,29.3,38.85,0.38,0.8
65.9,29.3,38.78,0.38,0.8
66,29.3,38.71,0.38,0.81
66.1,29.3,38.63,0.39,0.81
58,29.4,40.14,0.4,0.55
58.1,29.4,40.14,0.4,0.55
58.2,29.4,40.15,0.4,0.56
58.3,29.4,40.15,0.4,0.56
58.4,29.4,40.16,0.39,0.56
58.5,29.4,40.16,0.39,0.57
58.6,29.4,40.17,0.39,0.57
58.7,29.4,40.17,0.39,0.57
58.8,29.4,40.18,0.39,0.57
58.9,29.4,40.18,0.39,0.58
59,29.4,40.19,0.39,0.58
59.1,29.4,40.19,0.39,0.58
59.2,29.4,40.2,0.39,0.58
59.3,29.4,40.21,0.39,0.59
59.4,29.4,40.21,0.39,0.59
59.5,29.4,40.22,0.38,0.59
59.6,29.4,40.22,0.38,0.6
59.7,29.4,40.23,0.38,0.6
59.8,29.4,40.23,0.38,0.6
59.9,29.4,40.24,0.38,0.6
60,29.4,40.24,0.38,0.61
60.1,29.4,40.24,0.38,0.61
60.2,29.4,40.25,0.38,0.61
60.3,29.4,40.25,0.38,0.62
60.4,29.4,40.25,0.38,0.62
60.5,29.4,40.26,0.38,0.62
60.6,29.4,40.26,0.38,0.62
60.7,29.4,40.26,0.37,0.63
60.8,29.4,40.26,0.37,0.63
60.9,29.4,40.26,0.37,0.63
61,29.4,40.26,0.37,0.64
61.1,29.4,40.26,0.37,0.64
61.2,29.4,40.26,0.37,0.64
61.3,29.4,40.25,0.37,0.65
61.4,29.4,40.25,0.37,0.65
61.5,29.4,40.25,0.37,0.65
61.6,29.4,40.24,0.37,0.66
61.7,29.4,40.23,0.37,0.66
61.8,29.4,40.23,0.37,0.66
61.9,29.4,40.22,0.37,0.66
62,29.4,40.21,0.37,0.67
62.1,29.4,40.2,0.37,0.67
62.2,29.4,40.19,0.37,0.67
62.3,29.4,40.18,0.37,0.68
62.4,29.4,40.17,0.37,0.68
62.5,29.4,40.15,0.37,0.68
62.6,29.4,40.14,0.37,0.69
62.7,29.4,40.12,0.36,0.69
62.8,29.4,40.1,0.36,0.69
62.9,29.4,40.09,0.36,0.7
63,29.4,40.07,0.36,0.7
63.1,29.4,40.04,0.36,0.7
63.2,29.4,40.02,0.36,0.71
63.3,29.4,40,0.36,0.71
63.4,29.4,39.97,0.36,0.71
63.5,29.4,39.94,0.36,0.72
63.6,29.4,39.92,0.36,0.72
63.7,29.4,39.89,0.37,0.72
63.8,29.4,39.86,0.37,0.73
63.9,29.4,39.82,0.37,0.73
64,29.4,39.79,0.37,0.73
64.1,29.4,39.75,0.37,0.74
64.2,29.4,39.71,0.37,0.74
64.3,29.4,39.67,0.37,0.74
64.4,29.4,39.63,0.37,0.75
64.5,29.4,39.59,0.37,0.75
64.6,29.4,39.54,0.37,0.75
64.7,29.4,39.5,0.37,0.76
64.8,29.4,39.45,0.37,0.76
64.9,29.4,39.4,0.37,0.77
65,29.4,39.34,0.37,0.77
65.1,29.4,39.29,0.37,0.77
65.2,29.4,39.23,0.37,0.78
65.3,29.4,39.17,0.38,0.78
65.4,29.4,39.11,0.38,0.78
65.5,29.4,39.05,0.38,0.79
65.6,29.4,38.99,0.38,0.79
65.7,29.4,38.92,0.38,0.79
65.8,29.4,38.85,0.38,0.8
65.9,29.4,38.78,0.38,0.8
66,29.4,38.7,0.39,0.8
66.1,29.4,38.63,0.39,0.81
58,29.5,40.13,0.4,0.55
58.1,29.5,40.13,0.39,0.56
58.2,29.5,40.14,0.39,0.56
58.3,29.5,40.14,0.39,0.56
58.4,29.5,40.15,0.39,0.56
58.5,29.5,40.15,0.39,0.57
58.6,29.5,40.16,0.39,0.57
58.7,29.5,40.16,0.39,0.57
58.8,29.5,40.17,0.39,0.57
58.9,29.5,40.17,0.39,0.58
59,29.5,40.18,0.39,0.58
59.1,29.5,40.19,0.39,0.58
59.2,29.5,40.19,0.38,0.58
59.3,29.5,40.2,0.38,0.59
59.4,29.5,40.2,0.38,0.59
59.5,29.5,40.21,0.38,0.59
59.6,29.5,40.21,0.38,0.6
59.7,29.5,40.22,0.38,0.6
59.8,29.5,40.22,0.38,0.6
59.9,29.5,40.23,0.38,0.6
60,29.5,40.23,0.38,0.61
60.1,29.5,40.24,0.38,0.61
60.2,29.5,40.24,0.38,0.61
60.3,29.5,40.24,0.38,0.62
60.4,29.5,40.24,0.38,0.62
60.5,29.5,40.25,0.37,0.62
60.6,29.5,40.25,0.37,0.63
60.7,29.5,40.25,0.37,0.63
60.8,29.5,40.25,0.37,0.63
60.9,29.5,40.25,0.37,0.63
61,29.5,40.25,0.37,0.64
61.1,29.5,40.25,0.37,0.64
61.2,29.5,40.25,0.37,0.64
61.3,29.5,40.24,0.37,0.65
61.4,29.5,40.24,0.37,0.65
61.5,29.5,40.24,0.37,0.65
61.6,29.5,40.23,0.37,0.66
61.7,29.5,40.23,0.37,0.66
61.8,29.5,40.22,0.37,0.66
61.9,29.5,40.21,0.37,0.66
62,29.5,40.2,0.37,0.67
62.1,29.5,40.19,0.37,0.67
62.2,29.5,40.18,0.37,0.67
62.3,29.5,40.17,0.37,0.68
62.4,29.5,40.16,0.37,0.68
62.5,29.5,40.15,0.37,0.68
62.6,29.5,40.13,0.37,0.69
62.7,29.5,40.11,0.37,0.69
62.8,29.5,40.1,0.36,0.69
62.9,29.5,40.08,0.36,0.7
63,29.5,40.06,0.36,0.7
63.1,29.5,40.04,0.36,0.7
63.2,29.5,40.01,0.37,0.71
63.3,29.5,39.99,0.37,0.71
63.4,29.5,39.96,0.37,0.71
63.5,29.5,39.94,0.37,0.72
63.6,29.5,39.91,0.37,0.72
63.7,29.5,39.88,0.37,0.72
63.8,29.5,39.85,0.37,0.73
63.9,29.5,39.82,0.37,0.73
64,29.5,39.78,0.37,0.73
64.1,29.5,39.74,0.37,0.74
64.2,29.5,39.71,0.37,0.74
64.3,29.5,39.67,0.37,0.74
64.4,29.5,39.63,0.37,0.75
64.5,29.5,39.58,0.37,0.75
64.6,29.5,39.54,0.37,0.75
64.7,29.5,39.49,0.37,0.76
64.8,29.5,39.44,0.37,0.76
64.9,29.5,39.39,0.37,0.76
65,29.5,39.34,0.37,0.77
65.1,29.5,39.28,0.38,0.77
65.2,29.5,39.23,0.38,0.78
65.3,29.5,39.17,0.38,0.78
65.4,29.5,39.11,0.38,0.78
65.5,29.5,39.05,0.38,0.79
65.6,29.5,38.98,0.38,0.79
65.7,29.5,38.91,0.38,0.79
65.8,29.5,38.84,0.38,0.8
65.9,29.5,38.77,0.39,0.8
66,29.5,38.7,0.39,0.8
66.1,29.5,38.62,0.39,0.81
58,29.6,40.12,0.39,0.55
58.1,29.6,40.12,0.39,0.56
58.2,29.6,40.13,0.39,0.56
58.3,29.6,40.13,0.39,0.56
58.4,29.6,40.14,0.39,0.56
58.5,29.6,40.14,0.39,0.57
58.6,29.6,40.15,0.39,0.57
58.7,29.6,40.15,0.39,0.57
58.8,29.6,40.16,0.39,0.57
58.9,29.6,40.17,0.38,0.58
59,29.6,40.17,0.38,0.58
59.1,29.6,40.18,0.38,0.58
59.2,29.6,40.18,0.38,0.59
59.3,29.6,40.19,0.38,0.59
59.4,29.6,40.19,0.38,0.59
59.5,29.6,40.2,0.38,0.59
59.6,29.6,40.2,0.38,0.6
59.7,29.6,40.21,0.38,0.6
59.8,29.6,40.21,0.38,0.6
59.9,29.6,40.22,0.38,0.6
60,29.6,40.22,0.38,0.61
60.1,29.6,40.23,0.38,0.61
60.2,29.6,40.23,0.37,0.61
60.3,29.6,40.23,0.37,0.62
60.4,29.6,40.24,0.37,0.62
60.5,29.6,40.24,0.37,0.62
60.6,29.6,40.24,0.37,0.63
60.7,29.6,40.24,0.37,0.63
60.8,29.6,40.24,0.37,0.63
60.9,29.6,40.24,0.37,0.63
61,29.6,40.24,0.37,0.64
61.1,29.6,40.24,0.37,0.64
61.2,29.6,40.24,0.37,0.64
61.3,29.6,40.24,0.37,0.65
61.4,29.6,40.23,0.37,0.65
61.5,29.6,40.23,0.37,0.65
61.6,29.6,40.22,0.37,0.66
61.7,29.6,40.22,0.37,0.66
61.8,29.6,40.21,0.37,0.66
61.9,29.6,40.2,0.37,0.66
62,29.6,40.2,0.37,0.67
62.1,29.6,40.19,0.37,0.67
62.2,29.6,40.18,0.37,0.67
62.3,29.6,40.16,0.37,0.68
62.4,29.6,40.15,0.37,0.68
62.5,29.6,40.14,0.37,0.68
62.6,29.6,40.12,0.37,0.69
62.7,29.6,40.11,0.37,0.69
62.8,29.6,40.09,0.37,0.69
62.9,29.6,40.07,0.37,0.7
63,29.6,40.05,0.37,0.7
63.1,29.6,40.03,0.37,0.7
63.2,29.6,40.01,0.37,0.71
63.3,29.6,39.98,0.37,0.71
63.4,29.6,39.96,0.37,0.71
63.5,29.6,39.93,0.37,0.72
63.6,29.6,39.9,0.37,0.72
63.7,29.6,39.87,0.37,0.72
63.8,29.6,39.84,0.37,0.73
63.9,29.6,39.81,0.37,0.73
64,29.6,39.77,0.37,0.73
64.1,29.6,39.74,0.37,0.74
64.2,29.6,39.7,0.37,0.74
64.3,29.6,39.66,0.37,0.74
64.4,29.6,39.62,0.37,0.75
64.5,29.6,39.58,0.37,0.75
64.6,29.6,39.53,0.37,0.75
64.7,29.6,39.48,0.37,0.76
64.8,29.6,39.44,0.37,0.76
64.9,29.6,39.39,0.38,0.76
65,29.6,39.33,0.38,0.77
65.1,29.6,39.28,0.38,0.77
65.2,29.6,39.22,0.38,0.77
65.3,29.6,39.16,0.38,0.78
65.4,29.6,39.1,0.38,0.78
65.5,29.6,39.04,0.38,0.79
65.6,29.6,38.98,0.38,0.79
65.7,29.6,38.91,0.39,0.79
65.8,29.6,38.84,0.39,0.8
65.9,29.6,38.77,0.39,0.8
66,29.6,38.69,0.39,0.8
66.1,29.6,38.62,0.39,0.81
58,29.7,40.11,0.39,0.55
58.1,29.7,40.12,0.39,0.56
58.2,29.7,40.12,0.39,0.56
58.3,29.7,40.13,0.39,0.56
58.4,29.7,40.13,0.39,0.56
58.5,29.7,40.14,0.38,0.57
58.6,29.7,40.14,0.38,0.57
58.7,29.7,40.15,0.38,0.57
58.8,29.7,40.15,0.38,0.57
58.9,29.7,40.16,0.38,0.58
59,29.7,40.16,0.38,0.58
59.1,29.7,40.17,0.38,0.58
59.2,29.7,40.17,0.38,0.59
59.3,29.7,40.18,0.38,0.59
59.4,29.7,40.19,0.38,0.59
59.5,29.7,40.19,0.38,0.59
59.6,29.7,40.2,0.38,0.6
59.7,29.7,40.2,0.38,0.6
59.8,29.7,40.21,0.38,0.6
59.9,29.7,40.21,0.37,0.61
60,29.7,40.22,0.37,0.61
60.1,29.7,40.22,0.37,0.61
60.2,29.7,40.22,0.37,0.61
60.3,29.7,40.23,0.37,0.62
60.4,29.7,40.23,0.37,0.62
60.5,29.7,40.23,0.37,0.62
60.6,29.7,40.23,0.37,0.63
60.7,29.7,40.23,0.37,0.63
60.8,29.7,40.24,0.37,0.63
60.9,29.7,40.24,0.37,0.63
61,29.7,40.24,0.37,0.64
61.1,29.7,40.23,0.37,0.64
61.2,29.7,40.23,0.37,0.64
61.3,29.7,40.23,0.37,0.65
61.4,29.7,40.23,0.37,0.65
61.5,29.7,40.22,0.37,0.65
61.6,29.7,40.22,0.37,0.66
61.7,29.7,40.21,0.37,0.66
61.8,29.7,40.21,0.37,0.66
61.9,29.7,40.2,0.37,0.66
62,29.7,40.19,0.37,0.67
62.1,29.7,40.18,0.37,0.67
62.2,29.7,40.17,0.37,0.67
62.3,29.7,40.16,0.37,0.68
62.4,29.7,40.15,0.37,0.68
62.5,29.7,40.13,0.37,0.68
62.6,29.7,40.12,0.37,0.69
62.7,29.7,40.1,0.37,0.69
62.8,29.7,40.08,0.37,0.69
62.9,29.7,40.06,0.37,0.7
63,29.7,40.05,0.37,0.7
63.1,29.7,40.02,0.37,0.7
63.2,29.7,40,0.37,0.71
63.3,29.7,39.98,0.37,0.71
63.4,29.7,39.95,0.37,0.71
63.5,29.7,39.93,0.37,0.72
63.6,29.7,39.9,0.37,0.72
63.7,29.7,39.87,0.37,0.72
63.8,29.7,39.84,0.37,0.73
63.9,29.7,39.8,0.37,0.73
64,29.7,39.77,0.37,0.73
64.1,29.7,39.73,0.37,0.74
64.2,29.7,39.7,0.37,0.74
64.3,29.7,39.66,0.37,0.74
64.4,29.7,39.61,0.37,0.75
64.5,29.7,39.57,0.37,0.75
64.6,29.7,39.53,0.37,0.75
64.7,29.7,39.48,0.37,0.76
64.8,29.7,39.43,0.38,0.76
64.9,29.7,39.38,0.38,0.76
65,29.7,39.33,0.38,0.77
65.1,29.7,39.27,0.38,0.77
65.2,29.7,39.22,0.38,0.77
65.3,29.7,39.16,0.38,0.78
65.4,29.7,39.1,0.38,0.78
65.5,29.7,39.04,0.38,0.78
65.6,29.7,38.97,0.39,0.79
65.7,29.7,38.9,0.39,0.79
65.8,29.7,38.84,0.39,0.8
65.9,29.7,38.76,0.39,0.8
66,29.7,38.69,0.39,0.8
66.1,29.7,38.61,0.39,0.81
58,29.8,40.1,0.39,0.55
58.1,29.8,40.11,0.38,0.56
58.2,29.8,40.11,0.38,0.56
58.3,29.8,40.12,0.38,0.56
58.4,29.8,40.12,0.38,0.56
58.5,29.8,40.13,0.38,0.57
58.6,29.8,40.13,0.38,0.57
58.7,29.8,40.14,0.38,0.57
58.8,29.8,40.14,0.38,0.58
58.9,29.8,40.15,0.38,0.58
59,29.8,40.16,0.38,0.58
59.1,29.8,40.16,0.38,0.58
59.2,29.8,40.17,0.38,0.59
59.3,29.8,40.17,0.38,0.59
59.4,29.8,40.18,0.38,0.59
59.5,29.8,40.18,0.38,0.59
59.6,29.8,40.19,0.37,0.6
59.7,29.8,40.19,0.37,0.6
59.8,29.8,40.2,0.37,0.6
59.9,29.8,40.2,0.37,0.61
60,29.8,40.21,0.37,0.61
60.1,29.8,40.21,0.37,0.61
60.2,29.8,40.22,0.37,0.61
60.3,29.8,40.22,0.37,0.62
60.4,29.8,40.22,0.37,0.62
60.5,29.8,40.22,0.37,0.62
60.6,29.8,40.23,0.37,0.63
60.7,29.8,40.23,0.37,0.63
60.8,29.8,40.23,0.37,0.63
60.9,29.8,40.23,0.37,0.63
61,29.8,40.23,0.37,0.64
61.1,29.8,40.23,0.37,0.64
61.2,29.8,40.23,0.37,0.64
61.3,29.8,40.22,0.37,0.65
61.4,29.8,40.22,0.37,0.65
61.5,29.8,40.22,0.37,0.65
61.6,29.8,40.21,0.37,0.66
61.7,29.8,40.21,0.37,0.66
61.8,29.8,40.2,0.37,0.66
61.9,29.8,40.19,0.37,0.66
62,29.8,40.18,0.37,0.67
62.1,29.8,40.17,0.37,0.67
62.2,29.8,40.16,0.37,0.67
62.3,29.8,40.15,0.37,0.68
62.4,29.8,40.14,0.37,0.68
62.5,29.8,40.13,0.37,0.68
62.6,29.8,40.11,0.37,0.69
62.7,29.8,40.09,0.37,0.69
62.8,29.8,40.08,0.37,0.69
62.9,29.8,40.06,0.37,0.7
63,29.8,40.04,0.37,0.7
63.1,29.8,40.02,0.37,0.7
63.2,29.8,40,0.37,0.71
63.3,29.8,39.97,0.37,0.71
63.4,29.8,39.95,0.37,0.71
63.5,29.8,39.92,0.37,0.72
63.6,29.8,39.89,0.37,0.72
63.7,29.8,39.86,0.37,0.72
63.8,29.8,39.83,0.37,0.73
63.9,29.8,39.8,0.37,0.73
64,29.8,39.76,0.37,0.73
64.1,29.8,39.73,0.37,0.74
64.2,29.8,39.69,0.37,0.74
64.3,29.8,39.65,0.37,0.74
64.4,29.8,39.61,0.37,0.75
64.5,29.8,39.57,0.37,0.75
64.6,29.8,39.52,0.37,0.75
64.7,29.8,39.48,0.38,0.76
64.8,29.8,39.43,0.38,0.76
64.9,29.8,39.38,0.38,0.76
65,29.8,39.32,0.38,0.77
65.1,29.8,39.27,0.38,0.77
65.2,29.8,39.21,0.38,0.77
65.3,29.8,39.16,0.38,0.78
65.4,29.8,39.09,0.38,0.78
65.5,29.8,39.03,0.39,0.78
65.6,29.8,38.97,0.39,0.79
65.7,29.8,38.9,0.39,0.79
65.8,29.8,38.83,0.39,0.79
65.9,29.8,38.76,0.39,0.8
66,29.8,38.69,0.39,0.8
66.1,29.8,38.61,0.4,0.81
58,29.9,40.1,0.38,0.56
58.1,29.9,40.1,0.38,0.56
58.2,29.9,40.11,0.38,0.56
58.3,29.9,40.11,0.38,0.56
58.4,29.9,40.12,0.38,0.57
58.5,29.9,40.12,0.38,0.57
58.6,29.9,40.13,0.38,0.57
58.7,29.9,40.13,0.38,0.57
58.8,29.9,40.14,0.38,0.58
58.9,29.9,40.14,0.38,0.58
59,29.9,40.15,0.38,0.58
59.1,29.9,40.16,0.38,0.58
59.2,29.9,40.16,0.37,0.59
59.3,29.9,40.17,0.37,0.59
59.4,29.9,40.17,0.37,0.59
59.5,29.9,40.18,0.37,0.59
59.6,29.9,40.18,0.37,0.6
59.7,29.9,40.19,0.37,0.6
59.8,29.9,40.19,0.37,0.6
59.9,29.9,40.2,0.37,0.61
60,29.9,40.2,0.37,0.61
60.1,29.9,40.21,0.37,0.61
60.2,29.9,40.21,0.37,0.61
60.3,29.9,40.21,0.37,0.62
60.4,29.9,40.22,0.37,0.62
60.5,29.9,40.22,0.37,0.62
60.6,29.9,40.22,0.37,0.63
60.7,29.9,40.22,0.37,0.63
60.8,29.9,40.22,0.37,0.63
60.9,29.9,40.22,0.37,0.63
61,29.9,40.22,0.37,0.64
61.1,29.9,40.22,0.37,0.64
61.2,29.9,40.22,0.37,0.64
61.3,29.9,40.22,0.37,0.65
61.4,29.9,40.21,0.37,0.65
61.5,29.9,40.21,0.37,0.65
61.6,29.9,40.21,0.37,0.66
61.7,29.9,40.2,0.37,0.66
61.8,29.9,40.19,0.37,0.66
61.9,29.9,40.19,0.36,0.66
62,29.9,40.18,0.36,0.67
62.1,29.9,40.17,0.36,0.67
62.2,29.9,40.16,0.36,0.67
62.3,29.9,40.15,0.36,0.68
62.4,29.9,40.13,0.36,0.68
62.5,29.9,40.12,0.37,0.68
62.6,29.9,40.11,0.37,0.69
62.7,29.9,40.09,0.37,0.69
62.8,29.9,40.07,0.37,0.69
62.9,29.9,40.05,0.37,0.7
63,29.9,40.03,0.37,0.7
63.1,29.9,40.01,0.37,0.7
63.2,29.9,39.99,0.37,0.71
63.3,29.9,39.97,0.37,0.71
63.4,29.9,39.94,0.37,0.71
63.5,29.9,39.92,0.37,0.72
63.6,29.9,39.89,0.37,0.72
63.7,29.9,39.86,0.37,0.72
63.8,29.9,39.83,0.37,0.73
63.9,29.9,39.79,0.37,0.73
64,29.9,39.76,0.37,0.73
64.1,29.9,39.72,0.37,0.74
64.2,29.9,39.69,0.37,0.74
64.3,29.9,39.65,0.37,0.74
64.4,29.9,39.61,0.37,0.75
64.5,29.9,39.56,0.38,0.75
64.6,29.9,39.52,0.38,0.75
64.7,29.9,39.47,0.38,0.76
64.8,29.9,39.42,0.38,0.76
64.9,29.9,39.37,0.38,0.76
65,29.9,39.32,0.38,0.77
65.1,29.9,39.27,0.38,0.77
65.2,29.9,39.21,0.38,0.77
65.3,29.9,39.15,0.38,0.78
65.4,29.9,39.09,0.39,0.78
65.5,29.9,39.03,0.39,0.78
65.6,29.9,38.96,0.39,0.79
65.7,29.9,38.9,0.39,0.79
65.8,29.9,38.83,0.39,0.79
65.9,29.9,38.76,0.39,0.8
66,29.9,38.68,0.4,0.8
66.1,29.9,38.61,0.4,0.8
58,30,40.09,0.38,0.56
58.1,30,40.1,0.38,0.56
58.2,30,40.1,0.38,0.56
58.3,30,40.1,0.38,0.56
58.4,30,40.11,0.38,0.57
58.5,30,40.12,0.38,0.57
58.6,30,40.12,0.38,0.57
58.7,30,40.13,0.37,0.57
58.8,30,40.13,0.37,0.58
58.9,30,40.14,0.37,0.58
59,30,40.14,0.37,0.58
59.1,30,40.15,0.37,0.58
59.2,30,40.15,0.37,0.59
59.3,30,40.16,0.37,0.59
59.4,30,40.17,0.37,0.59
59.5,30,40.17,0.37,0.6
59.6,30,40.18,0.37,0.6
59.7,30,40.18,0.37,0.6
59.8,30,40.19,0.37,0.6
59.9,30,40.19,0.37,0.61
60,30,40.2,0.37,0.61
60.1,30,40.2,0.37,0.61
60.2,30,40.2,0.37,0.61
60.3,30,40.21,0.37,0.62
60.4,30,40.21,0.37,0.62
60.5,30,40.21,0.37,0.62
60.6,30,40.21,0.37,0.63
60.7,30,40.22,0.37,0.63
60.8,30,40.22,0.37,0.63
60.9,30,40.22,0.37,0.63
61,30,40.22,0.37,0.64
61.1,30,40.22,0.37,0.64
61.2,30,40.21,0.37,0.64
61.3,30,40.21,0.36,0.65
61.4,30,40.21,0.36,0.65
61.5,30,40.21,0.36,0.65
61.6,30,40.2,0.36,0.66
61.7,30,40.19,0.36,0.66
61.8,30,40.19,0.36,0.66
61.9,30,40.18,0.36,0.66
62,30,40.17,0.36,0.67
62.1,30,40.16,0.36,0.67
62.2,30,40.15,0.36,0.67
62.3,30,40.14,0.36,0.68
62.4,30,40.13,0.36,0.68
62.5,30,40.12,0.36,0.68
62.6,30,40.1,0.37,0.69
62.7,30,40.09,0.37,0.69
62.8,30,40.07,0.37,0.69
62.9,30,40.05,0.37,0.7
63,30,40.03,0.37,0.7
63.1,30,40.01,0.37,0.7
63.2,30,39.99,0.37,0.71
63.3,30,39.96,0.37,0.71
63.4,30,39.94,0.37,0.71
63.5,30,39.91,0.37,0.71
63.6,30,39.88,0.37,0.72
63.7,30,39.85,0.37,0.72
63.8,30,39.82,0.37,0.72
63.9,30,39.79,0.37,0.73
64,30,39.76,0.37,0.73
64.1,30,39.72,0.37,0.73
64.2,30,39.68,0.37,0.74
64.3,30,39.64,0.37,0.74
64.4,30,39.6,0.38,0.74
64.5,30,39.56,0.38,0.75
64.6,30,39.52,0.38,0.75
64.7,30,39.47,0.38,0.76
64.8,30,39.42,0.38,0.76
64.9,30,39.37,0.38,0.76
65,30,39.32,0.38,0.77
65.1,30,39.26,0.38,0.77
65.2,30,39.21,0.38,0.77
65.3,30,39.15,0.39,0.78
65.4,30,39.09,0.39,0.78
65.5,30,39.03,0.39,0.78
65.6,30,38.96,0.39,0.79
65.7,30,38.9,0.39,0.79
65.8,30,38.83,0.39,0.79
65.9,30,38.76,0.4,0.8
66,30,38.68,0.4,0.8
66.1,30,38.61,0.4,0.8
58,30.1,40.09,0.38,0.56
58.1,30.1,40.09,0.38,0.56
58.2,30.1,40.09,0.37,0.56
58.3,30.1,40.1,0.37,0.56
58.4,30.1,40.1,0.37,0.57
58.5,30.1,40.11,0.37,0.57
58.6,30.1,40.11,0.37,0.57
58.7,30.1,40.12,0.37,0.57
58.8,30.1,40.13,0.37,0.58
58.9,30.1,40.13,0.37,0.58
59,30.1,40.14,0.37,0.58
59.1,30.1,40.14,0.37,0.59
59.2,30.1,40.15,0.37,0.59
59.3,30.1,40.15,0.37,0.59
59.4,30.1,40.16,0.37,0.59
59.5,30.1,40.17,0.37,0.6
59.6,30.1,40.17,0.37,0.6
59.7,30.1,40.18,0.37,0.6
59.8,30.1,40.18,0.37,0.6
59.9,30.1,40.19,0.37,0.61
60,30.1,40.19,0.37,0.61
60.1,30.1,40.19,0.37,0.61
60.2,30.1,40.2,0.37,0.62
60.3,30.1,40.2,0.37,0.62
60.4,30.1,40.21,0.37,0.62
60.5,30.1,40.21,0.37,0.62
60.6,30.1,40.21,0.36,0.63
60.7,30.1,40.21,0.36,0.63
60.8,30.1,40.21,0.36,0.63
60.9,30.1,40.21,0.36,0.64
61,30.1,40.21,0.36,0.64
61.1,30.1,40.21,0.36,0.64
61.2,30.1,40.21,0.36,0.64
61.3,30.1,40.21,0.36,0.65
61.4,30.1,40.2,0.36,0.65
61.5,30.1,40.2,0.36,0.65
61.6,30.1,40.2,0.36,0.66
61.7,30.1,40.19,0.36,0.66
61.8,30.1,40.18,0.36,0.66
61.9,30.1,40.18,0.36,0.66
62,30.1,40.17,0.36,0.67
62.1,30.1,40.16,0.36,0.67
62.2,30.1,40.15,0.36,0.67
62.3,30.1,40.14,0.36,0.68
62.4,30.1,40.13,0.36,0.68
62.5,30.1,40.11,0.36,0.68
62.6,30.1,40.1,0.37,0.69
62.7,30.1,40.08,0.37,0.69
62.8,30.1,40.06,0.37,0.69
62.9,30.1,40.05,0.37,0.7
63,30.1,40.03,0.37,0.7
63.1,30.1,40.01,0.37,0.7
63.2,30.1,39.98,0.37,0.71
63.3,30.1,39.96,0.37,0.71
63.4,30.1,39.93,0.37,0.71
63.5,30.1,39.91,0.37,0.71
63.6,30.1,39.88,0.37,0.72
63.7,30.1,39.85,0.37,0.72
63.8,30.1,39.82,0.37,0.72
63.9,30.1,39.79,0.37,0.73
64,30.1,39.75,0.37,0.73
64.1,30.1,39.72,0.37,0.73
64.2,30.1,39.68,0.37,0.74
64.3,30.1,39.64,0.38,0.74
64.4,30.1,39.6,0.38,0.74
64.5,30.1,39.56,0.38,0.75
64.6,30.1,39.51,0.38,0.75
64.7,30.1,39.47,0.38,0.75
64.8,30.1,39.42,0.38,0.76
64.9,30.1,39.37,0.38,0.76
65,30.1,39.32,0.38,0.76
65.1,30.1,39.26,0.39,0.77
65.2,30.1,39.21,0.39,0.77
65.3,30.1,39.15,0.39,0.78
65.4,30.1,39.09,0.39,0.78
65.5,30.1,39.02,0.39,0.78
65.6,30.1,38.96,0.39,0.79
65.7,30.1,38.89,0.39,0.79
65.8,30.1,38.82,0.4,0.79
65.9,30.1,38.75,0.4,0.8
66,30.1,38.68,0.4,0.8
66.1,30.1,38.6,0.4,0.8
58,30.2,40.08,0.37,0.56
58.1,30.2,40.08,0.37,0.56
58.2,30.2,40.09,0.37,0.56
58.3,30.2,40.09,0.37,0.56
58.4,30.2,40.1,0.37,0.57
58.5,30.2,40.1,0.37,0.57
58.6,30.2,40.11,0.37,0.57
58.7,30.2,40.12,0.37,0.58
58.8,30.2,40.12,0.37,0.58
58.9,30.2,40.13,0.37,0.58
59,30.2,40.13,0.37,0.58
59.1,30.2,40.14,0.37,0.59
59.2,30.2,40.14,0.37,0.59
59.3,30.2,40.15,0.37,0.59
59.4,30.2,40.16,0.37,0.59
59.5,30.2,40.16,0.37,0.6
59.6,30.2,40.17,0.37,0.6
59.7,30.2,40.17,0.37,0.6
59.8,30.2,40.18,0.37,0.6
59.9,30.2,40.18,0.36,0.61
60,30.2,40.19,0.36,0.61
60.1,30.2,40.19,0.36,0.61
60.2,30.2,40.19,0.36,0.62
60.3,30.2,40.2,0.36,0.62
60.4,30.2,40.2,0.36,0.62
60.5,30.2,40.2,0.36,0.62
60.6,30.2,40.21,0.36,0.63
60.7,30.2,40.21,0.36,0.63
60.8,30.2,40.21,0.36,0.63
60.9,30.2,40.21,0.36,0.64
61,30.2,40.21,0.36,0.64
61.1,30.2,40.21,0.36,0.64
61.2,30.2,40.21,0.36,0.64
61.3,30.2,40.2,0.36,0.65
61.4,30.2,40.2,0.36,0.65
61.5,30.2,40.2,0.36,0.65
61.6,30.2,40.19,0.36,0.66
61.7,30.2,40.19,0.36,0.66
61.8,30.2,40.18,0.36,0.66
61.9,30.2,40.17,0.36,0.66
62,30.2,40.16,0.36,0.67
62.1,30.2,40.16,0.36,0.67
62.2,30.2,40.15,0.36,0.67
62.3,30.2,40.13,0.36,0.68
62.4,30.2,40.12,0.36,0.68
62.5,30.2,40.11,0.36,0.68
62.6,30.2,40.09,0.36,0.69
62.7,30.2,40.08,0.37,0.69
62.8,30.2,40.06,0.37,0.69
62.9,30.2,40.04,0.37,0.7
63,30.2,40.02,0.37,0.7
63.1,30.2,40,0.37,0.7
63.2,30.2,39.98,0.37,0.71
63.3,30.2,39.96,0.37,0.71
63.4,30.2,39.93,0.37,0.71
63.5,30.2,39.91,0.37,0.71
63.6,30.2,39.88,0.37,0.72
63.7,30.2,39.85,0.37,0.72
63.8,30.2,39.82,0.37,0.72
63.9,30.2,39.78,0.37,0.73
64,30.2,39.75,0.37,0.73
64.1,30.2,39.71,0.37,0.73
64.2,30.2,39.68,0.38,0.74
64.3,30.2,39.64,0.38,0.74
64.4,30.2,39.6,0.38,0.74
64.5,30.2,39.55,0.38,0.75
64.6,30.2,39.51,0.38,0.75
64.7,30.2,39.46,0.38,0.75
64.8,30.2,39.42,0.38,0.76
64.9,30.2,39.37,0.38,0.76
65,30.2,39.31,0.39,0.76
65.1,30.2,39.26,0.39,0.77
65.2,30.2,39.2,0.39,0.77
65.3,30.2,39.15,0.39,0.77
65.4,30.2,39.09,0.39,0.78
65.5,30.2,39.02,0.39,0.78
65.6,30.2,38.96,0.39,0.79
65.7,30.2,38.89,0.4,0.79
65.8,30.2,38.82,0.4,0.79
65.9,30.2,38.75,0.4,0.8
66,30.2,38.68,0.4,0.8
66.1,30.2,38.6,0.4,0.8
58,30.3,40.08,0.37,0.56
58.1,30.3,40.08,0.37,0.56
58.2,30.3,40.08,0.37,0.56
58.3,30.3,40.09,0.37,0.57
58.4,30.3,40.09,0.37,0.57
58.5,30.3,40.1,0.37,0.57
58.6,30.3,40.11,0.37,0.57
58.7,30.3,40.11,0.37,0.58
58.8,30.3,40.12,0.37,0.58
58.9,30.3,40.12,0.37,0.58
59,30.3,40.13,0.37,0.58
59.1,30.3,40.13,0.36,0.59
59.2,30.3,40.14,0.36,0.59
59.3,30.3,40.15,0.36,0.59
59.4,30.3,40.15,0.36,0.59
59.5,30.3,40.16,0.36,0.6
59.6,30.3,40.16,0.36,0.6
59.7,30.3,40.17,0.36,0.6
59.8,30.3,40.17,0.36,0.61
59.9,30.3,40.18,0.36,0.61
60,30.3,40.18,0.36,0.61
60.1,30.3,40.19,0.36,0.61
60.2,30.3,40.19,0.36,0.62
60.3,30.3,40.19,0.36,0.62
60.4,30.3,40.2,0.36,0.62
60.5,30.3,40.2,0.36,0.62
60.6,30.3,40.2,0.36,0.63
60.7,30.3,40.2,0.36,0.63
60.8,30.3,40.2,0.36,0.63
60.9,30.3,40.2,0.36,0.64
61,30.3,40.2,0.36,0.64
61.1,30.3,40.2,0.36,0.64
61.2,30.3,40.2,0.36,0.64
61.3,30.3,40.2,0.36,0.65
61.4,30.3,40.2,0.36,0.65
61.5,30.3,40.19,0.36,0.65
61.6,30.3,40.19,0.36,0.66
61.7,30.3,40.18,0.36,0.66
61.8,30.3,40.18,0.36,0.66
61.9,30.3,40.17,0.36,0.67
62,30.3,40.16,0.36,0.67
62.1,30.3,40.15,0.36,0.67
62.2,30.3,40.14,0.36,0.67
62.3,30.3,40.13,0.36,0.68
62.4,30.3,40.12,0.36,0.68
62.5,30.3,40.11,0.36,0.68
62.6,30.3,40.09,0.36,0.69
62.7,30.3,40.08,0.37,0.69
62.8,30.3,40.06,0.37,0.69
62.9,30.3,40.04,0.37,0.7
63,30.3,40.02,0.37,0.7
63.1,30.3,40,0.37,0.7
63.2,30.3,39.98,0.37,0.71
63.3,30.3,39.95,0.37,0.71
63.4,30.3,39.93,0.37,0.71
63.5,30.3,39.9,0.37,0.71
63.6,30.3,39.88,0.37,0.72
63.7,30.3,39.85,0.37,0.72
63.8,30.3,39.82,0.37,0.72
63.9,30.3,39.78,0.37,0.73
64,30.3,39.75,0.37,0.73
64.1,30.3,39.71,0.38,0.73
64.2,30.3,39.68,0.38,0.74
64.3,30.3,39.64,0.38,0.74
64.4,30.3,39.6,0.38,0.74
64.5,30.3,39.55,0.38,0.75
64.6,30.3,39.51,0.38,0.75
64.7,30.3,39.46,0.38,0.75
64.8,30.3,39.41,0.38,0.76
64.9,30.3,39.36,0.39,0.76
65,30.3,39.31,0.39,0.76
65.1,30.3,39.26,0.39,0.77
65.2,30.3,39.2,0.39,0.77
65.3,30.3,39.14,0.39,0.77
65.4,30.3,39.08,0.39,0.78
65.5,30.3,39.02,0.39,0.78
65.6,30.3,38.96,0.4,0.78
65.7,30.3,38.89,0.4,0.79
65.8,30.3,38.82,0.4,0.79
65.9,30.3,38.75,0.4,0.8
66,30.3,38.68,0.4,0.8
66.1,30.3,38.6,0.41,0.8
58,30.4,40.07,0.37,0.56
58.1,30.4,40.08,0.37,0.56
58.2,30.4,40.08,0.37,0.56
58.3,30.4,40.09,0.36,0.57
58.4,30.4,40.09,0.36,0.57
58.5,30.4,40.1,0.36,0.57
58.6,30.4,40.1,0.36,0.57
58.7,30.4,40.11,0.36,0.58
58.8,30.4,40.11,0.36,0.58
58.9,30.4,40.12,0.36,0.58
59,30.4,40.12,0.36,0.58
59.1,30.4,40.13,0.36,0.59
59.2,30.4,40.14,0.36,0.59
59.3,30.4,40.14,0.36,0.59
59.4,30.4,40.15,0.36,0.59
59.5,30.4,40.15,0.36,0.6
59.6,30.4,40.16,0.36,0.6
59.7,30.4,40.16,0.36,0.6
59.8,30.4,40.17,0.36,0.61
59.9,30.4,40.17,0.36,0.61
60,30.4,40.18,0.36,0.61
60.1,30.4,40.18,0.36,0.61
60.2,30.4,40.19,0.36,0.62
60.3,30.4,40.19,0.36,0.62
60.4,30.4,40.19,0.36,0.62
60.5,30.4,40.2,0.36,0.62
60.6,30.4,40.2,0.36,0.63
60.7,30.4,40.2,0.36,0.63
60.8,30.4,40.2,0.36,0.63
60.9,30.4,40.2,0.36,0.64
61,30.4,40.2,0.36,0.64
61.1,30.4,40.2,0.36,0.64
61.2,30.4,40.2,0.36,0.64
61.3,30.4,40.2,0.36,0.65
61.4,30.4,40.19,0.36,0.65
61.5,30.4,40.19,0.36,0.65
61.6,30.4,40.19,0.36,0.66
61.7,30.4,40.18,0.36,0.66
61.8,30.4,40.17,0.36,0.66
61.9,30.4,40.17,0.36,0.67
62,30.4,40.16,0.36,0.67
62.1,30.4,40.15,0.36,0.67
62.2,30.4,40.14,0.36,0.67
62.3,30.4,40.13,0.36,0.68
62.4,30.4,40.12,0.36,0.68
62.5,30.4,40.1,0.36,0.68
62.6,30.4,40.09,0.36,0.69
62.7,30.4,40.07,0.37,0.69
62.8,30.4,40.06,0.37,0.69
62.9,30.4,40.04,0.37,0.7
63,30.4,40.02,0.37,0.7
63.1,30.4,40,0.37,0.7
63.2,30.4,39.98,0.37,0.71
63.3,30.4,39.95,0.37,0.71
63.4,30.4,39.93,0.37,0.71
63.5,30.4,39.9,0.37,0.71
63.6,30.4,39.87,0.37,0.72
63.7,30.4,39.84,0.37,0.72
63.8,30.4,39.81,0.37,0.72
63.9,30.4,39.78,0.37,0.73
64,30.4,39.75,0.38,0.73
64.1,30.4,39.71,0.38,0.73
64.2,30.4,39.67,0.38,0.74
64.3,30.4,39.64,0.38,0.74
64.4,30.4,39.59,0.38,0.74
64.5,30.4,39.55,0.38,0.75
64.6,30.4,39.51,0.38,0.75
64.7,30.4,39.46,0.38,0.75
64.8,30.4,39.41,0.38,0.76
64.9,30.4,39.36,0.39,0.76
65,30.4,39.31,0.39,0.76
65.1,30.4,39.26,0.39,0.77
65.2,30.4,39.2,0.39,0.77
65.3,30.4,39.14,0.39,0.77
65.4,30.4,39.08,0.39,0.78
65.5,30.4,39.02,0.4,0.78
65.6,30.4,38.96,0.4,0.78
65.7,30.4,38.89,0.4,0.79
65.8,30.4,38.82,0.4,0.79
65.9,30.4,38.75,0.4,0.79
66,30.4,38.68,0.41,0.8
66.1,30.4,38.6,0.41,0.8
58,30.5,40.07,0.36,0.56
58.1,30.5,40.07,0.36,0.56
58.2,30.5,40.08,0.36,0.56
58.3,30.5,40.08,0.36,0.57
58.4,30.5,40.09,0.36,0.57
58.5,30.5,40.09,0.36,0.57
58.6,30.5,40.1,0.36,0.57
58.7,30.5,40.1,0.36,0.58
58.8,30.5,40.11,0.36,0.58
58.9,30.5,40.12,0.36,0.58
59,30.5,40.12,0.36,0.59
59.1,30.5,40.13,0.36,0.59
59.2,30.5,40.13,0.36,0.59
59.3,30.5,40.14,0.36,0.59
59.4,30.5,40.14,0.36,0.6
59.5,30.5,40.15,0.36,0.6
59.6,30.5,40.16,0.36,0.6
59.7,30.5,40.16,0.36,0.6
59.8,30.5,40.17,0.36,0.61
59.9,30.5,40.17,0.36,0.61
60,30.5,40.18,0.36,0.61
60.1,30.5,40.18,0.36,0.61
60.2,30.5,40.18,0.36,0.62
60.3,30.5,40.19,0.36,0.62
60.4,30.5,40.19,0.36,0.62
60.5,30.5,40.19,0.36,0.63
60.6,30.5,40.2,0.36,0.63
60.7,30.5,40.2,0.36,0.63
60.8,30.5,40.2,0.36,0.63
60.9,30.5,40.2,0.36,0.64
61,30.5,40.2,0.36,0.64
61.1,30.5,40.2,0.36,0.64
61.2,30.5,40.2,0.36,0.65
61.3,30.5,40.19,0.36,0.65
61.4,30.5,40.19,0.36,0.65
61.5,30.5,40.19,0.36,0.65
61.6,30.5,40.18,0.36,0.66
61.7,30.5,40.18,0.36,0.66
61.8,30.5,40.17,0.36,0.66
61.9,30.5,40.16,0.36,0.67
62,30.5,40.16,0.36,0.67
62.1,30.5,40.15,0.36,0.67
62.2,30.5,40.14,0.36,0.67
62.3,30.5,40.13,0.36,0.68
62.4,30.5,40.11,0.36,0.68
62.5,30.5,40.1,0.36,0.68
62.6,30.5,40.09,0.36,0.69
62.7,30.5,40.07,0.37,0.69
62.8,30.5,40.05,0.37,0.69
62.9,30.5,40.04,0.37,0.7
63,30.5,40.02,0.37,0.7
63.1,30.5,40,0.37,0.7
63.2,30.5,39.97,0.37,0.71
63.3,30.5,39.95,0.37,0.71
63.4,30.5,39.93,0.37,0.71
63.5,30.5,39.9,0.37,0.71
63.6,30.5,39.87,0.37,0.72
63.7,30.5,39.84,0.37,0.72
63.8,30.5,39.81,0.37,0.72
63.9,30.5,39.78,0.37,0.73
64,30.5,39.75,0.38,0.73
64.1,30.5,39.71,0.38,0.73
64.2,30.5,39.67,0.38,0.74
64.3,30.5,39.63,0.38,0.74
64.4,30.5,39.59,0.38,0.74
64.5,30.5,39.55,0.38,0.75
64.6,30.5,39.51,0.38,0.75
64.7,30.5,39.46,0.38,0.75
64.8,30.5,39.41,0.39,0.76
64.9,30.5,39.36,0.39,0.76
65,30.5,39.31,0.39,0.76
65.1,30.5,39.26,0.39,0.77
65.2,30.5,39.2,0.39,0.77
65.3,30.5,39.14,0.39,0.77
65.4,30.5,39.08,0.4,0.78
65.5,30.5,39.02,0.4,0.78
65.6,30.5,38.96,0.4,0.78
65.7,30.5,38.89,0.4,0.79
65.8,30.5,38.82,0.4,0.79
65.9,30.5,38.75,0.41,0.79
66,30.5,38.68,0.41,0.8
66.1,30.5,38.6,0.41,0.8
58,30.6,40.07,0.36,0.56
58.1,30.6,40.07,0.36,0.56
58.2,30.6,40.07,0.36,0.57
58.3,30.6,40.08,0.36,0.57
58.4,30.6,40.08,0.36,0.57
58.5,30.6,40.09,0.36,0.57
58.6,30.6,40.1,0.36,0.58
58.7,30.6,40.1,0.36,0.58
58.8,30.6,40.11,0.36,0.58
58.9,30.6,40.11,0.36,0.58
59,30.6,40.12,0.36,0.59
59.1,30.6,40.12,0.36,0.59
59.2,30.6,40.13,0.36,0.59
59.3,30.6,40.14,0.36,0.59
59.4,30.6,40.14,0.36,0.6
59.5,30.6,40.15,0.36,0.6
59.6,30.6,40.15,0.36,0.6
59.7,30.6,40.16,0.36,0.6
59.8,30.6,40.16,0.36,0.61
59.9,30.6,40.17,0.36,0.61
60,30.6,40.17,0.36,0.61
60.1,30.6,40.18,0.36,0.61
60.2,30.6,40.18,0.36,0.62
60.3,30.6,40.19,0.36,0.62
60.4,30.6,40.19,0.36,0.62
60.5,30.6,40.19,0.36,0.63
60.6,30.6,40.19,0.36,0.63
60.7,30.6,40.19,0.36,0.63
60.8,30.6,40.2,0.36,0.63
60.9,30.6,40.2,0.36,0.64
61,30.6,40.2,0.36,0.64
61.1,30.6,40.2,0.36,0.64
61.2,30.6,40.19,0.36,0.65
61.3,30.6,40.19,0.36,0.65
61.4,30.6,40.19,0.36,0.65
61.5,30.6,40.19,0.36,0.65
61.6,30.6,40.18,0.36,0.66
61.7,30.6,40.18,0.36,0.66
61.8,30.6,40.17,0.36,0.66
61.9,30.6,40.16,0.36,0.67
62,30.6,40.16,0.36,0.67
62.1,30.6,40.15,0.36,0.67
62.2,30.6,40.14,0.36,0.67
62.3,30.6,40.13,0.36,0.68
62.4,30.6,40.11,0.36,0.68
62.5,30.6,40.1,0.36,0.68
62.6,30.6,40.09,0.36,0.69
62.7,30.6,40.07,0.37,0.69
62.8,30.6,40.05,0.37,0.69
62.9,30.6,40.04,0.37,0.7
63,30.6,40.02,0.37,0.7
63.1,30.6,40,0.37,0.7
63.2,30.6,39.97,0.37,0.71
63.3,30.6,39.95,0.37,0.71
63.4,30.6,39.93,0.37,0.71
63.5,30.6,39.9,0.37,0.71
63.6,30.6,39.87,0.37,0.72
63.7,30.6,39.84,0.37,0.72
63.8,30.6,39.81,0.37,0.72
63.9,30.6,39.78,0.38,0.73
64,30.6,39.75,0.38,0.73
64.1,30.6,39.71,0.38,0.73
64.2,30.6,39.67,0.38,0.74
64.3,30.6,39.63,0.38,0.74
64.4,30.6,39.59,0.38,0.74
64.5,30.6,39.55,0.38,0.75
64.6,30.6,39.51,0.38,0.75
64.7,30.6,39.46,0.39,0.75
64.8,30.6,39.41,0.39,0.76
64.9,30.6,39.36,0.39,0.76
65,30.6,39.31,0.39,0.76
65.1,30.6,39.26,0.39,0.77
65.2,30.6,39.2,0.39,0.77
65.3,30.6,39.15,0.4,0.77
65.4,30.6,39.09,0.4,0.78
65.5,30.6,39.02,0.4,0.78
65.6,30.6,38.96,0.4,0.78
65.7,30.6,38.89,0.4,0.79
65.8,30.6,38.82,0.41,0.79
65.9,30.6,38.75,0.41,0.79
66,30.6,38.68,0.41,0.8
66.1,30.6,38.61,0.41,0.8
58,30.7,40.06,0.36,0.56
58.1,30.7,40.07,0.36,0.56
58.2,30.7,40.07,0.36,0.57
58.3,30.7,40.08,0.36,0.57
58.4,30.7,40.08,0.36,0.57
58.5,30.7,40.09,0.36,0.57
58.6,30.7,40.09,0.36,0.58
58.7,30.7,40.1,0.36,0.58
58.8,30.7,40.1,0.36,0.58
58.9,30.7,40.11,0.35,0.58
59,30.7,40.12,0.35,0.59
59.1,30.7,40.12,0.35,0.59
59.2,30.7,40.13,0.35,0.59
59.3,30.7,40.13,0.35,0.59
59.4,30.7,40.14,0.35,0.6
59.5,30.7,40.15,0.35,0.6
59.6,30.7,40.15,0.35,0.6
59.7,30.7,40.16,0.35,0.6
59.8,30.7,40.16,0.35,0.61
59.9,30.7,40.17,0.35,0.61
60,30.7,40.17,0.35,0.61
60.1,30.7,40.18,0.35,0.62
60.2,30.7,40.18,0.36,0.62
60.3,30.7,40.18,0.36,0.62
60.4,30.7,40.19,0.36,0.62
60.5,30.7,40.19,0.36,0.63
60.6,30.7,40.19,0.36,0.63
60.7,30.7,40.19,0.36,0.63
60.8,30.7,40.19,0.36,0.63
60.9,30.7,40.2,0.36,0.64
61,30.7,40.2,0.36,0.64
61.1,30.7,40.19,0.36,0.64
61.2,30.7,40.19,0.36,0.65
61.3,30.7,40.19,0.36,0.65
61.4,30.7,40.19,0.36,0.65
61.5,30.7,40.18,0.36,0.65
61.6,30.7,40.18,0.36,0.66
61.7,30.7,40.18,0.36,0.66
61.8,30.7,40.17,0.36,0.66
61.9,30.7,40.16,0.36,0.67
62,30.7,40.15,0.36,0.67
62.1,30.7,40.15,0.36,0.67
62.2,30.7,40.14,0.36,0.67
62.3,30.7,40.12,0.36,0.68
62.4,30.7,40.11,0.36,0.68
62.5,30.7,40.1,0.36,0.68
62.6,30.7,40.09,0.36,0.69
62.7,30.7,40.07,0.37,0.69
62.8,30.7,40.05,0.37,0.69
62.9,30.7,40.04,0.37,0.7
63,30.7,40.02,0.37,0.7
63.1,30.7,40,0.37,0.7
63.2,30.7,39.97,0.37,0.71
63.3,30.7,39.95,0.37,0.71
63.4,30.7,39.93,0.37,0.71
63.5,30.7,39.9,0.37,0.71
63.6,30.7,39.87,0.37,0.72
63.7,30.7,39.84,0.37,0.72
63.8,30.7,39.81,0.38,0.72
63.9,30.7,39.78,0.38,0.73
64,30.7,39.75,0.38,0.73
64.1,30.7,39.71,0.38,0.73
64.2,30.7,39.67,0.38,0.74
64.3,30.7,39.64,0.38,0.74
64.4,30.7,39.59,0.38,0.74
64.5,30.7,39.55,0.38,0.75
64.6,30.7,39.51,0.39,0.75
64.7,30.7,39.46,0.39,0.75
64.8,30.7,39.41,0.39,0.76
64.9,30.7,39.37,0.39,0.76
65,30.7,39.31,0.39,0.76
65.1,30.7,39.26,0.39,0.77
65.2,30.7,39.2,0.4,0.77
65.3,30.7,39.15,0.4,0.77
65.4,30.7,39.09,0.4,0.78
65.5,30.7,39.03,0.4,0.78
65.6,30.7,38.96,0.4,0.78
65.7,30.7,38.89,0.4,0.79
65.8,30.7,38.83,0.41,0.79
65.9,30.7,38.76,0.41,0.79
66,30.7,38.68,0.41,0.8
66.1,30.7,38.61,0.41,0.8
58,30.8,40.06,0.35,0.56
58.1,30.8,40.07,0.35,0.57
58.2,30.8,40.07,0.35,0.57
58.3,30.8,40.08,0.35,0.57
58.4,30.8,40.08,0.35,0.57
58.5,30.8,40.09,0.35,0.58
58.6,30.8,40.09,0.35,0.58
58.7,30.8,40.1,0.35,0.58
58.8,30.8,40.1,0.35,0.58
58.9,30.8,40.11,0.35,0.59
59,30.8,40.11,0.35,0.59
59.1,30.8,40.12,0.35,0.59
59.2,30.8,40.13,0.35,0.59
59.3,30.8,40.13,0.35,0.6
59.4,30.8,40.14,0.35,0.6
59.5,30.8,40.14,0.35,0.6
59.6,30.8,40.15,0.35,0.6
59.7,30.8,40.16,0.35,0.61
59.8,30.8,40.16,0.35,0.61
59.9,30.8,40.17,0.35,0.61
60,30.8,40.17,0.35,0.61
60.1,30.8,40.17,0.35,0.62
60.2,30.8,40.18,0.35,0.62
60.3,30.8,40.18,0.35,0.62
60.4,30.8,40.19,0.35,0.62
60.5,30.8,40.19,0.35,0.63
60.6,30.8,40.19,0.35,0.63
60.7,30.8,40.19,0.35,0.63
60.8,30.8,40.19,0.35,0.64
60.9,30.8,40.19,0.36,0.64
61,30.8,40.19,0.36,0.64
61.1,30.8,40.19,0.36,0.64
61.2,30.8,40.19,0.36,0.65
61.3,30.8,40.19,0.36,0.65
61.4,30.8,40.19,0.36,0.65
61.5,30.8,40.18,0.36,0.65
61.6,30.8,40.18,0.36,0.66
61.7,30.8,40.17,0.36,0.66
61.8,30.8,40.17,0.36,0.66
61.9,30.8,40.16,0.36,0.67
62,30.8,40.15,0.36,0.67
62.1,30.8,40.15,0.36,0.67
62.2,30.8,40.14,0.36,0.68
62.3,30.8,40.12,0.36,0.68
62.4,30.8,40.11,0.36,0.68
62.5,30.8,40.1,0.36,0.68
62.6,30.8,40.09,0.36,0.69
62.7,30.8,40.07,0.36,0.69
62.8,30.8,40.05,0.37,0.69
62.9,30.8,40.04,0.37,0.7
63,30.8,40.02,0.37,0.7
63.1,30.8,40,0.37,0.7
63.2,30.8,39.97,0.37,0.71
63.3,30.8,39.95,0.37,0.71
63.4,30.8,39.93,0.37,0.71
63.5,30.8,39.9,0.37,0.71
63.6,30.8,39.87,0.37,0.72
63.7,30.8,39.84,0.37,0.72
63.8,30.8,39.81,0.38,0.72
63.9,30.8,39.78,0.38,0.73
64,30.8,39.75,0.38,0.73
64.1,30.8,39.71,0.38,0.73
64.2,30.8,39.68,0.38,0.74
64.3,30.8,39.64,0.38,0.74
64.4,30.8,39.6,0.38,0.74
64.5,30.8,39.55,0.39,0.75
64.6,30.8,39.51,0.39,0.75
64.7,30.8,39.46,0.39,0.75
64.8,30.8,39.42,0.39,0.76
64.9,30.8,39.37,0.39,0.76
65,30.8,39.32,0.39,0.76
65.1,30.8,39.26,0.39,0.77
65.2,30.8,39.21,0.4,0.77
65.3,30.8,39.15,0.4,0.77
65.4,30.8,39.09,0.4,0.78
65.5,30.8,39.03,0.4,0.78
65.6,30.8,38.96,0.4,0.78
65.7,30.8,38.9,0.41,0.79
65.8,30.8,38.83,0.41,0.79
65.9,30.8,38.76,0.41,0.79
66,30.8,38.69,0.41,0.8
66.1,30.8,38.61,0.42,0.8
58,30.9,40.06,0.35,0.56
58.1,30.9,40.06,0.35,0.57
58.2,30.9,40.07,0.35,0.57
58.3,30.9,40.07,0.35,0.57
58.4,30.9,40.08,0.35,0.57
58.5,30.9,40.08,0.35,0.58
58.6,30.9,40.09,0.35,0.58
58.7,30.9,40.1,0.35,0.58
58.8,30.9,40.1,0.35,0.58
58.9,30.9,40.11,0.35,0.59
59,30.9,40.11,0.35,0.59
59.1,30.9,40.12,0.35,0.59
59.2,30.9,40.13,0.35,0.59
59.3,30.9,40.13,0.35,0.6
59.4,30.9,40.14,0.35,0.6
59.5,30.9,40.14,0.35,0.6
59.6,30.9,40.15,0.35,0.6
59.7,30.9,40.15,0.35,0.61
59.8,30.9,40.16,0.35,0.61
59.9,30.9,40.16,0.35,0.61
60,30.9,40.17,0.35,0.61
60.1,30.9,40.17,0.35,0.62
60.2,30.9,40.18,0.35,0.62
60.3,30.9,40.18,0.35,0.62
60.4,30.9,40.19,0.35,0.63
60.5,30.9,40.19,0.35,0.63
60.6,30.9,40.19,0.35,0.63
60.7,30.9,40.19,0.35,0.63
60.8,30.9,40.19,0.35,0.64
60.9,30.9,40.19,0.35,0.64
61,30.9,40.19,0.35,0.64
61.1,30.9,40.19,0.35,0.64
61.2,30.9,40.19,0.36,0.65
61.3,30.9,40.19,0.36,0.65
61.4,30.9,40.19,0.36,0.65
61.5,30.9,40.18,0.36,0.66
61.6,30.9,40.18,0.36,0.66
61.7,30.9,40.17,0.36,0.66
61.8,30.9,40.17,0.36,0.66
61.9,30.9,40.16,0.36,0.67
62,30.9,40.15,0.36,0.67
62.1,30.9,40.15,0.36,0.67
62.2,30.9,40.14,0.36,0.68
62.3,30.9,40.12,0.36,0.68
62.4,30.9,40.11,0.36,0.68
62.5,30.9,40.1,0.36,0.68
62.6,30.9,40.09,0.36,0.69
62.7,30.9,40.07,0.36,0.69
62.8,30.9,40.05,0.37,0.69
62.9,30.9,40.04,0.37,0.7
63,30.9,40.02,0.37,0.7
63.1,30.9,40,0.37,0.7
63.2,30.9,39.97,0.37,0.71
63.3,30.9,39.95,0.37,0.71
63.4,30.9,39.93,0.37,0.71
63.5,30.9,39.9,0.37,0.71
63.6,30.9,39.87,0.37,0.72
63.7,30.9,39.85,0.38,0.72
63.8,30.9,39.81,0.38,0.72
63.9,30.9,39.78,0.38,0.73
64,30.9,39.75,0.38,0.73
64.1,30.9,39.71,0.38,0.73
64.2,30.9,39.68,0.38,0.74
64.3,30.9,39.64,0.38,0.74
64.4,30.9,39.6,0.38,0.74
64.5,30.9,39.56,0.39,0.75
64.6,30.9,39.51,0.39,0.75
64.7,30.9,39.47,0.39,0.75
64.8,30.9,39.42,0.39,0.76
64.9,30.9,39.37,0.39,0.76
65,30.9,39.32,0.39,0.76
65.1,30.9,39.26,0.4,0.77
65.2,30.9,39.21,0.4,0.77
65.3,30.9,39.15,0.4,0.77
65.4,30.9,39.09,0.4,0.78
65.5,30.9,39.03,0.4,0.78
65.6,30.9,38.97,0.41,0.78
65.7,30.9,38.9,0.41,0.79
65.8,30.9,38.83,0.41,0.79
65.9,30.9,38.76,0.41,0.79
66,30.9,38.69,0.41,0.8
66.1,30.9,38.61,0.42,0.8
58,31,40.06,0.35,0.57
58.1,31,40.06,0.35,0.57
58.2,31,40.07,0.35,0.57
58.3,31,40.07,0.35,0.57
58.4,31,40.08,0.35,0.57
58.5,31,40.08,0.35,0.58
58.6,31,40.09,0.35,0.58
58.7,31,40.1,0.35,0.58
58.8,31,40.1,0.35,0.58
58.9,31,40.11,0.35,0.59
59,31,40.11,0.35,0.59
59.1,31,40.12,0.35,0.59
59.2,31,40.13,0.35,0.59
59.3,31,40.13,0.35,0.6
59.4,31,40.14,0.35,0.6
59.5,31,40.14,0.35,0.6
59.6,31,40.15,0.35,0.6
59.7,31,40.15,0.35,0.61
59.8,31,40.16,0.35,0.61
59.9,31,40.16,0.35,0.61
60,31,40.17,0.35,0.62
60.1,31,40.17,0.35,0.62
60.2,31,40.18,0.35,0.62
60.3,31,40.18,0.35,0.62
60.4,31,40.19,0.35,0.63
60.5,31,40.19,0.35,0.63
60.6,31,40.19,0.35,0.63
60.7,31,40.19,0.35,0.63
60.8,31,40.19,0.35,0.64
60.9,31,40.19,0.35,0.64
61,31,40.19,0.35,0.64
61.1,31,40.19,0.35,0.64
61.2,31,40.19,0.35,0.65
61.3,31,40.19,0.35,0.65
61.4,31,40.19,0.35,0.65
61.5,31,40.18,0.36,0.66
61.6,31,40.18,0.36,0.66
61.7,31,40.18,0.36,0.66
61.8,31,40.17,0.36,0.66
61.9,31,40.16,0.36,0.67
62,31,40.16,0.36,0.67
62.1,31,40.15,0.36,0.67
62.2,31,40.14,0.36,0.68
62.3,31,40.13,0.36,0.68
62.4,31,40.11,0.36,0.68
62.5,31,40.1,0.36,0.68
62.6,31,40.09,0.36,0.69
62.7,31,40.07,0.36,0.69
62.8,31,40.05,0.37,0.69
62.9,31,40.04,0.37,0.7
63,31,40.02,0.37,0.7
63.1,31,40,0.37,0.7
63.2,31,39.98,0.37,0.71
63.3,31,39.95,0.37,0.71
63.4,31,39.93,0.37,0.71
63.5,31,39.9,0.37,0.72
63.6,31,39.88,0.37,0.72
63.7,31,39.85,0.38,0.72
63.8,31,39.82,0.38,0.72
63.9,31,39.78,0.38,0.73
64,31,39.75,0.38,0.73
64.1,31,39.72,0.38,0.73
64.2,31,39.68,0.38,0.74
64.3,31,39.64,0.38,0.74
64.4,31,39.6,0.39,0.74
64.5,31,39.56,0.39,0.75
64.6,31,39.51,0.39,0.75
64.7,31,39.47,0.39,0.75
64.8,31,39.42,0.39,0.76
64.9,31,39.37,0.39,0.76
65,31,39.32,0.4,0.76
65.1,31,39.27,0.4,0.77
65.2,31,39.21,0.4,0.77
65.3,31,39.15,0.4,0.77
65.4,31,39.09,0.4,0.78
65.5,31,39.03,0.41,0.78
65.6,31,38.97,0.41,0.78
65.7,31,38.9,0.41,0.79
65.8,31,38.83,0.41,0.79
65.9,31,38.76,0.41,0.79
66,31,38.69,0.42,0.8
66.1,31,38.62,0.42,0.8
58,31.1,40.06,0.34,0.57
58.1,31.1,40.06,0.34,0.57
58.2,31.1,40.07,0.34,0.57
58.3,31.1,40.07,0.34,0.57
58.4,31.1,40.08,0.34,0.58
58.5,31.1,40.08,0.34,0.58
58.6,31.1,40.09,0.34,0.58
58.7,31.1,40.1,0.34,0.58
58.8,31.1,40.1,0.34,0.59
58.9,31.1,40.11,0.34,0.59
59,31.1,40.11,0.34,0.59
59.1,31.1,40.12,0.34,0.59
59.2,31.1,40.13,0.34,0.6
59.3,31.1,40.13,0.35,0.6
59.4,31.1,40.14,0.35,0.6
59.5,31.1,40.14,0.35,0.6
59.6,31.1,40.15,0.35,0.61
59.7,31.1,40.15,0.35,0.61
59.8,31.1,40.16,0.35,0.61
59.9,31.1,40.17,0.35,0.61
60,31.1,40.17,0.35,0.62
60.1,31.1,40.17,0.35,0.62
60.2,31.1,40.18,0.35,0.62
60.3,31.1,40.18,0.35,0.62
60.4,31.1,40.19,0.35,0.63
60.5,31.1,40.19,0.35,0.63
60.6,31.1,40.19,0.35,0.63
60.7,31.1,40.19,0.35,0.63
60.8,31.1,40.19,0.35,0.64
60.9,31.1,40.2,0.35,0.64
61,31.1,40.2,0.35,0.64
61.1,31.1,40.19,0.35,0.65
61.2,31.1,40.19,0.35,0.65
61.3,31.1,40.19,0.35,0.65
61.4,31.1,40.19,0.35,0.65
61.5,31.1,40.19,0.35,0.66
61.6,31.1,40.18,0.36,0.66
61.7,31.1,40.18,0.36,0.66
61.8,31.1,40.17,0.36,0.67
61.9,31.1,40.16,0.36,0.67
62,31.1,40.16,0.36,0.67
62.1,31.1,40.15,0.36,0.67
62.2,31.1,40.14,0.36,0.68
62.3,31.1,40.13,0.36,0.68
62.4,31.1,40.12,0.36,0.68
62.5,31.1,40.1,0.36,0.69
62.6,31.1,40.09,0.36,0.69
62.7,31.1,40.07,0.36,0.69
62.8,31.1,40.06,0.37,0.69
62.9,31.1,40.04,0.37,0.7
63,31.1,40.02,0.37,0.7
63.1,31.1,40,0.37,0.7
63.2,31.1,39.98,0.37,0.71
63.3,31.1,39.96,0.37,0.71
63.4,31.1,39.93,0.37,0.71
63.5,31.1,39.91,0.37,0.72
63.6,31.1,39.88,0.37,0.72
63.7,31.1,39.85,0.38,0.72
63.8,31.1,39.82,0.38,0.72
63.9,31.1,39.79,0.38,0.73
64,31.1,39.75,0.38,0.73
64.1,31.1,39.72,0.38,0.73
64.2,31.1,39.68,0.38,0.74
64.3,31.1,39.64,0.38,0.74
64.4,31.1,39.6,0.39,0.74
64.5,31.1,39.56,0.39,0.75
64.6,31.1,39.52,0.39,0.75
64.7,31.1,39.47,0.39,0.75
64.8,31.1,39.42,0.39,0.76
64.9,31.1,39.37,0.4,0.76
65,31.1,39.32,0.4,0.76
65.1,31.1,39.27,0.4,0.77
65.2,31.1,39.21,0.4,0.77
65.3,31.1,39.16,0.4,0.77
65.4,31.1,39.1,0.4,0.78
65.5,31.1,39.04,0.41,0.78
65.6,31.1,38.97,0.41,0.78
65.7,31.1,38.91,0.41,0.79
65.8,31.1,38.84,0.41,0.79
65.9,31.1,38.77,0.42,0.79
66,31.1,38.7,0.42,0.8
66.1,31.1,38.62,0.42,0.8
58,31.2,40.06,0.34,0.57
58.1,31.2,40.06,0.34,0.57
58.2,31.2,40.07,0.34,0.57
58.3,31.2,40.07,0.34,0.57
58.4,31.2,40.08,0.34,0.58
58.5,31.2,40.08,0.34,0.58
58.6,31.2,40.09,0.34,0.58
58.7,31.2,40.1,0.34,0.58
58.8,31.2,40.1,0.34,0.59
58.9,31.2,40.11,0.34,0.59
59,31.2,40.11,0.34,0.59
59.1,31.2,40.12,0.34,0.59
59.2,31.2,40.13,0.34,0.6
59.3,31.2,40.13,0.34,0.6
59.4,31.2,40.14,0.34,0.6
59.5,31.2,40.14,0.34,0.6
59.6,31.2,40.15,0.34,0.61
59.7,31.2,40.16,0.34,0.61
59.8,31.2,40.16,0.34,0.61
59.9,31.2,40.17,0.34,0.61
60,31.2,40.17,0.35,0.62
60.1,31.2,40.18,0.35,0.62
60.2,31.2,40.18,0.35,0.62
60.3,31.2,40.18,0.35,0.62
60.4,31.2,40.19,0.35,0.63
60.5,31.2,40.19,0.35,0.63
60.6,31.2,40.19,0.35,0.63
60.7,31.2,40.19,0.35,0.64
60.8,31.2,40.2,0.35,0.64
60.9,31.2,40.2,0.35,0.64
61,31.2,40.2,0.35,0.64
61.1,31.2,40.2,0.35,0.65
61.2,31.2,40.2,0.35,0.65
61.3,31.2,40.19,0.35,0.65
61.4,31.2,40.19,0.35,0.65
61.5,31.2,40.19,0.35,0.66
61.6,31.2,40.18,0.35,0.66
61.7,31.2,40.18,0.36,0.66
61.8,31.2,40.17,0.36,0.67
61.9,31.2,40.17,0.36,0.67
62,31.2,40.16,0.36,0.67
62.1,31.2,40.15,0.36,0.67
62.2,31.2,40.14,0.36,0.68
62.3,31.2,40.13,0.36,0.68
62.4,31.2,40.12,0.36,0.68
62.5,31.2,40.1,0.36,0.69
62.6,31.2,40.09,0.36,0.69
62.7,31.2,40.08,0.36,0.69
62.8,31.2,40.06,0.37,0.69
62.9,31.2,40.04,0.37,0.7
63,31.2,40.02,0.37,0.7
63.1,31.2,40,0.37,0.7
63.2,31.2,39.98,0.37,0.71
63.3,31.2,39.96,0.37,0.71
63.4,31.2,39.93,0.37,0.71
63.5,31.2,39.91,0.37,0.72
63.6,31.2,39.88,0.38,0.72
63.7,31.2,39.85,0.38,0.72
63.8,31.2,39.82,0.38,0.72
63.9,31.2,39.79,0.38,0.73
64,31.2,39.76,0.38,0.73
64.1,31.2,39.72,0.38,0.73
64.2,31.2,39.68,0.38,0.74
64.3,31.2,39.65,0.39,0.74
64.4,31.2,39.61,0.39,0.74
64.5,31.2,39.56,0.39,0.75
64.6,31.2,39.52,0.39,0.75
64.7,31.2,39.47,0.39,0.75
64.8,31.2,39.43,0.39,0.76
64.9,31.2,39.38,0.4,0.76
65,31.2,39.33,0.4,0.76
65.1,31.2,39.27,0.4,0.77
65.2,31.2,39.22,0.4,0.77
65.3,31.2,39.16,0.4,0.77
65.4,31.2,39.1,0.41,0.78
65.5,31.2,39.04,0.41,0.78
65.6,31.2,38.98,0.41,0.78
65.7,31.2,38.91,0.41,0.79
65.8,31.2,38.84,0.42,0.79
65.9,31.2,38.77,0.42,0.79
66,31.2,38.7,0.42,0.8
66.1,31.2,38.63,0.42,0.8
58,31.3,40.06,0.34,0.57
58.1,31.3,40.07,0.34,0.57
58.2,31.3,40.07,0.34,0.57
58.3,31.3,40.08,0.34,0.58
58.4,31.3,40.08,0.34,0.58
58.5,31.3,40.09,0.34,0.58
58.6,31.3,40.09,0.34,0.58
58.7,31.3,40.1,0.34,0.59
58.8,31.3,40.1,0.34,0.59
58.9,31.3,40.11,0.34,0.59
59,31.3,40.12,0.34,0.59
59.1,31.3,40.12,0.34,0.6
59.2,31.3,40.13,0.34,0.6
59.3,31.3,40.13,0.34,0.6
59.4,31.3,40.14,0.34,0.6
59.5,31.3,40.15,0.34,0.6
59.6,31.3,40.15,0.34,0.61
59.7,31.3,40.16,0.34,0.61
59.8,31.3,40.16,0.34,0.61
59.9,31.3,40.17,0.34,0.62
60,31.3,40.17,0.34,0.62
60.1,31.3,40.18,0.34,0.62
60.2,31.3,40.18,0.34,0.62
60.3,31.3,40.19,0.34,0.63
60.4,31.3,40.19,0.35,0.63
60.5,31.3,40.19,0.35,0.63
60.6,31.3,40.19,0.35,0.63
60.7,31.3,40.2,0.35,0.64
60.8,31.3,40.2,0.35,0.64
60.9,31.3,40.2,0.35,0.64
61,31.3,40.2,0.35,0.64
61.1,31.3,40.2,0.35,0.65
61.2,31.3,40.2,0.35,0.65
61.3,31.3,40.2,0.35,0.65
61.4,31.3,40.19,0.35,0.66
61.5,31.3,40.19,0.35,0.66
61.6,31.3,40.19,0.35,0.66
61.7,31.3,40.18,0.35,0.66
61.8,31.3,40.17,0.36,0.67
61.9,31.3,40.17,0.36,0.67
62,31.3,40.16,0.36,0.67
62.1,31.3,40.15,0.36,0.67
62.2,31.3,40.14,0.36,0.68
62.3,31.3,40.13,0.36,0.68
62.4,31.3,40.12,0.36,0.68
62.5,31.3,40.11,0.36,0.69
62.6,31.3,40.09,0.36,0.69
62.7,31.3,40.08,0.36,0.69
62.8,31.3,40.06,0.37,0.69
62.9,31.3,40.04,0.37,0.7
63,31.3,40.03,0.37,0.7
63.1,31.3,40.01,0.37,0.7
63.2,31.3,39.98,0.37,0.71
63.3,31.3,39.96,0.37,0.71
63.4,31.3,39.94,0.37,0.71
63.5,31.3,39.91,0.37,0.72
63.6,31.3,39.88,0.38,0.72
63.7,31.3,39.86,0.38,0.72
63.8,31.3,39.83,0.38,0.72
63.9,31.3,39.79,0.38,0.73
64,31.3,39.76,0.38,0.73
64.1,31.3,39.73,0.38,0.73
64.2,31.3,39.69,0.38,0.74
64.3,31.3,39.65,0.39,0.74
64.4,31.3,39.61,0.39,0.74
64.5,31.3,39.57,0.39,0.75
64.6,31.3,39.52,0.39,0.75
64.7,31.3,39.48,0.39,0.75
64.8,31.3,39.43,0.4,0.76
64.9,31.3,39.38,0.4,0.76
65,31.3,39.33,0.4,0.76
65.1,31.3,39.28,0.4,0.77
65.2,31.3,39.22,0.4,0.77
65.3,31.3,39.17,0.41,0.77
65.4,31.3,39.11,0.41,0.78
65.5,31.3,39.05,0.41,0.78
65.6,31.3,38.98,0.41,0.78
65.7,31.3,38.92,0.41,0.79
65.8,31.3,38.85,0.42,0.79
65.9,31.3,38.78,0.42,0.79
66,31.3,38.71,0.42,0.8
66.1,31.3,38.63,0.42,0.8
58,31.4,40.06,0.34,0.57
58.1,31.4,40.07,0.34,0.57
58.2,31.4,40.07,0.34,0.57
58.3,31.4,40.08,0.34,0.58
58.4,31.4,40.08,0.34,0.58
58.5,31.4,40.09,0.34,0.58
58.6,31.4,40.09,0.34,0.58
58.7,31.4,40.1,0.34,0.59
58.8,31.4,40.11,0.34,0.59
58.9,31.4,40.11,0.34,0.59
59,31.4,40.12,0.34,0.59
59.1,31.4,40.12,0.34,0.6
59.2,31.4,40.13,0.34,0.6
59.3,31.4,40.14,0.34,0.6
59.4,31.4,40.14,0.34,0.6
59.5,31.4,40.15,0.34,0.61
59.6,31.4,40.15,0.34,0.61
59.7,31.4,40.16,0.34,0.61
59.8,31.4,40.16,0.34,0.61
59.9,31.4,40.17,0.34,0.62
60,31.4,40.17,0.34,0.62
60.1,31.4,40.18,0.34,0.62
60.2,31.4,40.18,0.34,0.62
60.3,31.4,40.19,0.34,0.63
60.4,31.4,40.19,0.34,0.63
60.5,31.4,40.19,0.34,0.63
60.6,31.4,40.2,0.35,0.63
60.7,31.4,40.2,0.35,0.64
60.8,31.4,40.2,0.35,0.64
60.9,31.4,40.2,0.35,0.64
61,31.4,40.2,0.35,0.64
61.1,31.4,40.2,0.35,0.65
61.2,31.4,40.2,0.35,0.65
61.3,31.4,40.2,0.35,0.65
61.4,31.4,40.2,0.35,0.66
61.5,31.4,40.19,0.35,0.66
61.6,31.4,40.19,0.35,0.66
61.7,31.4,40.18,0.35,0.66
61.8,31.4,40.18,0.35,0.67
61.9,31.4,40.17,0.36,0.67
62,31.4,40.16,0.36,0.67
62.1,31.4,40.15,0.36,0.68
62.2,31.4,40.15,0.36,0.68
62.3,31.4,40.13,0.36,0.68
62.4,31.4,40.12,0.36,0.68
62.5,31.4,40.11,0.36,0.69
62.6,31.4,40.1,0.36,0.69
62.7,31.4,40.08,0.36,0.69
62.8,31.4,40.07,0.37,0.7
62.9,31.4,40.05,0.37,0.7
63,31.4,40.03,0.37,0.7
63.1,31.4,40.01,0.37,0.7
63.2,31.4,39.99,0.37,0.71
63.3,31.4,39.96,0.37,0.71
63.4,31.4,39.94,0.37,0.71
63.5,31.4,39.91,0.37,0.72
63.6,31.4,39.89,0.38,0.72
63.7,31.4,39.86,0.38,0.72
63.8,31.4,39.83,0.38,0.73
63.9,31.4,39.8,0.38,0.73
64,31.4,39.76,0.38,0.73
64.1,31.4,39.73,0.38,0.73
64.2,31.4,39.69,0.39,0.74
64.3,31.4,39.65,0.39,0.74
64.4,31.4,39.61,0.39,0.74
64.5,31.4,39.57,0.39,0.75
64.6,31.4,39.53,0.39,0.75
64.7,31.4,39.48,0.39,0.75
64.8,31.4,39.44,0.4,0.76
64.9,31.4,39.39,0.4,0.76
65,31.4,39.34,0.4,0.76
65.1,31.4,39.28,0.4,0.77
65.2,31.4,39.23,0.4,0.77
65.3,31.4,39.17,0.41,0.77
65.4,31.4,39.11,0.41,0.78
65.5,31.4,39.05,0.41,0.78
65.6,31.4,38.99,0.41,0.78
65.7,31.4,38.92,0.42,0.79
65.8,31.4,38.85,0.42,0.79
65.9,31.4,38.78,0.42,0.79
66,31.4,38.71,0.42,0.8
66.1,31.4,38.64,0.43,0.8
58,31.5,40.06,0.33,0.57
58.1,31.5,40.07,0.33,0.57
58.2,31.5,40.07,0.33,0.58
58.3,31.5,40.08,0.33,0.58
58.4,31.5,40.08,0.33,0.58
58.5,31.5,40.09,0.33,0.58
58.6,31.5,40.1,0.33,0.59
58.7,31.5,40.1,0.33,0.59
58.8,31.5,40.11,0.33,0.59
58.9,31.5,40.11,0.33,0.59
59,31.5,40.12,0.33,0.59
59.1,31.5,40.13,0.34,0.6
59.2,31.5,40.13,0.34,0.6
59.3,31.5,40.14,0.34,0.6
59.4,31.5,40.14,0.34,0.6
59.5,31.5,40.15,0.34,0.61
59.6,31.5,40.16,0.34,0.61
59.7,31.5,40.16,0.34,0.61
59.8,31.5,40.17,0.34,0.61
59.9,31.5,40.17,0.34,0.62
60,31.5,40.18,0.34,0.62
60.1,31.5,40.18,0.34,0.62
60.2,31.5,40.19,0.34,0.62
60.3,31.5,40.19,0.34,0.63
60.4,31.5,40.19,0.34,0.63
60.5,31.5,40.2,0.34,0.63
60.6,31.5,40.2,0.34,0.64
60.7,31.5,40.2,0.34,0.64
60.8,31.5,40.2,0.35,0.64
60.9,31.5,40.2,0.35,0.64
61,31.5,40.2,0.35,0.65
61.1,31.5,40.2,0.35,0.65
61.2,31.5,40.2,0.35,0.65
61.3,31.5,40.2,0.35,0.65
61.4,31.5,40.2,0.35,0.66
61.5,31.5,40.2,0.35,0.66
61.6,31.5,40.19,0.35,0.66
61.7,31.5,40.19,0.35,0.66
61.8,31.5,40.18,0.35,0.67
61.9,31.5,40.17,0.35,0.67
62,31.5,40.17,0.36,0.67
62.1,31.5,40.16,0.36,0.68
62.2,31.5,40.15,0.36,0.68
62.3,31.5,40.14,0.36,0.68
62.4,31.5,40.13,0.36,0.68
62.5,31.5,40.11,0.36,0.69
62.6,31.5,40.1,0.36,0.69
62.7,31.5,40.09,0.36,0.69
62.8,31.5,40.07,0.37,0.7
62.9,31.5,40.05,0.37,0.7
63,31.5,40.03,0.37,0.7
63.1,31.5,40.01,0.37,0.7
63.2,31.5,39.99,0.37,0.71
63.3,31.5,39.97,0.37,0.71
63.4,31.5,39.94,0.37,0.71
63.5,31.5,39.92,0.37,0.72
63.6,31.5,39.89,0.38,0.72
63.7,31.5,39.86,0.38,0.72
63.8,31.5,39.83,0.38,0.73
63.9,31.5,39.8,0.38,0.73
64,31.5,39.77,0.38,0.73
64.1,31.5,39.73,0.38,0.73
64.2,31.5,39.7,0.39,0.74
64.3,31.5,39.66,0.39,0.74
64.4,31.5,39.62,0.39,0.74
64.5,31.5,39.58,0.39,0.75
64.6,31.5,39.53,0.39,0.75
64.7,31.5,39.49,0.4,0.75
64.8,31.5,39.44,0.4,0.76
64.9,31.5,39.39,0.4,0.76
65,31.5,39.34,0.4,0.76
65.1,31.5,39.29,0.4,0.77
65.2,31.5,39.23,0.41,0.77
65.3,31.5,39.18,0.41,0.77
65.4,31.5,39.12,0.41,0.78
65.5,31.5,39.06,0.41,0.78
65.6,31.5,38.99,0.41,0.78
65.7,31.5,38.93,0.42,0.79
65.8,31.5,38.86,0.42,0.79
65.9,31.5,38.79,0.42,0.79
66,31.5,38.72,0.42,0.8
66.1,31.5,38.64,0.43,0.8
58,31.6,40.07,0.33,0.57
58.1,31.6,40.07,0.33,0.58
58.2,31.6,40.08,0.33,0.58
58.3,31.6,40.08,0.33,0.58
58.4,31.6,40.09,0.33,0.58
58.5,31.6,40.09,0.33,0.58
58.6,31.6,40.1,0.33,0.59
58.7,31.6,40.1,0.33,0.59
58.8,31.6,40.11,0.33,0.59
58.9,31.6,40.12,0.33,0.59
59,31.6,40.12,0.33,0.6
59.1,31.6,40.13,0.33,0.6
59.2,31.6,40.13,0.33,0.6
59.3,31.6,40.14,0.33,0.6
59.4,31.6,40.15,0.33,0.61
59.5,31.6,40.15,0.33,0.61
59.6,31.6,40.16,0.34,0.61
59.7,31.6,40.16,0.34,0.61
59.8,31.6,40.17,0.34,0.62
59.9,31.6,40.18,0.34,0.62
60,31.6,40.18,0.34,0.62
60.1,31.6,40.18,0.34,0.62
60.2,31.6,40.19,0.34,0.63
60.3,31.6,40.19,0.34,0.63
60.4,31.6,40.2,0.34,0.63
60.5,31.6,40.2,0.34,0.63
60.6,31.6,40.2,0.34,0.64
60.7,31.6,40.2,0.34,0.64
60.8,31.6,40.21,0.34,0.64
60.9,31.6,40.21,0.34,0.64
61,31.6,40.21,0.35,0.65
61.1,31.6,40.21,0.35,0.65
61.2,31.6,40.21,0.35,0.65
61.3,31.6,40.2,0.35,0.65
61.4,31.6,40.2,0.35,0.66
61.5,31.6,40.2,0.35,0.66
61.6,31.6,40.2,0.35,0.66
61.7,31.6,40.19,0.35,0.67
61.8,31.6,40.18,0.35,0.67
61.9,31.6,40.18,0.35,0.67
62,31.6,40.17,0.36,0.67
62.1,31.6,40.16,0.36,0.68
62.2,31.6,40.15,0.36,0.68
62.3,31.6,40.14,0.36,0.68
62.4,31.6,40.13,0.36,0.68
62.5,31.6,40.12,0.36,0.69
62.6,31.6,40.1,0.36,0.69
62.7,31.6,40.09,0.36,0.69
62.8,31.6,40.07,0.37,0.7
62.9,31.6,40.06,0.37,0.7
63,31.6,40.04,0.37,0.7
63.1,31.6,40.02,0.37,0.71
63.2,31.6,40,0.37,0.71
63.3,31.6,39.97,0.37,0.71
63.4,31.6,39.95,0.37,0.71
63.5,31.6,39.92,0.38,0.72
63.6,31.6,39.9,0.38,0.72
63.7,31.6,39.87,0.38,0.72
63.8,31.6,39.84,0.38,0.73
63.9,31.6,39.81,0.38,0.73
64,31.6,39.77,0.38,0.73
64.1,31.6,39.74,0.39,0.74
64.2,31.6,39.7,0.39,0.74
64.3,31.6,39.66,0.39,0.74
64.4,31.6,39.62,0.39,0.74
64.5,31.6,39.58,0.39,0.75
64.6,31.6,39.54,0.39,0.75
64.7,31.6,39.49,0.4,0.75
64.8,31.6,39.45,0.4,0.76
64.9,31.6,39.4,0.4,0.76
65,31.6,39.35,0.4,0.76
65.1,31.6,39.29,0.4,0.77
65.2,31.6,39.24,0.41,0.77
65.3,31.6,39.18,0.41,0.77
65.4,31.6,39.12,0.41,0.78
65.5,31.6,39.06,0.41,0.78
65.6,31.6,39,0.42,0.78
65.7,31.6,38.93,0.42,0.79
65.8,31.6,38.87,0.42,0.79
65.9,31.6,38.8,0.42,0.79
66,31.6,38.72,0.43,0.8
66.1,31.6,38.65,0.43,0.8
58,31.7,40.07,0.33,0.57
58.1,31.7,40.07,0.33,0.58
58.2,31.7,40.08,0.33,0.58
58.3,31.7,40.08,0.33,0.58
58.4,31.7,40.09,0.33,0.58
58.5,31.7,40.1,0.33,0.59
58.6,31.7,40.1,0.33,0.59
58.7,31.7,40.11,0.33,0.59
58.8,31.7,40.11,0.33,0.59
58.9,31.7,40.12,0.33,0.59
59,31.7,40.13,0.33,0.6
59.1,31.7,40.13,0.33,0.6
59.2,31.7,40.14,0.33,0.6
59.3,31.7,40.14,0.33,0.6
59.4,31.7,40.15,0.33,0.61
59.5,31.7,40.16,0.33,0.61
59.6,31.7,40.16,0.33,0.61
59.7,31.7,40.17,0.33,0.61
59.8,31.7,40.17,0.33,0.62
59.9,31.7,40.18,0.34,0.62
60,31.7,40.18,0.34,0.62
60.1,31.7,40.19,0.34,0.62
60.2,31.7,40.19,0.34,0.63
60.3,31.7,40.2,0.34,0.63
60.4,31.7,40.2,0.34,0.63
60.5,31.7,40.2,0.34,0.63
60.6,31.7,40.21,0.34,0.64
60.7,31.7,40.21,0.34,0.64
60.8,31.7,40.21,0.34,0.64
60.9,31.7,40.21,0.34,0.64
61,31.7,40.21,0.34,0.65
61.1,31.7,40.21,0.35,0.65
61.2,31.7,40.21,0.35,0.65
61.3,31.7,40.21,0.35,0.66
61.4,31.7,40.21,0.35,0.66
61.5,31.7,40.2,0.35,0.66
61.6,31.7,40.2,0.35,0.66
61.7,31.7,40.19,0.35,0.67
61.8,31.7,40.19,0.35,0.67
61.9,31.7,40.18,0.35,0.67
62,31.7,40.18,0.35,0.67
62.1,31.7,40.17,0.36,0.68
62.2,31.7,40.16,0.36,0.68
62.3,31.7,40.15,0.36,0.68
62.4,31.7,40.14,0.36,0.69
62.5,31.7,40.12,0.36,0.69
62.6,31.7,40.11,0.36,0.69
62.7,31.7,40.09,0.36,0.69
62.8,31.7,40.08,0.37,0.7
62.9,31.7,40.06,0.37,0.7
63,31.7,40.04,0.37,0.7
63.1,31.7,40.02,0.37,0.71
63.2,31.7,40,0.37,0.71
63.3,31.7,39.98,0.37,0.71
63.4,31.7,39.95,0.37,0.71
63.5,31.7,39.93,0.38,0.72
63.6,31.7,39.9,0.38,0.72
63.7,31.7,39.87,0.38,0.72
63.8,31.7,39.84,0.38,0.73
63.9,31.7,39.81,0.38,0.73
64,31.7,39.78,0.38,0.73
64.1,31.7,39.74,0.39,0.74
64.2,31.7,39.71,0.39,0.74
64.3,31.7,39.67,0.39,0.74
64.4,31.7,39.63,0.39,0.74
64.5,31.7,39.59,0.39,0.75
64.6,31.7,39.55,0.4,0.75
64.7,31.7,39.5,0.4,0.75
64.8,31.7,39.45,0.4,0.76
64.9,31.7,39.4,0.4,0.76
65,31.7,39.35,0.4,0.76
65.1,31.7,39.3,0.41,0.77
65.2,31.7,39.25,0.41,0.77
65.3,31.7,39.19,0.41,0.77
65.4,31.7,39.13,0.41,0.78
65.5,31.7,39.07,0.42,0.78
65.6,31.7,39.01,0.42,0.78
65.7,31.7,38.94,0.42,0.79
65.8,31.7,38.87,0.42,0.79
65.9,31.7,38.8,0.43,0.79
66,31.7,38.73,0.43,0.8
66.1,31.7,38.66,0.43,0.8
58,31.8,40.07,0.32,0.58
58.1,31.8,40.08,0.32,0.58
58.2,31.8,40.08,0.32,0.58
58.3,31.8,40.09,0.32,0.58
58.4,31.8,40.09,0.32,0.58
58.5,31.8,40.1,0.33,0.59
58.6,31.8,40.11,0.33,0.59
58.7,31.8,40.11,0.33,0.59
58.8,31.8,40.12,0.33,0.59
58.9,31.8,40.12,0.33,0.6
59,31.8,40.13,0.33,0.6
59.1,31.8,40.14,0.33,0.6
59.2,31.8,40.14,0.33,0.6
59.3,31.8,40.15,0.33,0.61
59.4,31.8,40.15,0.33,0.61
59.5,31.8,40.16,0.33,0.61
59.6,31.8,40.17,0.33,0.61
59.7,31.8,40.17,0.33,0.62
59.8,31.8,40.18,0.33,0.62
59.9,31.8,40.18,0.33,0.62
60,31.8,40.19,0.33,0.62
60.1,31.8,40.19,0.33,0.63
60.2,31.8,40.2,0.34,0.63
60.3,31.8,40.2,0.34,0.63
60.4,31.8,40.2,0.34,0.63
60.5,31.8,40.21,0.34,0.64
60.6,31.8,40.21,0.34,0.64
60.7,31.8,40.21,0.34,0.64
60.8,31.8,40.21,0.34,0.64
60.9,31.8,40.22,0.34,0.65
61,31.8,40.22,0.34,0.65
61.1,31.8,40.22,0.34,0.65
61.2,31.8,40.21,0.35,0.65
61.3,31.8,40.21,0.35,0.66
61.4,31.8,40.21,0.35,0.66
61.5,31.8,40.21,0.35,0.66
61.6,31.8,40.2,0.35,0.66
61.7,31.8,40.2,0.35,0.67
61.8,31.8,40.19,0.35,0.67
61.9,31.8,40.19,0.35,0.67
62,31.8,40.18,0.35,0.68
62.1,31.8,40.17,0.36,0.68
62.2,31.8,40.16,0.36,0.68
62.3,31.8,40.15,0.36,0.68
62.4,31.8,40.14,0.36,0.69
62.5,31.8,40.13,0.36,0.69
62.6,31.8,40.11,0.36,0.69
62.7,31.8,40.1,0.36,0.69
62.8,31.8,40.08,0.36,0.7
62.9,31.8,40.07,0.37,0.7
63,31.8,40.05,0.37,0.7
63.1,31.8,40.03,0.37,0.71
63.2,31.8,40.01,0.37,0.71
63.3,31.8,39.98,0.37,0.71
63.4,31.8,39.96,0.37,0.71
63.5,31.8,39.94,0.38,0.72
63.6,31.8,39.91,0.38,0.72
63.7,31.8,39.88,0.38,0.72
63.8,31.8,39.85,0.38,0.73
63.9,31.8,39.82,0.38,0.73
64,31.8,39.79,0.38,0.73
64.1,31.8,39.75,0.39,0.74
64.2,31.8,39.71,0.39,0.74
64.3,31.8,39.68,0.39,0.74
64.4,31.8,39.64,0.39,0.74
64.5,31.8,39.6,0.39,0.75
64.6,31.8,39.55,0.4,0.75
64.7,31.8,39.51,0.4,0.75
64.8,31.8,39.46,0.4,0.76
64.9,31.8,39.41,0.4,0.76
65,31.8,39.36,0.4,0.76
65.1,31.8,39.31,0.41,0.77
65.2,31.8,39.25,0.41,0.77
65.3,31.8,39.2,0.41,0.77
65.4,31.8,39.14,0.41,0.78
65.5,31.8,39.08,0.42,0.78
65.6,31.8,39.01,0.42,0.78
65.7,31.8,38.95,0.42,0.79
65.8,31.8,38.88,0.42,0.79
65.9,31.8,38.81,0.43,0.79
66,31.8,38.74,0.43,0.8
66.1,31.8,38.66,0.43,0.8
58,31.9,40.08,0.32,0.58
58.1,31.9,40.08,0.32,0.58
58.2,31.9,40.09,0.32,0.58
58.3,31.9,40.09,0.32,0.58
58.4,31.9,40.1,0.32,0.59
58.5,31.9,40.1,0.32,0.59
58.6,31.9,40.11,0.32,0.59
58.7,31.9,40.12,0.32,0.59
58.8,31.9,40.12,0.32,0.6
58.9,31.9,40.13,0.32,0.6
59,31.9,40.13,0.33,0.6
59.1,31.9,40.14,0.33,0.6
59.2,31.9,40.15,0.33,0.6
59.3,31.9,40.15,0.33,0.61
59.4,31.9,40.16,0.33,0.61
59.5,31.9,40.17,0.33,0.61
59.6,31.9,40.17,0.33,0.61
59.7,31.9,40.18,0.33,0.62
59.8,31.9,40.18,0.33,0.62
59.9,31.9,40.19,0.33,0.62
60,31.9,40.19,0.33,0.62
60.1,31.9,40.2,0.33,0.63
60.2,31.9,40.2,0.33,0.63
60.3,31.9,40.21,0.34,0.63
60.4,31.9,40.21,0.34,0.63
60.5,31.9,40.21,0.34,0.64
60.6,31.9,40.22,0.34,0.64
60.7,31.9,40.22,0.34,0.64
60.8,31.9,40.22,0.34,0.64
60.9,31.9,40.22,0.34,0.65
61,31.9,40.22,0.34,0.65
61.1,31.9,40.22,0.34,0.65
61.2,31.9,40.22,0.34,0.65
61.3,31.9,40.22,0.35,0.66
61.4,31.9,40.22,0.35,0.66
61.5,31.9,40.21,0.35,0.66
61.6,31.9,40.21,0.35,0.67
61.7,31.9,40.21,0.35,0.67
61.8,31.9,40.2,0.35,0.67
61.9,31.9,40.19,0.35,0.67
62,31.9,40.19,0.35,0.68
62.1,31.9,40.18,0.35,0.68
62.2,31.9,40.17,0.36,0.68
62.3,31.9,40.16,0.36,0.68
62.4,31.9,40.15,0.36,0.69
62.5,31.9,40.13,0.36,0.69
62.6,31.9,40.12,0.36,0.69
62.7,31.9,40.11,0.36,0.7
62.8,31.9,40.09,0.36,0.7
62.9,31.9,40.07,0.37,0.7
63,31.9,40.05,0.37,0.7
63.1,31.9,40.03,0.37,0.71
63.2,31.9,40.01,0.37,0.71
63.3,31.9,39.99,0.37,0.71
63.4,31.9,39.97,0.37,0.72
63.5,31.9,39.94,0.38,0.72
63.6,31.9,39.91,0.38,0.72
63.7,31.9,39.89,0.38,0.72
63.8,31.9,39.86,0.38,0.73
63.9,31.9,39.83,0.38,0.73
64,31.9,39.79,0.39,0.73
64.1,31.9,39.76,0.39,0.74
64.2,31.9,39.72,0.39,0.74
64.3,31.9,39.68,0.39,0.74
64.4,31.9,39.64,0.39,0.75
64.5,31.9,39.6,0.39,0.75
64.6,31.9,39.56,0.4,0.75
64.7,31.9,39.51,0.4,0.75
64.8,31.9,39.47,0.4,0.76
64.9,31.9,39.42,0.4,0.76
65,31.9,39.37,0.41,0.76
65.1,31.9,39.32,0.41,0.77
65.2,31.9,39.26,0.41,0.77
65.3,31.9,39.2,0.41,0.77
65.4,31.9,39.15,0.42,0.78
65.5,31.9,39.08,0.42,0.78
65.6,31.9,39.02,0.42,0.78
65.7,31.9,38.96,0.42,0.79
65.8,31.9,38.89,0.43,0.79
65.9,31.9,38.82,0.43,0.79
66,31.9,38.75,0.43,0.8
66.1,31.9,38.67,0.43,0.8
58,32,40.08,0.32,0.58
58.1,32,40.09,0.32,0.58
58.2,32,40.09,0.32,0.58
58.3,32,40.1,0.32,0.59
58.4,32,40.1,0.32,0.59
58.5,32,40.11,0.32,0.59
58.6,32,40.11,0.32,0.59
58.7,32,40.12,0.32,0.59
58.8,32,40.13,0.32,0.6
58.9,32,40.13,0.32,0.6
59,32,40.14,0.32,0.6
59.1,32,40.15,0.32,0.6
59.2,32,40.15,0.32,0.61
59.3,32,40.16,0.33,0.61
59.4,32,40.16,0.33,0.61
59.5,32,40.17,0.33,0.61
59.6,32,40.18,0.33,0.62
59.7,32,40.18,0.33,0.62
59.8,32,40.19,0.33,0.62
59.9,32,40.19,0.33,0.62
60,32,40.2,0.33,0.63
60.1,32,40.2,0.33,0.63
60.2,32,40.21,0.33,0.63
60.3,32,40.21,0.33,0.63
60.4,32,40.21,0.33,0.63
60.5,32,40.22,0.34,0.64
60.6,32,40.22,0.34,0.64
60.7,32,40.22,0.34,0.64
60.8,32,40.22,0.34,0.65
60.9,32,40.23,0.34,0.65
61,32,40.23,0.34,0.65
61.1,32,40.23,0.34,0.65
61.2,32,40.23,0.34,0.66
61.3,32,40.22,0.34,0.66
61.4,32,40.22,0.35,0.66
61.5,32,40.22,0.35,0.66
61.6,32,40.22,0.35,0.67
61.7,32,40.21,0.35,0.67
61.8,32,40.21,0.35,0.67
61.9,32,40.2,0.35,0.67
62,32,40.19,0.35,0.68
62.1,32,40.18,0.35,0.68
62.2,32,40.17,0.36,0.68
62.3,32,40.16,0.36,0.68
62.4,32,40.15,0.36,0.69
62.5,32,40.14,0.36,0.69
62.6,32,40.13,0.36,0.69
62.7,32,40.11,0.36,0.7
62.8,32,40.1,0.36,0.7
62.9,32,40.08,0.37,0.7
63,32,40.06,0.37,0.7
63.1,32,40.04,0.37,0.71
63.2,32,40.02,0.37,0.71
63.3,32,40,0.37,0.71
63.4,32,39.97,0.37,0.72
63.5,32,39.95,0.38,0.72
63.6,32,39.92,0.38,0.72
63.7,32,39.89,0.38,0.72
63.8,32,39.86,0.38,0.73
63.9,32,39.83,0.38,0.73
64,32,39.8,0.39,0.73
64.1,32,39.77,0.39,0.74
64.2,32,39.73,0.39,0.74
64.3,32,39.69,0.39,0.74
64.4,32,39.65,0.39,0.75
64.5,32,39.61,0.4,0.75
64.6,32,39.57,0.4,0.75
64.7,32,39.52,0.4,0.75
64.8,32,39.48,0.4,0.76
64.9,32,39.43,0.4,0.76
65,32,39.38,0.41,0.76
65.1,32,39.32,0.41,0.77
65.2,32,39.27,0.41,0.77
65.3,32,39.21,0.41,0.77
65.4,32,39.15,0.42,0.78
65.5,32,39.09,0.42,0.78
65.6,32,39.03,0.42,0.78
65.7,32,38.96,0.42,0.79
65.8,32,38.9,0.43,0.79
65.9,32,38.83,0.43,0.79
66,32,38.76,0.43,0.8
66.1,32,38.68,0.43,0.8
58,32.1,40.09,0.32,0.58
58.1,32.1,40.09,0.32,0.58
58.2,32.1,40.1,0.32,0.58
58.3,32.1,40.1,0.32,0.59
58.4,32.1,40.11,0.32,0.59
58.5,32.1,40.11,0.32,0.59
58.6,32.1,40.12,0.32,0.59
58.7,32.1,40.13,0.32,0.6
58.8,32.1,40.13,0.32,0.6
58.9,32.1,40.14,0.32,0.6
59,32.1,40.14,0.32,0.6
59.1,32.1,40.15,0.32,0.6
59.2,32.1,40.16,0.32,0.61
59.3,32.1,40.16,0.32,0.61
59.4,32.1,40.17,0.32,0.61
59.5,32.1,40.18,0.32,0.61
59.6,32.1,40.18,0.33,0.62
59.7,32.1,40.19,0.33,0.62
59.8,32.1,40.19,0.33,0.62
59.9,32.1,40.2,0.33,0.62
60,32.1,40.2,0.33,0.63
60.1,32.1,40.21,0.33,0.63
60.2,32.1,40.21,0.33,0.63
60.3,32.1,40.22,0.33,0.63
60.4,32.1,40.22,0.33,0.64
60.5,32.1,40.22,0.33,0.64
60.6,32.1,40.23,0.34,0.64
60.7,32.1,40.23,0.34,0.64
60.8,32.1,40.23,0.34,0.65
60.9,32.1,40.23,0.34,0.65
61,32.1,40.23,0.34,0.65
61.1,32.1,40.23,0.34,0.65
61.2,32.1,40.23,0.34,0.66
61.3,32.1,40.23,0.34,0.66
61.4,32.1,40.23,0.34,0.66
61.5,32.1,40.23,0.35,0.66
61.6,32.1,40.22,0.35,0.67
61.7,32.1,40.22,0.35,0.67
61.8,32.1,40.21,0.35,0.67
61.9,32.1,40.21,0.35,0.67
62,32.1,40.2,0.35,0.68
62.1,32.1,40.19,0.35,0.68
62.2,32.1,40.18,0.36,0.68
62.3,32.1,40.17,0.36,0.69
62.4,32.1,40.16,0.36,0.69
62.5,32.1,40.15,0.36,0.69
62.6,32.1,40.13,0.36,0.69
62.7,32.1,40.12,0.36,0.7
62.8,32.1,40.1,0.36,0.7
62.9,32.1,40.09,0.37,0.7
63,32.1,40.07,0.37,0.71
63.1,32.1,40.05,0.37,0.71
63.2,32.1,40.03,0.37,0.71
63.3,32.1,40,0.37,0.71
63.4,32.1,39.98,0.37,0.72
63.5,32.1,39.96,0.38,0.72
63.6,32.1,39.93,0.38,0.72
63.7,32.1,39.9,0.38,0.73
63.8,32.1,39.87,0.38,0.73
63.9,32.1,39.84,0.38,0.73
64,32.1,39.81,0.39,0.73
64.1,32.1,39.77,0.39,0.74
64.2,32.1,39.74,0.39,0.74
64.3,32.1,39.7,0.39,0.74
64.4,32.1,39.66,0.39,0.75
64.5,32.1,39.62,0.4,0.75
64.6,32.1,39.58,0.4,0.75
64.7,32.1,39.53,0.4,0.76
64.8,32.1,39.48,0.4,0.76
64.9,32.1,39.43,0.41,0.76
65,32.1,39.38,0.41,0.76
65.1,32.1,39.33,0.41,0.77
65.2,32.1,39.28,0.41,0.77
65.3,32.1,39.22,0.42,0.77
65.4,32.1,39.16,0.42,0.78
65.5,32.1,39.1,0.42,0.78
65.6,32.1,39.04,0.42,0.78
65.7,32.1,38.97,0.43,0.79
65.8,32.1,38.91,0.43,0.79
65.9,32.1,38.84,0.43,0.79
66,32.1,38.77,0.43,0.8
66.1,32.1,38.69,0.44,0.8
58,32.2,40.09,0.31,0.58
58.1,32.2,40.1,0.31,0.58
58.2,32.2,40.1,0.31,0.59
58.3,32.2,40.11,0.31,0.59
58.4,32.2,40.11,0.31,0.59
58.5,32.2,40.12,0.32,0.59
58.6,32.2,40.13,0.32,0.59
58.7,32.2,40.13,0.32,0.6
58.8,32.2,40.14,0.32,0.6
58.9,32.2,40.14,0.32,0.6
59,32.2,40.15,0.32,0.6
59.1,32.2,40.16,0.32,0.61
59.2,32.2,40.16,0.32,0.61
59.3,32.2,40.17,0.32,0.61
59.4,32.2,40.18,0.32,0.61
59.5,32.2,40.18,0.32,0.62
59.6,32.2,40.19,0.32,0.62
59.7,32.2,40.19,0.32,0.62
59.8,32.2,40.2,0.33,0.62
59.9,32.2,40.2,0.33,0.63
60,32.2,40.21,0.33,0.63
60.1,32.2,40.21,0.33,0.63
60.2,32.2,40.22,0.33,0.63
60.3,32.2,40.22,0.33,0.63
60.4,32.2,40.23,0.33,0.64
60.5,32.2,40.23,0.33,0.64
60.6,32.2,40.23,0.33,0.64
60.7,32.2,40.24,0.34,0.64
60.8,32.2,40.24,0.34,0.65
60.9,32.2,40.24,0.34,0.65
61,32.2,40.24,0.34,0.65
61.1,32.2,40.24,0.34,0.65
61.2,32.2,40.24,0.34,0.66
61.3,32.2,40.24,0.34,0.66
61.4,32.2,40.24,0.34,0.66
61.5,32.2,40.23,0.35,0.67
61.6,32.2,40.23,0.35,0.67
61.7,32.2,40.22,0.35,0.67
61.8,32.2,40.22,0.35,0.67
61.9,32.2,40.21,0.35,0.68
62,32.2,40.21,0.35,0.68
62.1,32.2,40.2,0.35,0.68
62.2,32.2,40.19,0.36,0.68
62.3,32.2,40.18,0.36,0.69
62.4,32.2,40.17,0.36,0.69
62.5,32.2,40.15,0.36,0.69
62.6,32.2,40.14,0.36,0.69
62.7,32.2,40.13,0.36,0.7
62.8,32.2,40.11,0.36,0.7
62.9,32.2,40.09,0.37,0.7
63,32.2,40.08,0.37,0.71
63.1,32.2,40.06,0.37,0.71
63.2,32.2,40.03,0.37,0.71
63.3,32.2,40.01,0.37,0.71
63.4,32.2,39.99,0.38,0.72
63.5,32.2,39.96,0.38,0.72
63.6,32.2,39.94,0.38,0.72
63.7,32.2,39.91,0.38,0.73
63.8,32.2,39.88,0.38,0.73
63.9,32.2,39.85,0.38,0.73
64,32.2,39.82,0.39,0.73
64.1,32.2,39.78,0.39,0.74
64.2,32.2,39.75,0.39,0.74
64.3,32.2,39.71,0.39,0.74
64.4,32.2,39.67,0.4,0.75
64.5,32.2,39.63,0.4,0.75
64.6,32.2,39.58,0.4,0.75
64.7,32.2,39.54,0.4,0.76
64.8,32.2,39.49,0.4,0.76
64.9,32.2,39.44,0.41,0.76
65,32.2,39.39,0.41,0.76
65.1,32.2,39.34,0.41,0.77
65.2,32.2,39.29,0.41,0.77
65.3,32.2,39.23,0.42,0.77
65.4,32.2,39.17,0.42,0.78
65.5,32.2,39.11,0.42,0.78
65.6,32.2,39.05,0.42,0.78
65.7,32.2,38.98,0.43,0.79
65.8,32.2,38.92,0.43,0.79
65.9,32.2,38.85,0.43,0.79
66,32.2,38.77,0.43,0.8
66.1,32.2,38.7,0.44,0.8
58,32.3,40.1,0.31,0.58
58.1,32.3,40.1,0.31,0.59
58.2,32.3,40.11,0.31,0.59
58.3,32.3,40.11,0.31,0.59
58.4,32.3,40.12,0.31,0.59
58.5,32.3,40.13,0.31,0.59
58.6,32.3,40.13,0.31,0.6
58.7,32.3,40.14,0.31,0.6
58.8,32.3,40.14,0.32,0.6
58.9,32.3,40.15,0.32,0.6
59,32.3,40.16,0.32,0.61
59.1,32.3,40.16,0.32,0.61
59.2,32.3,40.17,0.32,0.61
59.3,32.3,40.18,0.32,0.61
59.4,32.3,40.18,0.32,0.61
59.5,32.3,40.19,0.32,0.62
59.6,32.3,40.19,0.32,0.62
59.7,32.3,40.2,0.32,0.62
59.8,32.3,40.21,0.32,0.62
59.9,32.3,40.21,0.32,0.63
60,32.3,40.22,0.33,0.63
60.1,32.3,40.22,0.33,0.63
60.2,32.3,40.23,0.33,0.63
60.3,32.3,40.23,0.33,0.64
60.4,32.3,40.23,0.33,0.64
60.5,32.3,40.24,0.33,0.64
60.6,32.3,40.24,0.33,0.64
60.7,32.3,40.24,0.33,0.65
60.8,32.3,40.24,0.34,0.65
60.9,32.3,40.25,0.34,0.65
61,32.3,40.25,0.34,0.65
61.1,32.3,40.25,0.34,0.66
61.2,32.3,40.25,0.34,0.66
61.3,32.3,40.24,0.34,0.66
61.4,32.3,40.24,0.34,0.66
61.5,32.3,40.24,0.34,0.67
61.6,32.3,40.24,0.35,0.67
61.7,32.3,40.23,0.35,0.67
61.8,32.3,40.23,0.35,0.67
61.9,32.3,40.22,0.35,0.68
62,32.3,40.21,0.35,0.68
62.1,32.3,40.2,0.35,0.68
62.2,32.3,40.2,0.35,0.68
62.3,32.3,40.19,0.36,0.69
62.4,32.3,40.17,0.36,0.69
62.5,32.3,40.16,0.36,0.69
62.6,32.3,40.15,0.36,0.7
62.7,32.3,40.13,0.36,0.7
62.8,32.3,40.12,0.36,0.7
62.9,32.3,40.1,0.37,0.7
63,32.3,40.08,0.37,0.71
63.1,32.3,40.06,0.37,0.71
63.2,32.3,40.04,0.37,0.71
63.3,32.3,40.02,0.37,0.72
63.4,32.3,40,0.38,0.72
63.5,32.3,39.97,0.38,0.72
63.6,32.3,39.95,0.38,0.72
63.7,32.3,39.92,0.38,0.73
63.8,32.3,39.89,0.38,0.73
63.9,32.3,39.86,0.39,0.73
64,32.3,39.82,0.39,0.74
64.1,32.3,39.79,0.39,0.74
64.2,32.3,39.75,0.39,0.74
64.3,32.3,39.72,0.39,0.74
64.4,32.3,39.68,0.4,0.75
64.5,32.3,39.64,0.4,0.75
64.6,32.3,39.59,0.4,0.75
64.7,32.3,39.55,0.4,0.76
64.8,32.3,39.5,0.41,0.76
64.9,32.3,39.45,0.41,0.76
65,32.3,39.4,0.41,0.77
65.1,32.3,39.35,0.41,0.77
65.2,32.3,39.3,0.41,0.77
65.3,32.3,39.24,0.42,0.77
65.4,32.3,39.18,0.42,0.78
65.5,32.3,39.12,0.42,0.78
65.6,32.3,39.06,0.43,0.78
65.7,32.3,38.99,0.43,0.79
65.8,32.3,38.93,0.43,0.79
65.9,32.3,38.86,0.43,0.79
66,32.3,38.78,0.44,0.8
66.1,32.3,38.71,0.44,0.8
58,32.4,40.11,0.31,0.59
58.1,32.4,40.11,0.31,0.59
58.2,32.4,40.12,0.31,0.59
58.3,32.4,40.12,0.31,0.59
58.4,32.4,40.13,0.31,0.59
58.5,32.4,40.13,0.31,0.6
58.6,32.4,40.14,0.31,0.6
58.7,32.4,40.14,0.31,0.6
58.8,32.4,40.15,0.31,0.6
58.9,32.4,40.16,0.31,0.6
59,32.4,40.16,0.31,0.61
59.1,32.4,40.17,0.32,0.61
59.2,32.4,40.18,0.32,0.61
59.3,32.4,40.18,0.32,0.61
59.4,32.4,40.19,0.32,0.62
59.5,32.4,40.2,0.32,0.62
59.6,32.4,40.2,0.32,0.62
59.7,32.4,40.21,0.32,0.62
59.8,32.4,40.21,0.32,0.63
59.9,32.4,40.22,0.32,0.63
60,32.4,40.22,0.32,0.63
60.1,32.4,40.23,0.33,0.63
60.2,32.4,40.23,0.33,0.63
60.3,32.4,40.24,0.33,0.64
60.4,32.4,40.24,0.33,0.64
60.5,32.4,40.24,0.33,0.64
60.6,32.4,40.25,0.33,0.64
60.7,32.4,40.25,0.33,0.65
60.8,32.4,40.25,0.33,0.65
60.9,32.4,40.25,0.34,0.65
61,32.4,40.25,0.34,0.65
61.1,32.4,40.25,0.34,0.66
61.2,32.4,40.25,0.34,0.66
61.3,32.4,40.25,0.34,0.66
61.4,32.4,40.25,0.34,0.66
61.5,32.4,40.25,0.34,0.67
61.6,32.4,40.24,0.35,0.67
61.7,32.4,40.24,0.35,0.67
61.8,32.4,40.23,0.35,0.68
61.9,32.4,40.23,0.35,0.68
62,32.4,40.22,0.35,0.68
62.1,32.4,40.21,0.35,0.68
62.2,32.4,40.2,0.35,0.69
62.3,32.4,40.19,0.36,0.69
62.4,32.4,40.18,0.36,0.69
62.5,32.4,40.17,0.36,0.69
62.6,32.4,40.16,0.36,0.7
62.7,32.4,40.14,0.36,0.7
62.8,32.4,40.13,0.36,0.7
62.9,32.4,40.11,0.37,0.7
63,32.4,40.09,0.37,0.71
63.1,32.4,40.07,0.37,0.71
63.2,32.4,40.05,0.37,0.71
63.3,32.4,40.03,0.37,0.72
63.4,32.4,40.01,0.38,0.72
63.5,32.4,39.98,0.38,0.72
63.6,32.4,39.95,0.38,0.72
63.7,32.4,39.93,0.38,0.73
63.8,32.4,39.9,0.38,0.73
63.9,32.4,39.87,0.39,0.73
64,32.4,39.83,0.39,0.74
64.1,32.4,39.8,0.39,0.74
64.2,32.4,39.76,0.39,0.74
64.3,32.4,39.73,0.39,0.74
64.4,32.4,39.69,0.4,0.75
64.5,32.4,39.65,0.4,0.75
64.6,32.4,39.6,0.4,0.75
64.7,32.4,39.56,0.4,0.76
64.8,32.4,39.51,0.41,0.76
64.9,32.4,39.46,0.41,0.76
65,32.4,39.41,0.41,0.77
65.1,32.4,39.36,0.41,0.77
65.2,32.4,39.31,0.42,0.77
65.3,32.4,39.25,0.42,0.78
65.4,32.4,39.19,0.42,0.78
65.5,32.4,39.13,0.42,0.78
65.6,32.4,39.07,0.43,0.78
65.7,32.4,39,0.43,0.79
65.8,32.4,38.94,0.43,0.79
65.9,32.4,38.87,0.43,0.79
66,32.4,38.8,0.44,0.8
66.1,32.4,38.72,0.44,0.8
58,32.5,40.11,0.31,0.59
58.1,32.5,40.12,0.31,0.59
58.2,32.5,40.12,0.31,0.59
58.3,32.5,40.13,0.31,0.59
58.4,32.5,40.13,0.31,0.6
58.5,32.5,40.14,0.31,0.6
58.6,32.5,40.15,0.31,0.6
58.7,32.5,40.15,0.31,0.6
58.8,32.5,40.16,0.31,0.6
58.9,32.5,40.16,0.31,0.61
59,32.5,40.17,0.31,0.61
59.1,32.5,40.18,0.31,0.61
59.2,32.5,40.18,0.31,0.61
59.3,32.5,40.19,0.32,0.62
59.4,32.5,40.2,0.32,0.62
59.5,32.5,40.2,0.32,0.62
59.6,32.5,40.21,0.32,0.62
59.7,32.5,40.21,0.32,0.62
59.8,32.5,40.22,0.32,0.63
59.9,32.5,40.23,0.32,0.63
60,32.5,40.23,0.32,0.63
60.1,32.5,40.24,0.32,0.63
60.2,32.5,40.24,0.33,0.64
60.3,32.5,40.25,0.33,0.64
60.4,32.5,40.25,0.33,0.64
60.5,32.5,40.25,0.33,0.64
60.6,32.5,40.26,0.33,0.65
60.7,32.5,40.26,0.33,0.65
60.8,32.5,40.26,0.33,0.65
60.9,32.5,40.26,0.33,0.65
61,32.5,40.26,0.34,0.66
61.1,32.5,40.26,0.34,0.66
61.2,32.5,40.26,0.34,0.66
61.3,32.5,40.26,0.34,0.66
61.4,32.5,40.26,0.34,0.67
61.5,32.5,40.26,0.34,0.67
61.6,32.5,40.25,0.34,0.67
61.7,32.5,40.25,0.35,0.67
61.8,32.5,40.24,0.35,0.68
61.9,32.5,40.24,0.35,0.68
62,32.5,40.23,0.35,0.68
62.1,32.5,40.22,0.35,0.68
62.2,32.5,40.21,0.35,0.69
62.3,32.5,40.2,0.36,0.69
62.4,32.5,40.19,0.36,0.69
62.5,32.5,40.18,0.36,0.69
62.6,32.5,40.17,0.36,0.7
62.7,32.5,40.15,0.36,0.7
62.8,32.5,40.14,0.36,0.7
62.9,32.5,40.12,0.37,0.71
63,32.5,40.1,0.37,0.71
63.1,32.5,40.08,0.37,0.71
63.2,32.5,40.06,0.37,0.71
63.3,32.5,40.04,0.37,0.72
63.4,32.5,40.01,0.38,0.72
63.5,32.5,39.99,0.38,0.72
63.6,32.5,39.96,0.38,0.73
63.7,32.5,39.94,0.38,0.73
63.8,32.5,39.91,0.38,0.73
63.9,32.5,39.88,0.39,0.73
64,32.5,39.84,0.39,0.74
64.1,32.5,39.81,0.39,0.74
64.2,32.5,39.77,0.39,0.74
64.3,32.5,39.74,0.4,0.75
64.4,32.5,39.7,0.4,0.75
64.5,32.5,39.66,0.4,0.75
64.6,32.5,39.61,0.4,0.75
64.7,32.5,39.57,0.4,0.76
64.8,32.5,39.52,0.41,0.76
64.9,32.5,39.47,0.41,0.76
65,32.5,39.42,0.41,0.77
65.1,32.5,39.37,0.41,0.77
65.2,32.5,39.32,0.42,0.77
65.3,32.5,39.26,0.42,0.78
65.4,32.5,39.2,0.42,0.78
65.5,32.5,39.14,0.42,0.78
65.6,32.5,39.08,0.43,0.78
65.7,32.5,39.01,0.43,0.79
65.8,32.5,38.95,0.43,0.79
65.9,32.5,38.88,0.44,0.79
66,32.5,38.81,0.44,0.8
66.1,32.5,38.73,0.44,0.8
58,32.6,40.12,0.3,0.59
58.1,32.6,40.13,0.3,0.59
58.2,32.6,40.13,0.3,0.59
58.3,32.6,40.14,0.3,0.59
58.4,32.6,40.14,0.31,0.6
58.5,32.6,40.15,0.31,0.6
58.6,32.6,40.15,0.31,0.6
58.7,32.6,40.16,0.31,0.6
58.8,32.6,40.17,0.31,0.61
58.9,32.6,40.17,0.31,0.61
59,32.6,40.18,0.31,0.61
59.1,32.6,40.19,0.31,0.61
59.2,32.6,40.19,0.31,0.61
59.3,32.6,40.2,0.31,0.62
59.4,32.6,40.2,0.31,0.62
59.5,32.6,40.21,0.32,0.62
59.6,32.6,40.22,0.32,0.62
59.7,32.6,40.22,0.32,0.63
59.8,32.6,40.23,0.32,0.63
59.9,32.6,40.23,0.32,0.63
60,32.6,40.24,0.32,0.63
60.1,32.6,40.24,0.32,0.64
60.2,32.6,40.25,0.32,0.64
60.3,32.6,40.25,0.33,0.64
60.4,32.6,40.26,0.33,0.64
60.5,32.6,40.26,0.33,0.64
60.6,32.6,40.26,0.33,0.65
60.7,32.6,40.27,0.33,0.65
60.8,32.6,40.27,0.33,0.65
60.9,32.6,40.27,0.33,0.65
61,32.6,40.27,0.33,0.66
61.1,32.6,40.27,0.34,0.66
61.2,32.6,40.27,0.34,0.66
61.3,32.6,40.27,0.34,0.66
61.4,32.6,40.27,0.34,0.67
61.5,32.6,40.26,0.34,0.67
61.6,32.6,40.26,0.34,0.67
61.7,32.6,40.26,0.35,0.67
61.8,32.6,40.25,0.35,0.68
61.9,32.6,40.25,0.35,0.68
62,32.6,40.24,0.35,0.68
62.1,32.6,40.23,0.35,0.69
62.2,32.6,40.22,0.35,0.69
62.3,32.6,40.21,0.36,0.69
62.4,32.6,40.2,0.36,0.69
62.5,32.6,40.19,0.36,0.7
62.6,32.6,40.18,0.36,0.7
62.7,32.6,40.16,0.36,0.7
62.8,32.6,40.15,0.36,0.7
62.9,32.6,40.13,0.37,0.71
63,32.6,40.11,0.37,0.71
63.1,32.6,40.09,0.37,0.71
63.2,32.6,40.07,0.37,0.71
63.3,32.6,40.05,0.37,0.72
63.4,32.6,40.02,0.38,0.72
63.5,32.6,40,0.38,0.72
63.6,32.6,39.97,0.38,0.73
63.7,32.6,39.95,0.38,0.73
63.8,32.6,39.92,0.38,0.73
63.9,32.6,39.89,0.39,0.73
64,32.6,39.85,0.39,0.74
64.1,32.6,39.82,0.39,0.74
64.2,32.6,39.78,0.39,0.74
64.3,32.6,39.75,0.4,0.75
64.4,32.6,39.71,0.4,0.75
64.5,32.6,39.67,0.4,0.75
64.6,32.6,39.62,0.4,0.75
64.7,32.6,39.58,0.41,0.76
64.8,32.6,39.53,0.41,0.76
64.9,32.6,39.48,0.41,0.76
65,32.6,39.43,0.41,0.77
65.1,32.6,39.38,0.42,0.77
65.2,32.6,39.33,0.42,0.77
65.3,32.6,39.27,0.42,0.78
65.4,32.6,39.21,0.42,0.78
65.5,32.6,39.15,0.43,0.78
65.6,32.6,39.09,0.43,0.79
65.7,32.6,39.03,0.43,0.79
65.8,32.6,38.96,0.43,0.79
65.9,32.6,38.89,0.44,0.79
66,32.6,38.82,0.44,0.8
66.1,32.6,38.74,0.44,0.8
58,32.7,40.13,0.3,0.59
58.1,32.7,40.13,0.3,0.59
58.2,32.7,40.14,0.3,0.59
58.3,32.7,40.14,0.3,0.6
58.4,32.7,40.15,0.3,0.6
58.5,32.7,40.16,0.3,0.6
58.6,32.7,40.16,0.31,0.6
58.7,32.7,40.17,0.31,0.61
58.8,32.7,40.17,0.31,0.61
58.9,32.7,40.18,0.31,0.61
59,32.7,40.19,0.31,0.61
59.1,32.7,40.19,0.31,0.61
59.2,32.7,40.2,0.31,0.62
59.3,32.7,40.21,0.31,0.62
59.4,32.7,40.21,0.31,0.62
59.5,32.7,40.22,0.31,0.62
59.6,32.7,40.23,0.32,0.63
59.7,32.7,40.23,0.32,0.63
59.8,32.7,40.24,0.32,0.63
59.9,32.7,40.24,0.32,0.63
60,32.7,40.25,0.32,0.63
60.1,32.7,40.25,0.32,0.64
60.2,32.7,40.26,0.32,0.64
60.3,32.7,40.26,0.32,0.64
60.4,32.7,40.27,0.33,0.64
60.5,32.7,40.27,0.33,0.65
60.6,32.7,40.27,0.33,0.65
60.7,32.7,40.28,0.33,0.65
60.8,32.7,40.28,0.33,0.65
60.9,32.7,40.28,0.33,0.66
61,32.7,40.28,0.33,0.66
61.1,32.7,40.28,0.34,0.66
61.2,32.7,40.28,0.34,0.66
61.3,32.7,40.28,0.34,0.67
61.4,32.7,40.28,0.34,0.67
61.5,32.7,40.27,0.34,0.67
61.6,32.7,40.27,0.34,0.67
61.7,32.7,40.27,0.35,0.68
61.8,32.7,40.26,0.35,0.68
61.9,32.7,40.25,0.35,0.68
62,32.7,40.25,0.35,0.68
62.1,32.7,40.24,0.35,0.69
62.2,32.7,40.23,0.35,0.69
62.3,32.7,40.22,0.36,0.69
62.4,32.7,40.21,0.36,0.69
62.5,32.7,40.2,0.36,0.7
62.6,32.7,40.18,0.36,0.7
62.7,32.7,40.17,0.36,0.7
62.8,32.7,40.15,0.36,0.7
62.9,32.7,40.14,0.37,0.71
63,32.7,40.12,0.37,0.71
63.1,32.7,40.1,0.37,0.71
63.2,32.7,40.08,0.37,0.72
63.3,32.7,40.06,0.37,0.72
63.4,32.7,40.03,0.38,0.72
63.5,32.7,40.01,0.38,0.72
63.6,32.7,39.98,0.38,0.73
63.7,32.7,39.96,0.38,0.73
63.8,32.7,39.93,0.39,0.73
63.9,32.7,39.9,0.39,0.74
64,32.7,39.86,0.39,0.74
64.1,32.7,39.83,0.39,0.74
64.2,32.7,39.79,0.39,0.74
64.3,32.7,39.76,0.4,0.75
64.4,32.7,39.72,0.4,0.75
64.5,32.7,39.68,0.4,0.75
64.6,32.7,39.63,0.4,0.76
64.7,32.7,39.59,0.41,0.76
64.8,32.7,39.54,0.41,0.76
64.9,32.7,39.49,0.41,0.76
65,32.7,39.44,0.41,0.77
65.1,32.7,39.39,0.42,0.77
65.2,32.7,39.34,0.42,0.77
65.3,32.7,39.28,0.42,0.78
65.4,32.7,39.22,0.42,0.78
65.5,32.7,39.16,0.43,0.78
65.6,32.7,39.1,0.43,0.79
65.7,32.7,39.04,0.43,0.79
65.8,32.7,38.97,0.44,0.79
65.9,32.7,38.9,0.44,0.79
66,32.7,38.83,0.44,0.8
66.1,32.7,38.76,0.44,0.8
58,32.8,40.14,0.3,0.59
58.1,32.8,40.14,0.3,0.59
58.2,32.8,40.15,0.3,0.6
58.3,32.8,40.15,0.3,0.6
58.4,32.8,40.16,0.3,0.6
58.5,32.8,40.16,0.3,0.6
58.6,32.8,40.17,0.3,0.6
58.7,32.8,40.18,0.3,0.61
58.8,32.8,40.18,0.31,0.61
58.9,32.8,40.19,0.31,0.61
59,32.8,40.2,0.31,0.61
59.1,32.8,40.2,0.31,0.62
59.2,32.8,40.21,0.31,0.62
59.3,32.8,40.22,0.31,0.62
59.4,32.8,40.22,0.31,0.62
59.5,32.8,40.23,0.31,0.62
59.6,32.8,40.23,0.31,0.63
59.7,32.8,40.24,0.32,0.63
59.8,32.8,40.25,0.32,0.63
59.9,32.8,40.25,0.32,0.63
60,32.8,40.26,0.32,0.64
60.1,32.8,40.26,0.32,0.64
60.2,32.8,40.27,0.32,0.64
60.3,32.8,40.27,0.32,0.64
60.4,32.8,40.28,0.32,0.65
60.5,32.8,40.28,0.33,0.65
60.6,32.8,40.28,0.33,0.65
60.7,32.8,40.28,0.33,0.65
60.8,32.8,40.29,0.33,0.65
60.9,32.8,40.29,0.33,0.66
61,32.8,40.29,0.33,0.66
61.1,32.8,40.29,0.33,0.66
61.2,32.8,40.29,0.34,0.66
61.3,32.8,40.29,0.34,0.67
61.4,32.8,40.29,0.34,0.67
61.5,32.8,40.28,0.34,0.67
61.6,32.8,40.28,0.34,0.67
61.7,32.8,40.28,0.34,0.68
61.8,32.8,40.27,0.35,0.68
61.9,32.8,40.26,0.35,0.68
62,32.8,40.26,0.35,0.68
62.1,32.8,40.25,0.35,0.69
62.2,32.8,40.24,0.35,0.69
62.3,32.8,40.23,0.36,0.69
62.4,32.8,40.22,0.36,0.7
62.5,32.8,40.21,0.36,0.7
62.6,32.8,40.2,0.36,0.7
62.7,32.8,40.18,0.36,0.7
62.8,32.8,40.17,0.36,0.71
62.9,32.8,40.15,0.37,0.71
63,32.8,40.13,0.37,0.71
63.1,32.8,40.11,0.37,0.71
63.2,32.8,40.09,0.37,0.72
63.3,32.8,40.07,0.38,0.72
63.4,32.8,40.05,0.38,0.72
63.5,32.8,40.02,0.38,0.72
63.6,32.8,39.99,0.38,0.73
63.7,32.8,39.97,0.38,0.73
63.8,32.8,39.94,0.39,0.73
63.9,32.8,39.91,0.39,0.74
64,32.8,39.87,0.39,0.74
64.1,32.8,39.84,0.39,0.74
64.2,32.8,39.8,0.4,0.74
64.3,32.8,39.77,0.4,0.75
64.4,32.8,39.73,0.4,0.75
64.5,32.8,39.69,0.4,0.75
64.6,32.8,39.65,0.4,0.76
64.7,32.8,39.6,0.41,0.76
64.8,32.8,39.55,0.41,0.76
64.9,32.8,39.51,0.41,0.77
65,32.8,39.46,0.41,0.77
65.1,32.8,39.4,0.42,0.77
65.2,32.8,39.35,0.42,0.77
65.3,32.8,39.29,0.42,0.78
65.4,32.8,39.24,0.43,0.78
65.5,32.8,39.18,0.43,0.78
65.6,32.8,39.11,0.43,0.79
65.7,32.8,39.05,0.43,0.79
65.8,32.8,38.98,0.44,0.79
65.9,32.8,38.91,0.44,0.8
66,32.8,38.84,0.44,0.8
66.1,32.8,38.77,0.45,0.8
58,32.9,40.15,0.3,0.59
58.1,32.9,40.15,0.3,0.6
58.2,32.9,40.16,0.3,0.6
58.3,32.9,40.16,0.3,0.6
58.4,32.9,40.17,0.3,0.6
58.5,32.9,40.17,0.3,0.6
58.6,32.9,40.18,0.3,0.61
58.7,32.9,40.19,0.3,0.61
58.8,32.9,40.19,0.3,0.61
58.9,32.9,40.2,0.3,0.61
59,32.9,40.21,0.31,0.61
59.1,32.9,40.21,0.31,0.62
59.2,32.9,40.22,0.31,0.62
59.3,32.9,40.22,0.31,0.62
59.4,32.9,40.23,0.31,0.62
59.5,32.9,40.24,0.31,0.63
59.6,32.9,40.24,0.31,0.63
59.7,32.9,40.25,0.31,0.63
59.8,32.9,40.26,0.32,0.63
59.9,32.9,40.26,0.32,0.64
60,32.9,40.27,0.32,0.64
60.1,32.9,40.27,0.32,0.64
60.2,32.9,40.28,0.32,0.64
60.3,32.9,40.28,0.32,0.64
60.4,32.9,40.28,0.32,0.65
60.5,32.9,40.29,0.32,0.65
60.6,32.9,40.29,0.33,0.65
60.7,32.9,40.29,0.33,0.65
60.8,32.9,40.3,0.33,0.66
60.9,32.9,40.3,0.33,0.66
61,32.9,40.3,0.33,0.66
61.1,32.9,40.3,0.33,0.66
61.2,32.9,40.3,0.34,0.67
61.3,32.9,40.3,0.34,0.67
61.4,32.9,40.3,0.34,0.67
61.5,32.9,40.29,0.34,0.67
61.6,32.9,40.29,0.34,0.68
61.7,32.9,40.29,0.34,0.68
61.8,32.9,40.28,0.35,0.68
61.9,32.9,40.27,0.35,0.68
62,32.9,40.27,0.35,0.69
62.1,32.9,40.26,0.35,0.69
62.2,32.9,40.25,0.35,0.69
62.3,32.9,40.24,0.36,0.69
62.4,32.9,40.23,0.36,0.7
62.5,32.9,40.22,0.36,0.7
62.6,32.9,40.21,0.36,0.7
62.7,32.9,40.19,0.36,0.7
62.8,32.9,40.18,0.37,0.71
62.9,32.9,40.16,0.37,0.71
63,32.9,40.14,0.37,0.71
63.1,32.9,40.12,0.37,0.71
63.2,32.9,40.1,0.37,0.72
63.3,32.9,40.08,0.38,0.72
63.4,32.9,40.06,0.38,0.72
63.5,32.9,40.03,0.38,0.73
63.6,32.9,40.01,0.38,0.73
63.7,32.9,39.98,0.38,0.73
63.8,32.9,39.95,0.39,0.73
63.9,32.9,39.92,0.39,0.74
64,32.9,39.89,0.39,0.74
64.1,32.9,39.85,0.39,0.74
64.2,32.9,39.82,0.4,0.75
64.3,32.9,39.78,0.4,0.75
64.4,32.9,39.74,0.4,0.75
64.5,32.9,39.7,0.4,0.75
64.6,32.9,39.66,0.41,0.76
64.7,32.9,39.61,0.41,0.76
64.8,32.9,39.57,0.41,0.76
64.9,32.9,39.52,0.41,0.77
65,32.9,39.47,0.42,0.77
65.1,32.9,39.42,0.42,0.77
65.2,32.9,39.36,0.42,0.77
65.3,32.9,39.31,0.42,0.78
65.4,32.9,39.25,0.43,0.78
65.5,32.9,39.19,0.43,0.78
65.6,32.9,39.13,0.43,0.79
65.7,32.9,39.06,0.44,0.79
65.8,32.9,39,0.44,0.79
65.9,32.9,38.93,0.44,0.8
66,32.9,38.86,0.44,0.8
66.1,32.9,38.78,0.45,0.8
58,33,40.16,0.29,0.6
58.1,33,40.16,0.3,0.6
58.2,33,40.17,0.3,0.6
58.3,33,40.17,0.3,0.6
58.4,33,40.18,0.3,0.6
58.5,33,40.18,0.3,0.61
58.6,33,40.19,0.3,0.61
58.7,33,40.2,0.3,0.61
58.8,33,40.2,0.3,0.61
58.9,33,40.21,0.3,0.61
59,33,40.22,0.3,0.62
59.1,33,40.22,0.31,0.62
59.2,33,40.23,0.31,0.62
59.3,33,40.23,0.31,0.62
59.4,33,40.24,0.31,0.63
59.5,33,40.25,0.31,0.63
59.6,33,40.25,0.31,0.63
59.7,33,40.26,0.31,0.63
59.8,33,40.27,0.31,0.63
59.9,33,40.27,0.32,0.64
60,33,40.28,0.32,0.64
60.1,33,40.28,0.32,0.64
60.2,33,40.29,0.32,0.64
60.3,33,40.29,0.32,0.65
60.4,33,40.3,0.32,0.65
60.5,33,40.3,0.32,0.65
60.6,33,40.3,0.33,0.65
60.7,33,40.3,0.33,0.66
60.8,33,40.31,0.33,0.66
60.9,33,40.31,0.33,0.66
61,33,40.31,0.33,0.66
61.1,33,40.31,0.33,0.66
61.2,33,40.31,0.34,0.67
61.3,33,40.31,0.34,0.67
61.4,33,40.31,0.34,0.67
61.5,33,40.3,0.34,0.67
61.6,33,40.3,0.34,0.68
61.7,33,40.3,0.34,0.68
61.8,33,40.29,0.35,0.68
61.9,33,40.29,0.35,0.68
62,33,40.28,0.35,0.69
62.1,33,40.27,0.35,0.69
62.2,33,40.26,0.35,0.69
62.3,33,40.25,0.36,0.69
62.4,33,40.24,0.36,0.7
62.5,33,40.23,0.36,0.7
62.6,33,40.22,0.36,0.7
62.7,33,40.2,0.36,0.71
62.8,33,40.19,0.37,0.71
62.9,33,40.17,0.37,0.71
63,33,40.15,0.37,0.71
63.1,33,40.13,0.37,0.72
63.2,33,40.11,0.37,0.72
63.3,33,40.09,0.38,0.72
63.4,33,40.07,0.38,0.72
63.5,33,40.04,0.38,0.73
63.6,33,40.02,0.38,0.73
63.7,33,39.99,0.38,0.73
63.8,33,39.96,0.39,0.74
63.9,33,39.93,0.39,0.74
64,33,39.9,0.39,0.74
64.1,33,39.86,0.39,0.74
64.2,33,39.83,0.4,0.75
64.3,33,39.79,0.4,0.75
64.4,33,39.75,0.4,0.75
64.5,33,39.71,0.4,0.75
64.6,33,39.67,0.41,0.76
64.7,33,39.63,0.41,0.76
64.8,33,39.58,0.41,0.76
64.9,33,39.53,0.41,0.77
65,33,39.48,0.42,0.77
65.1,33,39.43,0.42,0.77
65.2,33,39.38,0.42,0.78
65.3,33,39.32,0.43,0.78
65.4,33,39.26,0.43,0.78
65.5,33,39.2,0.43,0.78
65.6,33,39.14,0.43,0.79
65.7,33,39.08,0.44,0.79
65.8,33,39.01,0.44,0.79
65.9,33,38.94,0.44,0.8
66,33,38.87,0.45,0.8
66.1,33,38.8,0.45,0.8
58,33.1,40.17,0.29,0.6
58.1,33.1,40.17,0.29,0.6
58.2,33.1,40.18,0.29,0.6
58.3,33.1,40.18,0.3,0.6
58.4,33.1,40.19,0.3,0.61
58.5,33.1,40.19,0.3,0.61
58.6,33.1,40.2,0.3,0.61
58.7,33.1,40.21,0.3,0.61
58.8,33.1,40.21,0.3,0.61
58.9,33.1,40.22,0.3,0.62
59,33.1,40.23,0.3,0.62
59.1,33.1,40.23,0.3,0.62
59.2,33.1,40.24,0.31,0.62
59.3,33.1,40.25,0.31,0.62
59.4,33.1,40.25,0.31,0.63
59.5,33.1,40.26,0.31,0.63
59.6,33.1,40.26,0.31,0.63
59.7,33.1,40.27,0.31,0.63
59.8,33.1,40.28,0.31,0.64
59.9,33.1,40.28,0.31,0.64
60,33.1,40.29,0.32,0.64
60.1,33.1,40.29,0.32,0.64
60.2,33.1,40.3,0.32,0.65
60.3,33.1,40.3,0.32,0.65
60.4,33.1,40.31,0.32,0.65
60.5,33.1,40.31,0.32,0.65
60.6,33.1,40.31,0.32,0.65
60.7,33.1,40.32,0.33,0.66
60.8,33.1,40.32,0.33,0.66
60.9,33.1,40.32,0.33,0.66
61,33.1,40.32,0.33,0.66
61.1,33.1,40.32,0.33,0.67
61.2,33.1,40.32,0.33,0.67
61.3,33.1,40.32,0.34,0.67
61.4,33.1,40.32,0.34,0.67
61.5,33.1,40.31,0.34,0.68
61.6,33.1,40.31,0.34,0.68
61.7,33.1,40.31,0.34,0.68
61.8,33.1,40.3,0.35,0.68
61.9,33.1,40.3,0.35,0.69
62,33.1,40.29,0.35,0.69
62.1,33.1,40.28,0.35,0.69
62.2,33.1,40.27,0.35,0.69
62.3,33.1,40.26,0.36,0.7
62.4,33.1,40.25,0.36,0.7
62.5,33.1,40.24,0.36,0.7
62.6,33.1,40.23,0.36,0.7
62.7,33.1,40.21,0.36,0.71
62.8,33.1,40.2,0.37,0.71
62.9,33.1,40.18,0.37,0.71
63,33.1,40.16,0.37,0.71
63.1,33.1,40.15,0.37,0.72
63.2,33.1,40.13,0.37,0.72
63.3,33.1,40.1,0.38,0.72
63.4,33.1,40.08,0.38,0.73
63.5,33.1,40.06,0.38,0.73
63.6,33.1,40.03,0.38,0.73
63.7,33.1,40,0.39,0.73
63.8,33.1,39.97,0.39,0.74
63.9,33.1,39.94,0.39,0.74
64,33.1,39.91,0.39,0.74
64.1,33.1,39.88,0.4,0.74
64.2,33.1,39.84,0.4,0.75
64.3,33.1,39.8,0.4,0.75
64.4,33.1,39.77,0.4,0.75
64.5,33.1,39.72,0.4,0.76
64.6,33.1,39.68,0.41,0.76
64.7,33.1,39.64,0.41,0.76
64.8,33.1,39.59,0.41,0.76
64.9,33.1,39.54,0.42,0.77
65,33.1,39.49,0.42,0.77
65.1,33.1,39.44,0.42,0.77
65.2,33.1,39.39,0.42,0.78
65.3,33.1,39.33,0.43,0.78
65.4,33.1,39.28,0.43,0.78
65.5,33.1,39.22,0.43,0.79
65.6,33.1,39.15,0.43,0.79
65.7,33.1,39.09,0.44,0.79
65.8,33.1,39.02,0.44,0.79
65.9,33.1,38.95,0.44,0.8
66,33.1,38.88,0.45,0.8
66.1,33.1,38.81,0.45,0.8
58,33.2,40.18,0.29,0.6
58.1,33.2,40.18,0.29,0.6
58.2,33.2,40.19,0.29,0.6
58.3,33.2,40.19,0.29,0.61
58.4,33.2,40.2,0.29,0.61
58.5,33.2,40.2,0.3,0.61
58.6,33.2,40.21,0.3,0.61
58.7,33.2,40.22,0.3,0.61
58.8,33.2,40.22,0.3,0.62
58.9,33.2,40.23,0.3,0.62
59,33.2,40.24,0.3,0.62
59.1,33.2,40.24,0.3,0.62
59.2,33.2,40.25,0.3,0.62
59.3,33.2,40.26,0.31,0.63
59.4,33.2,40.26,0.31,0.63
59.5,33.2,40.27,0.31,0.63
59.6,33.2,40.28,0.31,0.63
59.7,33.2,40.28,0.31,0.64
59.8,33.2,40.29,0.31,0.64
59.9,33.2,40.29,0.31,0.64
60,33.2,40.3,0.31,0.64
60.1,33.2,40.3,0.32,0.64
60.2,33.2,40.31,0.32,0.65
60.3,33.2,40.31,0.32,0.65
60.4,33.2,40.32,0.32,0.65
60.5,33.2,40.32,0.32,0.65
60.6,33.2,40.32,0.32,0.66
60.7,33.2,40.33,0.33,0.66
60.8,33.2,40.33,0.33,0.66
60.9,33.2,40.33,0.33,0.66
61,33.2,40.33,0.33,0.67
61.1,33.2,40.33,0.33,0.67
61.2,33.2,40.33,0.33,0.67
61.3,33.2,40.33,0.34,0.67
61.4,33.2,40.33,0.34,0.67
61.5,33.2,40.33,0.34,0.68
61.6,33.2,40.32,0.34,0.68
61.7,33.2,40.32,0.34,0.68
61.8,33.2,40.31,0.35,0.68
61.9,33.2,40.31,0.35,0.69
62,33.2,40.3,0.35,0.69
62.1,33.2,40.29,0.35,0.69
62.2,33.2,40.29,0.35,0.69
62.3,33.2,40.28,0.36,0.7
62.4,33.2,40.27,0.36,0.7
62.5,33.2,40.25,0.36,0.7
62.6,33.2,40.24,0.36,0.71
62.7,33.2,40.23,0.36,0.71
62.8,33.2,40.21,0.37,0.71
62.9,33.2,40.19,0.37,0.71
63,33.2,40.18,0.37,0.72
63.1,33.2,40.16,0.37,0.72
63.2,33.2,40.14,0.37,0.72
63.3,33.2,40.12,0.38,0.72
63.4,33.2,40.09,0.38,0.73
63.5,33.2,40.07,0.38,0.73
63.6,33.2,40.04,0.38,0.73
63.7,33.2,40.01,0.39,0.73
63.8,33.2,39.99,0.39,0.74
63.9,33.2,39.96,0.39,0.74
64,33.2,39.92,0.39,0.74
64.1,33.2,39.89,0.4,0.75
64.2,33.2,39.85,0.4,0.75
64.3,33.2,39.82,0.4,0.75
64.4,33.2,39.78,0.4,0.75
64.5,33.2,39.74,0.41,0.76
64.6,33.2,39.7,0.41,0.76
64.7,33.2,39.65,0.41,0.76
64.8,33.2,39.61,0.41,0.77
64.9,33.2,39.56,0.42,0.77
65,33.2,39.51,0.42,0.77
65.1,33.2,39.46,0.42,0.77
65.2,33.2,39.4,0.42,0.78
65.3,33.2,39.35,0.43,0.78
65.4,33.2,39.29,0.43,0.78
65.5,33.2,39.23,0.43,0.79
65.6,33.2,39.17,0.44,0.79
65.7,33.2,39.1,0.44,0.79
65.8,33.2,39.04,0.44,0.79
65.9,33.2,38.97,0.44,0.8
66,33.2,38.9,0.45,0.8
66.1,33.2,38.82,0.45,0.8
58,33.3,40.19,0.29,0.6
58.1,33.3,40.19,0.29,0.6
58.2,33.3,40.2,0.29,0.61
58.3,33.3,40.2,0.29,0.61
58.4,33.3,40.21,0.29,0.61
58.5,33.3,40.22,0.29,0.61
58.6,33.3,40.22,0.3,0.61
58.7,33.3,40.23,0.3,0.62
58.8,33.3,40.23,0.3,0.62
58.9,33.3,40.24,0.3,0.62
59,33.3,40.25,0.3,0.62
59.1,33.3,40.25,0.3,0.62
59.2,33.3,40.26,0.3,0.63
59.3,33.3,40.27,0.3,0.63
59.4,33.3,40.27,0.31,0.63
59.5,33.3,40.28,0.31,0.63
59.6,33.3,40.29,0.31,0.64
59.7,33.3,40.29,0.31,0.64
59.8,33.3,40.3,0.31,0.64
59.9,33.3,40.3,0.31,0.64
60,33.3,40.31,0.31,0.64
60.1,33.3,40.31,0.32,0.65
60.2,33.3,40.32,0.32,0.65
60.3,33.3,40.32,0.32,0.65
60.4,33.3,40.33,0.32,0.65
60.5,33.3,40.33,0.32,0.66
60.6,33.3,40.34,0.32,0.66
60.7,33.3,40.34,0.33,0.66
60.8,33.3,40.34,0.33,0.66
60.9,33.3,40.34,0.33,0.66
61,33.3,40.34,0.33,0.67
61.1,33.3,40.34,0.33,0.67
61.2,33.3,40.34,0.33,0.67
61.3,33.3,40.34,0.34,0.67
61.4,33.3,40.34,0.34,0.68
61.5,33.3,40.34,0.34,0.68
61.6,33.3,40.34,0.34,0.68
61.7,33.3,40.33,0.34,0.68
61.8,33.3,40.33,0.35,0.69
61.9,33.3,40.32,0.35,0.69
62,33.3,40.31,0.35,0.69
62.1,33.3,40.31,0.35,0.69
62.2,33.3,40.3,0.35,0.7
62.3,33.3,40.29,0.36,0.7
62.4,33.3,40.28,0.36,0.7
62.5,33.3,40.27,0.36,0.7
62.6,33.3,40.25,0.36,0.71
62.7,33.3,40.24,0.36,0.71
62.8,33.3,40.22,0.37,0.71
62.9,33.3,40.21,0.37,0.71
63,33.3,40.19,0.37,0.72
63.1,33.3,40.17,0.37,0.72
63.2,33.3,40.15,0.38,0.72
63.3,33.3,40.13,0.38,0.72
63.4,33.3,40.11,0.38,0.73
63.5,33.3,40.08,0.38,0.73
63.6,33.3,40.06,0.38,0.73
63.7,33.3,40.03,0.39,0.74
63.8,33.3,40,0.39,0.74
63.9,33.3,39.97,0.39,0.74
64,33.3,39.94,0.39,0.74
64.1,33.3,39.9,0.4,0.75
64.2,33.3,39.87,0.4,0.75
64.3,33.3,39.83,0.4,0.75
64.4,33.3,39.79,0.4,0.75
64.5,33.3,39.75,0.41,0.76
64.6,33.3,39.71,0.41,0.76
64.7,33.3,39.67,0.41,0.76
64.8,33.3,39.62,0.41,0.77
64.9,33.3,39.57,0.42,0.77
65,33.3,39.52,0.42,0.77
65.1,33.3,39.47,0.42,0.77
65.2,33.3,39.42,0.43,0.78
65.3,33.3,39.36,0.43,0.78
65.4,33.3,39.3,0.43,0.78
65.5,33.3,39.24,0.43,0.79
65.6,33.3,39.18,0.44,0.79
65.7,33.3,39.12,0.44,0.79
65.8,33.3,39.05,0.44,0.8
65.9,33.3,38.98,0.45,0.8
66,33.3,38.91,0.45,0.8
66.1,33.3,38.84,0.45,0.8
58,33.4,40.2,0.29,0.6
58.1,33.4,40.2,0.29,0.61
58.2,33.4,40.21,0.29,0.61
58.3,33.4,40.22,0.29,0.61
58.4,33.4,40.22,0.29,0.61
58.5,33.4,40.23,0.29,0.61
58.6,33.4,40.23,0.29,0.62
58.7,33.4,40.24,0.3,0.62
58.8,33.4,40.25,0.3,0.62
58.9,33.4,40.25,0.3,0.62
59,33.4,40.26,0.3,0.62
59.1,33.4,40.27,0.3,0.63
59.2,33.4,40.27,0.3,0.63
59.3,33.4,40.28,0.3,0.63
59.4,33.4,40.29,0.3,0.63
59.5,33.4,40.29,0.31,0.63
59.6,33.4,40.3,0.31,0.64
59.7,33.4,40.3,0.31,0.64
59.8,33.4,40.31,0.31,0.64
59.9,33.4,40.32,0.31,0.64
60,33.4,40.32,0.31,0.65
60.1,33.4,40.33,0.31,0.65
60.2,33.4,40.33,0.32,0.65
60.3,33.4,40.34,0.32,0.65
60.4,33.4,40.34,0.32,0.65
60.5,33.4,40.34,0.32,0.66
60.6,33.4,40.35,0.32,0.66
60.7,33.4,40.35,0.32,0.66
60.8,33.4,40.35,0.33,0.66
60.9,33.4,40.35,0.33,0.67
61,33.4,40.36,0.33,0.67
61.1,33.4,40.36,0.33,0.67
61.2,33.4,40.36,0.33,0.67
61.3,33.4,40.35,0.34,0.68
61.4,33.4,40.35,0.34,0.68
61.5,33.4,40.35,0.34,0.68
61.6,33.4,40.35,0.34,0.68
61.7,33.4,40.34,0.34,0.69
61.8,33.4,40.34,0.35,0.69
61.9,33.4,40.33,0.35,0.69
62,33.4,40.33,0.35,0.69
62.1,33.4,40.32,0.35,0.69
62.2,33.4,40.31,0.35,0.7
62.3,33.4,40.3,0.36,0.7
62.4,33.4,40.29,0.36,0.7
62.5,33.4,40.28,0.36,0.71
62.6,33.4,40.27,0.36,0.71
62.7,33.4,40.25,0.36,0.71
62.8,33.4,40.24,0.37,0.71
62.9,33.4,40.22,0.37,0.72
63,33.4,40.2,0.37,0.72
63.1,33.4,40.18,0.37,0.72
63.2,33.4,40.16,0.38,0.72
63.3,33.4,40.14,0.38,0.73
63.4,33.4,40.12,0.38,0.73
63.5,33.4,40.09,0.38,0.73
63.6,33.4,40.07,0.39,0.73
63.7,33.4,40.04,0.39,0.74
63.8,33.4,40.01,0.39,0.74
63.9,33.4,39.98,0.39,0.74
64,33.4,39.95,0.4,0.74
64.1,33.4,39.92,0.4,0.75
64.2,33.4,39.88,0.4,0.75
64.3,33.4,39.84,0.4,0.75
64.4,33.4,39.81,0.41,0.76
64.5,33.4,39.77,0.41,0.76
64.6,33.4,39.72,0.41,0.76
64.7,33.4,39.68,0.41,0.76
64.8,33.4,39.63,0.42,0.77
64.9,33.4,39.59,0.42,0.77
65,33.4,39.54,0.42,0.77
65.1,33.4,39.48,0.42,0.78
65.2,33.4,39.43,0.43,0.78
65.3,33.4,39.38,0.43,0.78
65.4,33.4,39.32,0.43,0.78
65.5,33.4,39.26,0.44,0.79
65.6,33.4,39.2,0.44,0.79
65.7,33.4,39.13,0.44,0.79
65.8,33.4,39.07,0.44,0.8
65.9,33.4,39,0.45,0.8
66,33.4,38.93,0.45,0.8
66.1,33.4,38.85,0.45,0.81
58,33.5,40.21,0.29,0.61
58.1,33.5,40.22,0.29,0.61
58.2,33.5,40.22,0.29,0.61
58.3,33.5,40.23,0.29,0.61
58.4,33.5,40.23,0.29,0.61
58.5,33.5,40.24,0.29,0.62
58.6,33.5,40.25,0.29,0.62
58.7,33.5,40.25,0.29,0.62
58.8,33.5,40.26,0.3,0.62
58.9,33.5,40.26,0.3,0.62
59,33.5,40.27,0.3,0.63
59.1,33.5,40.28,0.3,0.63
59.2,33.5,40.28,0.3,0.63
59.3,33.5,40.29,0.3,0.63
59.4,33.5,40.3,0.3,0.63
59.5,33.5,40.3,0.3,0.64
59.6,33.5,40.31,0.31,0.64
59.7,33.5,40.32,0.31,0.64
59.8,33.5,40.32,0.31,0.64
59.9,33.5,40.33,0.31,0.65
60,33.5,40.33,0.31,0.65
60.1,33.5,40.34,0.31,0.65
60.2,33.5,40.34,0.32,0.65
60.3,33.5,40.35,0.32,0.65
60.4,33.5,40.35,0.32,0.66
60.5,33.5,40.36,0.32,0.66
60.6,33.5,40.36,0.32,0.66
60.7,33.5,40.36,0.32,0.66
60.8,33.5,40.37,0.33,0.67
60.9,33.5,40.37,0.33,0.67
61,33.5,40.37,0.33,0.67
61.1,33.5,40.37,0.33,0.67
61.2,33.5,40.37,0.33,0.67
61.3,33.5,40.37,0.34,0.68
61.4,33.5,40.37,0.34,0.68
61.5,33.5,40.36,0.34,0.68
61.6,33.5,40.36,0.34,0.68
61.7,33.5,40.36,0.34,0.69
61.8,33.5,40.35,0.35,0.69
61.9,33.5,40.35,0.35,0.69
62,33.5,40.34,0.35,0.69
62.1,33.5,40.33,0.35,0.7
62.2,33.5,40.32,0.35,0.7
62.3,33.5,40.31,0.36,0.7
62.4,33.5,40.3,0.36,0.7
62.5,33.5,40.29,0.36,0.71
62.6,33.5,40.28,0.36,0.71
62.7,33.5,40.27,0.37,0.71
62.8,33.5,40.25,0.37,0.71
62.9,33.5,40.23,0.37,0.72
63,33.5,40.22,0.37,0.72
63.1,33.5,40.2,0.37,0.72
63.2,33.5,40.18,0.38,0.72
63.3,33.5,40.16,0.38,0.73
63.4,33.5,40.13,0.38,0.73
63.5,33.5,40.11,0.38,0.73
63.6,33.5,40.08,0.39,0.73
63.7,33.5,40.06,0.39,0.74
63.8,33.5,40.03,0.39,0.74
63.9,33.5,40,0.39,0.74
64,33.5,39.96,0.4,0.75
64.1,33.5,39.93,0.4,0.75
64.2,33.5,39.9,0.4,0.75
64.3,33.5,39.86,0.4,0.75
64.4,33.5,39.82,0.41,0.76
64.5,33.5,39.78,0.41,0.76
64.6,33.5,39.74,0.41,0.76
64.7,33.5,39.69,0.41,0.77
64.8,33.5,39.65,0.42,0.77
64.9,33.5,39.6,0.42,0.77
65,33.5,39.55,0.42,0.77
65.1,33.5,39.5,0.43,0.78
65.2,33.5,39.45,0.43,0.78
65.3,33.5,39.39,0.43,0.78
65.4,33.5,39.33,0.43,0.79
65.5,33.5,39.27,0.44,0.79
65.6,33.5,39.21,0.44,0.79
65.7,33.5,39.15,0.44,0.79
65.8,33.5,39.08,0.45,0.8
65.9,33.5,39.01,0.45,0.8
66,33.5,38.94,0.45,0.8
66.1,33.5,38.87,0.45,0.81
58,33.6,40.22,0.29,0.61
58.1,33.6,40.23,0.29,0.61
58.2,33.6,40.23,0.29,0.61
58.3,33.6,40.24,0.29,0.61
58.4,33.6,40.25,0.29,0.62
58.5,33.6,40.25,0.29,0.62
58.6,33.6,40.26,0.29,0.62
58.7,33.6,40.26,0.29,0.62
58.8,33.6,40.27,0.29,0.62
58.9,33.6,40.28,0.3,0.63
59,33.6,40.28,0.3,0.63
59.1,33.6,40.29,0.3,0.63
59.2,33.6,40.3,0.3,0.63
59.3,33.6,40.3,0.3,0.63
59.4,33.6,40.31,0.3,0.64
59.5,33.6,40.32,0.3,0.64
59.6,33.6,40.32,0.31,0.64
59.7,33.6,40.33,0.31,0.64
59.8,33.6,40.34,0.31,0.64
59.9,33.6,40.34,0.31,0.65
60,33.6,40.35,0.31,0.65
60.1,33.6,40.35,0.31,0.65
60.2,33.6,40.36,0.32,0.65
60.3,33.6,40.36,0.32,0.66
60.4,33.6,40.37,0.32,0.66
60.5,33.6,40.37,0.32,0.66
60.6,33.6,40.37,0.32,0.66
60.7,33.6,40.38,0.32,0.66
60.8,33.6,40.38,0.33,0.67
60.9,33.6,40.38,0.33,0.67
61,33.6,40.38,0.33,0.67
61.1,33.6,40.38,0.33,0.67
61.2,33.6,40.38,0.33,0.68
61.3,33.6,40.38,0.34,0.68
61.4,33.6,40.38,0.34,0.68
61.5,33.6,40.38,0.34,0.68
61.6,33.6,40.37,0.34,0.69
61.7,33.6,40.37,0.34,0.69
61.8,33.6,40.37,0.35,0.69
61.9,33.6,40.36,0.35,0.69
62,33.6,40.35,0.35,0.7
62.1,33.6,40.35,0.35,0.7
62.2,33.6,40.34,0.35,0.7
62.3,33.6,40.33,0.36,0.7
62.4,33.6,40.32,0.36,0.71
62.5,33.6,40.31,0.36,0.71
62.6,33.6,40.29,0.36,0.71
62.7,33.6,40.28,0.37,0.71
62.8,33.6,40.26,0.37,0.72
62.9,33.6,40.25,0.37,0.72
63,33.6,40.23,0.37,0.72
63.1,33.6,40.21,0.37,0.72
63.2,33.6,40.19,0.38,0.73
63.3,33.6,40.17,0.38,0.73
63.4,33.6,40.15,0.38,0.73
63.5,33.6,40.12,0.38,0.73
63.6,33.6,40.1,0.39,0.74
63.7,33.6,40.07,0.39,0.74
63.8,33.6,40.04,0.39,0.74
63.9,33.6,40.01,0.39,0.74
64,33.6,39.98,0.4,0.75
64.1,33.6,39.95,0.4,0.75
64.2,33.6,39.91,0.4,0.75
64.3,33.6,39.87,0.4,0.76
64.4,33.6,39.84,0.41,0.76
64.5,33.6,39.8,0.41,0.76
64.6,33.6,39.75,0.41,0.76
64.7,33.6,39.71,0.42,0.77
64.8,33.6,39.66,0.42,0.77
64.9,33.6,39.62,0.42,0.77
65,33.6,39.57,0.42,0.77
65.1,33.6,39.51,0.43,0.78
65.2,33.6,39.46,0.43,0.78
65.3,33.6,39.41,0.43,0.78
65.4,33.6,39.35,0.44,0.79
65.5,33.6,39.29,0.44,0.79
65.6,33.6,39.23,0.44,0.79
65.7,33.6,39.16,0.44,0.79
65.8,33.6,39.1,0.45,0.8
65.9,33.6,39.03,0.45,0.8
66,33.6,38.96,0.45,0.8
66.1,33.6,38.89,0.46,0.81
58,33.7,40.24,0.28,0.61
58.1,33.7,40.24,0.29,0.61
58.2,33.7,40.25,0.29,0.61
58.3,33.7,40.25,0.29,0.62
58.4,33.7,40.26,0.29,0.62
58.5,33.7,40.26,0.29,0.62
58.6,33.7,40.27,0.29,0.62
58.7,33.7,40.28,0.29,0.62
58.8,33.7,40.28,0.29,0.63
58.9,33.7,40.29,0.29,0.63
59,33.7,40.3,0.3,0.63
59.1,33.7,40.3,0.3,0.63
59.2,33.7,40.31,0.3,0.63
59.3,33.7,40.32,0.3,0.64
59.4,33.7,40.32,0.3,0.64
59.5,33.7,40.33,0.3,0.64
59.6,33.7,40.34,0.31,0.64
59.7,33.7,40.34,0.31,0.64
59.8,33.7,40.35,0.31,0.65
59.9,33.7,40.35,0.31,0.65
60,33.7,40.36,0.31,0.65
60.1,33.7,40.37,0.31,0.65
60.2,33.7,40.37,0.32,0.66
60.3,33.7,40.37,0.32,0.66
60.4,33.7,40.38,0.32,0.66
60.5,33.7,40.38,0.32,0.66
60.6,33.7,40.39,0.32,0.66
60.7,33.7,40.39,0.32,0.67
60.8,33.7,40.39,0.33,0.67
60.9,33.7,40.39,0.33,0.67
61,33.7,40.39,0.33,0.67
61.1,33.7,40.4,0.33,0.68
61.2,33.7,40.4,0.33,0.68
61.3,33.7,40.39,0.34,0.68
61.4,33.7,40.39,0.34,0.68
61.5,33.7,40.39,0.34,0.68
61.6,33.7,40.39,0.34,0.69
61.7,33.7,40.38,0.34,0.69
61.8,33.7,40.38,0.35,0.69
61.9,33.7,40.37,0.35,0.69
62,33.7,40.37,0.35,0.7
62.1,33.7,40.36,0.35,0.7
62.2,33.7,40.35,0.35,0.7
62.3,33.7,40.34,0.36,0.7
62.4,33.7,40.33,0.36,0.71
62.5,33.7,40.32,0.36,0.71
62.6,33.7,40.31,0.36,0.71
62.7,33.7,40.29,0.37,0.71
62.8,33.7,40.28,0.37,0.72
62.9,33.7,40.26,0.37,0.72
63,33.7,40.24,0.37,0.72
63.1,33.7,40.23,0.38,0.72
63.2,33.7,40.21,0.38,0.73
63.3,33.7,40.18,0.38,0.73
63.4,33.7,40.16,0.38,0.73
63.5,33.7,40.14,0.39,0.73
63.6,33.7,40.11,0.39,0.74
63.7,33.7,40.08,0.39,0.74
63.8,33.7,40.06,0.39,0.74
63.9,33.7,40.03,0.4,0.75
64,33.7,39.99,0.4,0.75
64.1,33.7,39.96,0.4,0.75
64.2,33.7,39.93,0.4,0.75
64.3,33.7,39.89,0.41,0.76
64.4,33.7,39.85,0.41,0.76
64.5,33.7,39.81,0.41,0.76
64.6,33.7,39.77,0.41,0.76
64.7,33.7,39.72,0.42,0.77
64.8,33.7,39.68,0.42,0.77
64.9,33.7,39.63,0.42,0.77
65,33.7,39.58,0.42,0.78
65.1,33.7,39.53,0.43,0.78
65.2,33.7,39.48,0.43,0.78
65.3,33.7,39.42,0.43,0.78
65.4,33.7,39.36,0.44,0.79
65.5,33.7,39.31,0.44,0.79
65.6,33.7,39.24,0.44,0.79
65.7,33.7,39.18,0.45,0.8
65.8,33.7,39.11,0.45,0.8
65.9,33.7,39.05,0.45,0.8
66,33.7,38.98,0.45,0.8
66.1,33.7,38.9,0.46,0.81
58,33.8,40.25,0.28,0.61
58.1,33.8,40.26,0.28,0.61
58.2,33.8,40.26,0.29,0.62
58.3,33.8,40.27,0.29,0.62
58.4,33.8,40.27,0.29,0.62
58.5,33.8,40.28,0.29,0.62
58.6,33.8,40.28,0.29,0.62
58.7,33.8,40.29,0.29,0.63
58.8,33.8,40.3,0.29,0.63
58.9,33.8,40.3,0.29,0.63
59,33.8,40.31,0.3,0.63
59.1,33.8,40.32,0.3,0.63
59.2,33.8,40.32,0.3,0.64
59.3,33.8,40.33,0.3,0.64
59.4,33.8,40.34,0.3,0.64
59.5,33.8,40.34,0.3,0.64
59.6,33.8,40.35,0.3,0.64
59.7,33.8,40.36,0.31,0.65
59.8,33.8,40.36,0.31,0.65
59.9,33.8,40.37,0.31,0.65
60,33.8,40.37,0.31,0.65
60.1,33.8,40.38,0.31,0.65
60.2,33.8,40.38,0.31,0.66
60.3,33.8,40.39,0.32,0.66
60.4,33.8,40.39,0.32,0.66
60.5,33.8,40.4,0.32,0.66
60.6,33.8,40.4,0.32,0.67
60.7,33.8,40.4,0.32,0.67
60.8,33.8,40.41,0.33,0.67
60.9,33.8,40.41,0.33,0.67
61,33.8,40.41,0.33,0.67
61.1,33.8,40.41,0.33,0.68
61.2,33.8,40.41,0.33,0.68
61.3,33.8,40.41,0.34,0.68
61.4,33.8,40.41,0.34,0.68
61.5,33.8,40.4,0.34,0.69
61.6,33.8,40.4,0.34,0.69
61.7,33.8,40.4,0.34,0.69
61.8,33.8,40.39,0.35,0.69
61.9,33.8,40.39,0.35,0.7
62,33.8,40.38,0.35,0.7
62.1,33.8,40.37,0.35,0.7
62.2,33.8,40.37,0.36,0.7
62.3,33.8,40.36,0.36,0.71
62.4,33.8,40.35,0.36,0.71
62.5,33.8,40.33,0.36,0.71
62.6,33.8,40.32,0.36,0.71
62.7,33.8,40.31,0.37,0.72
62.8,33.8,40.29,0.37,0.72
62.9,33.8,40.28,0.37,0.72
63,33.8,40.26,0.37,0.72
63.1,33.8,40.24,0.38,0.73
63.2,33.8,40.22,0.38,0.73
63.3,33.8,40.2,0.38,0.73
63.4,33.8,40.18,0.38,0.73
63.5,33.8,40.15,0.39,0.74
63.6,33.8,40.13,0.39,0.74
63.7,33.8,40.1,0.39,0.74
63.8,33.8,40.07,0.39,0.74
63.9,33.8,40.04,0.4,0.75
64,33.8,40.01,0.4,0.75
64.1,33.8,39.98,0.4,0.75
64.2,33.8,39.94,0.4,0.75
64.3,33.8,39.9,0.41,0.76
64.4,33.8,39.87,0.41,0.76
64.5,33.8,39.83,0.41,0.76
64.6,33.8,39.78,0.42,0.77
64.7,33.8,39.74,0.42,0.77
64.8,33.8,39.7,0.42,0.77
64.9,33.8,39.65,0.42,0.77
65,33.8,39.6,0.43,0.78
65.1,33.8,39.55,0.43,0.78
65.2,33.8,39.49,0.43,0.78
65.3,33.8,39.44,0.43,0.79
65.4,33.8,39.38,0.44,0.79
65.5,33.8,39.32,0.44,0.79
65.6,33.8,39.26,0.44,0.79
65.7,33.8,39.2,0.45,0.8
65.8,33.8,39.13,0.45,0.8
65.9,33.8,39.06,0.45,0.8
66,33.8,38.99,0.46,0.81
66.1,33.8,38.92,0.46,0.81
58,33.9,40.26,0.28,0.61
58.1,33.9,40.27,0.28,0.62
58.2,33.9,40.27,0.28,0.62
58.3,33.9,40.28,0.29,0.62
58.4,33.9,40.29,0.29,0.62
58.5,33.9,40.29,0.29,0.62
58.6,33.9,40.3,0.29,0.63
58.7,33.9,40.3,0.29,0.63
58.8,33.9,40.31,0.29,0.63
58.9,33.9,40.32,0.29,0.63
59,33.9,40.32,0.3,0.63
59.1,33.9,40.33,0.3,0.64
59.2,33.9,40.34,0.3,0.64
59.3,33.9,40.34,0.3,0.64
59.4,33.9,40.35,0.3,0.64
59.5,33.9,40.36,0.3,0.64
59.6,33.9,40.36,0.3,0.65
59.7,33.9,40.37,0.31,0.65
59.8,33.9,40.38,0.31,0.65
59.9,33.9,40.38,0.31,0.65
60,33.9,40.39,0.31,0.65
60.1,33.9,40.39,0.31,0.66
60.2,33.9,40.4,0.31,0.66
60.3,33.9,40.4,0.32,0.66
60.4,33.9,40.41,0.32,0.66
60.5,33.9,40.41,0.32,0.67
60.6,33.9,40.41,0.32,0.67
60.7,33.9,40.42,0.32,0.67
60.8,33.9,40.42,0.33,0.67
60.9,33.9,40.42,0.33,0.67
61,33.9,40.42,0.33,0.68
61.1,33.9,40.42,0.33,0.68
61.2,33.9,40.42,0.33,0.68
61.3,33.9,40.42,0.34,0.68
61.4,33.9,40.42,0.34,0.69
61.5,33.9,40.42,0.34,0.69
61.6,33.9,40.42,0.34,0.69
61.7,33.9,40.41,0.34,0.69
61.8,33.9,40.41,0.35,0.7
61.9,33.9,40.4,0.35,0.7
62,33.9,40.4,0.35,0.7
62.1,33.9,40.39,0.35,0.7
62.2,33.9,40.38,0.36,0.7
62.3,33.9,40.37,0.36,0.71
62.4,33.9,40.36,0.36,0.71
62.5,33.9,40.35,0.36,0.71
62.6,33.9,40.34,0.37,0.71
62.7,33.9,40.32,0.37,0.72
62.8,33.9,40.31,0.37,0.72
62.9,33.9,40.29,0.37,0.72
63,33.9,40.27,0.37,0.72
63.1,33.9,40.26,0.38,0.73
63.2,33.9,40.24,0.38,0.73
63.3,33.9,40.22,0.38,0.73
63.4,33.9,40.19,0.38,0.73
63.5,33.9,40.17,0.39,0.74
63.6,33.9,40.14,0.39,0.74
63.7,33.9,40.12,0.39,0.74
63.8,33.9,40.09,0.39,0.75
63.9,33.9,40.06,0.4,0.75
64,33.9,40.03,0.4,0.75
64.1,33.9,39.99,0.4,0.75
64.2,33.9,39.96,0.41,0.76
64.3,33.9,39.92,0.41,0.76
64.4,33.9,39.88,0.41,0.76
64.5,33.9,39.84,0.41,0.76
64.6,33.9,39.8,0.42,0.77
64.7,33.9,39.76,0.42,0.77
64.8,33.9,39.71,0.42,0.77
64.9,33.9,39.66,0.42,0.77
65,33.9,39.61,0.43,0.78
65.1,33.9,39.56,0.43,0.78
65.2,33.9,39.51,0.43,0.78
65.3,33.9,39.46,0.44,0.79
65.4,33.9,39.4,0.44,0.79
65.5,33.9,39.34,0.44,0.79
65.6,33.9,39.28,0.44,0.79
65.7,33.9,39.21,0.45,0.8
65.8,33.9,39.15,0.45,0.8
65.9,33.9,39.08,0.45,0.8
66,33.9,39.01,0.46,0.81
66.1,33.9,38.94,0.46,0.81
58,34,40.28,0.28,0.62
58.1,34,40.28,0.28,0.62
58.2,34,40.29,0.28,0.62
58.3,34,40.29,0.29,0.62
58.4,34,40.3,0.29,0.62
58.5,34,40.31,0.29,0.63
58.6,34,40.31,0.29,0.63
58.7,34,40.32,0.29,0.63
58.8,34,40.32,0.29,0.63
58.9,34,40.33,0.29,0.63
59,34,40.34,0.29,0.64
59.1,34,40.34,0.3,0.64
59.2,34,40.35,0.3,0.64
59.3,34,40.36,0.3,0.64
59.4,34,40.36,0.3,0.64
59.5,34,40.37,0.3,0.65
59.6,34,40.38,0.3,0.65
59.7,34,40.38,0.31,0.65
59.8,34,40.39,0.31,0.65
59.9,34,40.4,0.31,0.65
60,34,40.4,0.31,0.66
60.1,34,40.41,0.31,0.66
60.2,34,40.41,0.31,0.66
60.3,34,40.42,0.32,0.66
60.4,34,40.42,0.32,0.67
60.5,34,40.43,0.32,0.67
60.6,34,40.43,0.32,0.67
60.7,34,40.43,0.32,0.67
60.8,34,40.43,0.33,0.67
60.9,34,40.44,0.33,0.68
61,34,40.44,0.33,0.68
61.1,34,40.44,0.33,0.68
61.2,34,40.44,0.33,0.68
61.3,34,40.44,0.34,0.69
61.4,34,40.44,0.34,0.69
61.5,34,40.43,0.34,0.69
61.6,34,40.43,0.34,0.69
61.7,34,40.43,0.35,0.69
61.8,34,40.42,0.35,0.7
61.9,34,40.42,0.35,0.7
62,34,40.41,0.35,0.7
62.1,34,40.4,0.35,0.7
62.2,34,40.4,0.36,0.71
62.3,34,40.39,0.36,0.71
62.4,34,40.38,0.36,0.71
62.5,34,40.37,0.36,0.71
62.6,34,40.35,0.37,0.72
62.7,34,40.34,0.37,0.72
62.8,34,40.32,0.37,0.72
62.9,34,40.31,0.37,0.72
63,34,40.29,0.38,0.73
63.1,34,40.27,0.38,0.73
63.2,34,40.25,0.38,0.73
63.3,34,40.23,0.38,0.73
63.4,34,40.21,0.39,0.74
63.5,34,40.18,0.39,0.74
63.6,34,40.16,0.39,0.74
63.7,34,40.13,0.39,0.74
63.8,34,40.1,0.4,0.75
63.9,34,40.07,0.4,0.75
64,34,40.04,0.4,0.75
64.1,34,40.01,0.4,0.75
64.2,34,39.97,0.41,0.76
64.3,34,39.94,0.41,0.76
64.4,34,39.9,0.41,0.76
64.5,34,39.86,0.41,0.77
64.6,34,39.82,0.42,0.77
64.7,34,39.77,0.42,0.77
64.8,34,39.73,0.42,0.77
64.9,34,39.68,0.43,0.78
65,34,39.63,0.43,0.78
65.1,34,39.58,0.43,0.78
65.2,34,39.53,0.43,0.78
65.3,34,39.47,0.44,0.79
65.4,34,39.42,0.44,0.79
65.5,34,39.36,0.44,0.79
65.6,34,39.29,0.45,0.8
65.7,34,39.23,0.45,0.8
65.8,34,39.17,0.45,0.8
65.9,34,39.1,0.46,0.8
66,34,39.03,0.46,0.81
66.1,34,38.96,0.46,0.81
58,34.1,40.29,0.28,0.62
58.1,34.1,40.3,0.28,0.62
58.2,34.1,40.3,0.28,0.62
58.3,34.1,40.31,0.28,0.62
58.4,34.1,40.31,0.29,0.63
58.5,34.1,40.32,0.29,0.63
58.6,34.1,40.33,0.29,0.63
58.7,34.1,40.33,0.29,0.63
58.8,34.1,40.34,0.29,0.63
58.9,34.1,40.35,0.29,0.64
59,34.1,40.35,0.29,0.64
59.1,34.1,40.36,0.3,0.64
59.2,34.1,40.37,0.3,0.64
59.3,34.1,40.37,0.3,0.64
59.4,34.1,40.38,0.3,0.65
59.5,34.1,40.39,0.3,0.65
59.6,34.1,40.39,0.3,0.65
59.7,34.1,40.4,0.31,0.65
59.8,34.1,40.41,0.31,0.65
59.9,34.1,40.41,0.31,0.66
60,34.1,40.42,0.31,0.66
60.1,34.1,40.42,0.31,0.66
60.2,34.1,40.43,0.32,0.66
60.3,34.1,40.43,0.32,0.67
60.4,34.1,40.44,0.32,0.67
60.5,34.1,40.44,0.32,0.67
60.6,34.1,40.44,0.32,0.67
60.7,34.1,40.45,0.32,0.67
60.8,34.1,40.45,0.33,0.68
60.9,34.1,40.45,0.33,0.68
61,34.1,40.45,0.33,0.68
61.1,34.1,40.45,0.33,0.68
61.2,34.1,40.45,0.34,0.68
61.3,34.1,40.45,0.34,0.69
61.4,34.1,40.45,0.34,0.69
61.5,34.1,40.45,0.34,0.69
61.6,34.1,40.45,0.34,0.69
61.7,34.1,40.44,0.35,0.7
61.8,34.1,40.44,0.35,0.7
61.9,34.1,40.43,0.35,0.7
62,34.1,40.43,0.35,0.7
62.1,34.1,40.42,0.36,0.71
62.2,34.1,40.41,0.36,0.71
62.3,34.1,40.4,0.36,0.71
62.4,34.1,40.39,0.36,0.71
62.5,34.1,40.38,0.36,0.72
62.6,34.1,40.37,0.37,0.72
62.7,34.1,40.35,0.37,0.72
62.8,34.1,40.34,0.37,0.72
62.9,34.1,40.32,0.37,0.72
63,34.1,40.31,0.38,0.73
63.1,34.1,40.29,0.38,0.73
63.2,34.1,40.27,0.38,0.73
63.3,34.1,40.25,0.38,0.73
63.4,34.1,40.22,0.39,0.74
63.5,34.1,40.2,0.39,0.74
63.6,34.1,40.18,0.39,0.74
63.7,34.1,40.15,0.39,0.75
63.8,34.1,40.12,0.4,0.75
63.9,34.1,40.09,0.4,0.75
64,34.1,40.06,0.4,0.75
64.1,34.1,40.03,0.41,0.76
64.2,34.1,39.99,0.41,0.76
64.3,34.1,39.95,0.41,0.76
64.4,34.1,39.92,0.41,0.76
64.5,34.1,39.88,0.42,0.77
64.6,34.1,39.83,0.42,0.77
64.7,34.1,39.79,0.42,0.77
64.8,34.1,39.75,0.42,0.77
64.9,34.1,39.7,0.43,0.78
65,34.1,39.65,0.43,0.78
65.1,34.1,39.6,0.43,0.78
65.2,34.1,39.55,0.44,0.79
65.3,34.1,39.49,0.44,0.79
65.4,34.1,39.43,0.44,0.79
65.5,34.1,39.37,0.44,0.79
65.6,34.1,39.31,0.45,0.8
65.7,34.1,39.25,0.45,0.8
65.8,34.1,39.18,0.45,0.8
65.9,34.1,39.12,0.46,0.81
66,34.1,39.05,0.46,0.81
66.1,34.1,38.97,0.46,0.81
58,34.2,40.31,0.28,0.62
58.1,34.2,40.31,0.28,0.62
58.2,34.2,40.32,0.28,0.63
58.3,34.2,40.32,0.28,0.63
58.4,34.2,40.33,0.29,0.63
58.5,34.2,40.33,0.29,0.63
58.6,34.2,40.34,0.29,0.63
58.7,34.2,40.35,0.29,0.63
58.8,34.2,40.35,0.29,0.64
58.9,34.2,40.36,0.29,0.64
59,34.2,40.37,0.29,0.64
59.1,34.2,40.37,0.3,0.64
59.2,34.2,40.38,0.3,0.64
59.3,34.2,40.39,0.3,0.65
59.4,34.2,40.39,0.3,0.65
59.5,34.2,40.4,0.3,0.65
59.6,34.2,40.41,0.3,0.65
59.7,34.2,40.41,0.31,0.65
59.8,34.2,40.42,0.31,0.66
59.9,34.2,40.43,0.31,0.66
60,34.2,40.43,0.31,0.66
60.1,34.2,40.44,0.31,0.66
60.2,34.2,40.44,0.32,0.66
60.3,34.2,40.45,0.32,0.67
60.4,34.2,40.45,0.32,0.67
60.5,34.2,40.46,0.32,0.67
60.6,34.2,40.46,0.32,0.67
60.7,34.2,40.46,0.33,0.68
60.8,34.2,40.47,0.33,0.68
60.9,34.2,40.47,0.33,0.68
61,34.2,40.47,0.33,0.68
61.1,34.2,40.47,0.33,0.68
61.2,34.2,40.47,0.34,0.69
61.3,34.2,40.47,0.34,0.69
61.4,34.2,40.47,0.34,0.69
61.5,34.2,40.47,0.34,0.69
61.6,34.2,40.46,0.34,0.7
61.7,34.2,40.46,0.35,0.7
61.8,34.2,40.45,0.35,0.7
61.9,34.2,40.45,0.35,0.7
62,34.2,40.44,0.35,0.7
62.1,34.2,40.44,0.36,0.71
62.2,34.2,40.43,0.36,0.71
62.3,34.2,40.42,0.36,0.71
62.4,34.2,40.41,0.36,0.71
62.5,34.2,40.4,0.37,0.72
62.6,34.2,40.38,0.37,0.72
62.7,34.2,40.37,0.37,0.72
62.8,34.2,40.36,0.37,0.72
62.9,34.2,40.34,0.38,0.73
63,34.2,40.32,0.38,0.73
63.1,34.2,40.3,0.38,0.73
63.2,34.2,40.29,0.38,0.73
63.3,34.2,40.26,0.39,0.74
63.4,34.2,40.24,0.39,0.74
63.5,34.2,40.22,0.39,0.74
63.6,34.2,40.19,0.39,0.74
63.7,34.2,40.17,0.4,0.75
63.8,34.2,40.14,0.4,0.75
63.9,34.2,40.11,0.4,0.75
64,34.2,40.08,0.4,0.75
64.1,34.2,40.04,0.41,0.76
64.2,34.2,40.01,0.41,0.76
64.3,34.2,39.97,0.41,0.76
64.4,34.2,39.93,0.42,0.76
64.5,34.2,39.89,0.42,0.77
64.6,34.2,39.85,0.42,0.77
64.7,34.2,39.81,0.42,0.77
64.8,34.2,39.76,0.43,0.78
64.9,34.2,39.72,0.43,0.78
65,34.2,39.67,0.43,0.78
65.1,34.2,39.62,0.43,0.78
65.2,34.2,39.56,0.44,0.79
65.3,34.2,39.51,0.44,0.79
65.4,34.2,39.45,0.44,0.79
65.5,34.2,39.39,0.45,0.79
65.6,34.2,39.33,0.45,0.8
65.7,34.2,39.27,0.45,0.8
65.8,34.2,39.2,0.46,0.8
65.9,34.2,39.13,0.46,0.81
66,34.2,39.06,0.46,0.81
66.1,34.2,38.99,0.46,0.81
58,34.3,40.32,0.28,0.62
58.1,34.3,40.33,0.28,0.63
58.2,34.3,40.33,0.28,0.63
58.3,34.3,40.34,0.28,0.63
58.4,34.3,40.34,0.29,0.63
58.5,34.3,40.35,0.29,0.63
58.6,34.3,40.36,0.29,0.64
58.7,34.3,40.36,0.29,0.64
58.8,34.3,40.37,0.29,0.64
58.9,34.3,40.38,0.29,0.64
59,34.3,40.38,0.29,0.64
59.1,34.3,40.39,0.3,0.64
59.2,34.3,40.4,0.3,0.65
59.3,34.3,40.4,0.3,0.65
59.4,34.3,40.41,0.3,0.65
59.5,34.3,40.42,0.3,0.65
59.6,34.3,40.42,0.3,0.65
59.7,34.3,40.43,0.31,0.66
59.8,34.3,40.44,0.31,0.66
59.9,34.3,40.44,0.31,0.66
60,34.3,40.45,0.31,0.66
60.1,34.3,40.45,0.31,0.66
60.2,34.3,40.46,0.32,0.67
60.3,34.3,40.46,0.32,0.67
60.4,34.3,40.47,0.32,0.67
60.5,34.3,40.47,0.32,0.67
60.6,34.3,40.48,0.32,0.68
60.7,34.3,40.48,0.33,0.68
60.8,34.3,40.48,0.33,0.68
60.9,34.3,40.48,0.33,0.68
61,34.3,40.48,0.33,0.68
61.1,34.3,40.49,0.33,0.69
61.2,34.3,40.49,0.34,0.69
61.3,34.3,40.49,0.34,0.69
61.4,34.3,40.48,0.34,0.69
61.5,34.3,40.48,0.34,0.7
61.6,34.3,40.48,0.35,0.7
61.7,34.3,40.48,0.35,0.7
61.8,34.3,40.47,0.35,0.7
61.9,34.3,40.47,0.35,0.7
62,34.3,40.46,0.36,0.71
62.1,34.3,40.45,0.36,0.71
62.2,34.3,40.44,0.36,0.71
62.3,34.3,40.44,0.36,0.71
62.4,34.3,40.43,0.36,0.72
62.5,34.3,40.41,0.37,0.72
62.6,34.3,40.4,0.37,0.72
62.7,34.3,40.39,0.37,0.72
62.8,34.3,40.37,0.37,0.73
62.9,34.3,40.36,0.38,0.73
63,34.3,40.34,0.38,0.73
63.1,34.3,40.32,0.38,0.73
63.2,34.3,40.3,0.38,0.74
63.3,34.3,40.28,0.39,0.74
63.4,34.3,40.26,0.39,0.74
63.5,34.3,40.23,0.39,0.74
63.6,34.3,40.21,0.4,0.75
63.7,34.3,40.18,0.4,0.75
63.8,34.3,40.15,0.4,0.75
63.9,34.3,40.12,0.4,0.75
64,34.3,40.09,0.41,0.76
64.1,34.3,40.06,0.41,0.76
64.2,34.3,40.03,0.41,0.76
64.3,34.3,39.99,0.41,0.76
64.4,34.3,39.95,0.42,0.77
64.5,34.3,39.91,0.42,0.77
64.6,34.3,39.87,0.42,0.77
64.7,34.3,39.83,0.42,0.77
64.8,34.3,39.78,0.43,0.78
64.9,34.3,39.73,0.43,0.78
65,34.3,39.69,0.43,0.78
65.1,34.3,39.63,0.44,0.78
65.2,34.3,39.58,0.44,0.79
65.3,34.3,39.53,0.44,0.79
65.4,34.3,39.47,0.45,0.79
65.5,34.3,39.41,0.45,0.8
65.6,34.3,39.35,0.45,0.8
65.7,34.3,39.29,0.45,0.8
65.8,34.3,39.22,0.46,0.8
65.9,34.3,39.15,0.46,0.81
66,34.3,39.08,0.46,0.81
66.1,34.3,39.01,0.47,0.81
58,34.4,40.34,0.28,0.63
58.1,34.4,40.34,0.28,0.63
58.2,34.4,40.35,0.28,0.63
58.3,34.4,40.35,0.28,0.63
58.4,34.4,40.36,0.29,0.63
58.5,34.4,40.37,0.29,0.64
58.6,34.4,40.37,0.29,0.64
58.7,34.4,40.38,0.29,0.64
58.8,34.4,40.39,0.29,0.64
58.9,34.4,40.39,0.29,0.64
59,34.4,40.4,0.29,0.65
59.1,34.4,40.41,0.3,0.65
59.2,34.4,40.41,0.3,0.65
59.3,34.4,40.42,0.3,0.65
59.4,34.4,40.43,0.3,0.65
59.5,34.4,40.43,0.3,0.65
59.6,34.4,40.44,0.31,0.66
59.7,34.4,40.45,0.31,0.66
59.8,34.4,40.45,0.31,0.66
59.9,34.4,40.46,0.31,0.66
60,34.4,40.46,0.31,0.66
60.1,34.4,40.47,0.31,0.67
60.2,34.4,40.47,0.32,0.67
60.3,34.4,40.48,0.32,0.67
60.4,34.4,40.48,0.32,0.67
60.5,34.4,40.49,0.32,0.68
60.6,34.4,40.49,0.32,0.68
60.7,34.4,40.49,0.33,0.68
60.8,34.4,40.5,0.33,0.68
60.9,34.4,40.5,0.33,0.68
61,34.4,40.5,0.33,0.69
61.1,34.4,40.5,0.34,0.69
61.2,34.4,40.5,0.34,0.69
61.3,34.4,40.5,0.34,0.69
61.4,34.4,40.5,0.34,0.69
61.5,34.4,40.5,0.34,0.7
61.6,34.4,40.5,0.35,0.7
61.7,34.4,40.49,0.35,0.7
61.8,34.4,40.49,0.35,0.7
61.9,34.4,40.48,0.35,0.71
62,34.4,40.48,0.36,0.71
62.1,34.4,40.47,0.36,0.71
62.2,34.4,40.46,0.36,0.71
62.3,34.4,40.45,0.36,0.72
62.4,34.4,40.44,0.37,0.72
62.5,34.4,40.43,0.37,0.72
62.6,34.4,40.42,0.37,0.72
62.7,34.4,40.41,0.37,0.72
62.8,34.4,40.39,0.38,0.73
62.9,34.4,40.37,0.38,0.73
63,34.4,40.36,0.38,0.73
63.1,34.4,40.34,0.38,0.73
63.2,34.4,40.32,0.39,0.74
63.3,34.4,40.3,0.39,0.74
63.4,34.4,40.28,0.39,0.74
63.5,34.4,40.25,0.39,0.74
63.6,34.4,40.23,0.4,0.75
63.7,34.4,40.2,0.4,0.75
63.8,34.4,40.17,0.4,0.75
63.9,34.4,40.14,0.4,0.75
64,34.4,40.11,0.41,0.76
64.1,34.4,40.08,0.41,0.76
64.2,34.4,40.04,0.41,0.76
64.3,34.4,40.01,0.42,0.76
64.4,34.4,39.97,0.42,0.77
64.5,34.4,39.93,0.42,0.77
64.6,34.4,39.89,0.42,0.77
64.7,34.4,39.84,0.43,0.78
64.8,34.4,39.8,0.43,0.78
64.9,34.4,39.75,0.43,0.78
65,34.4,39.7,0.44,0.78
65.1,34.4,39.65,0.44,0.79
65.2,34.4,39.6,0.44,0.79
65.3,34.4,39.55,0.44,0.79
65.4,34.4,39.49,0.45,0.79
65.5,34.4,39.43,0.45,0.8
65.6,34.4,39.37,0.45,0.8
65.7,34.4,39.31,0.46,0.8
65.8,34.4,39.24,0.46,0.81
65.9,34.4,39.17,0.46,0.81
66,34.4,39.1,0.46,0.81
66.1,34.4,39.03,0.47,0.81
58,34.5,40.35,0.28,0.63
58.1,34.5,40.36,0.28,0.63
58.2,34.5,40.36,0.28,0.63
58.3,34.5,40.37,0.28,0.63
58.4,34.5,40.38,0.29,0.64
58.5,34.5,40.38,0.29,0.64
58.6,34.5,40.39,0.29,0.64
58.7,34.5,40.39,0.29,0.64
58.8,34.5,40.4,0.29,0.64
58.9,34.5,40.41,0.29,0.65
59,34.5,40.42,0.3,0.65
59.1,34.5,40.42,0.3,0.65
59.2,34.5,40.43,0.3,0.65
59.3,34.5,40.44,0.3,0.65
59.4,34.5,40.44,0.3,0.66
59.5,34.5,40.45,0.3,0.66
59.6,34.5,40.46,0.31,0.66
59.7,34.5,40.46,0.31,0.66
59.8,34.5,40.47,0.31,0.66
59.9,34.5,40.47,0.31,0.67
60,34.5,40.48,0.31,0.67
60.1,34.5,40.49,0.32,0.67
60.2,34.5,40.49,0.32,0.67
60.3,34.5,40.5,0.32,0.67
60.4,34.5,40.5,0.32,0.68
60.5,34.5,40.5,0.32,0.68
60.6,34.5,40.51,0.33,0.68
60.7,34.5,40.51,0.33,0.68
60.8,34.5,40.51,0.33,0.68
60.9,34.5,40.52,0.33,0.69
61,34.5,40.52,0.33,0.69
61.1,34.5,40.52,0.34,0.69
61.2,34.5,40.52,0.34,0.69
61.3,34.5,40.52,0.34,0.69
61.4,34.5,40.52,0.34,0.7
61.5,34.5,40.52,0.35,0.7
61.6,34.5,40.51,0.35,0.7
61.7,34.5,40.51,0.35,0.7
61.8,34.5,40.51,0.35,0.71
61.9,34.5,40.5,0.36,0.71
62,34.5,40.49,0.36,0.71
62.1,34.5,40.49,0.36,0.71
62.2,34.5,40.48,0.36,0.71
62.3,34.5,40.47,0.36,0.72
62.4,34.5,40.46,0.37,0.72
62.5,34.5,40.45,0.37,0.72
62.6,34.5,40.44,0.37,0.72
62.7,34.5,40.42,0.37,0.73
62.8,34.5,40.41,0.38,0.73
62.9,34.5,40.39,0.38,0.73
63,34.5,40.38,0.38,0.73
63.1,34.5,40.36,0.39,0.74
63.2,34.5,40.34,0.39,0.74
63.3,34.5,40.32,0.39,0.74
63.4,34.5,40.29,0.39,0.74
63.5,34.5,40.27,0.4,0.75
63.6,34.5,40.25,0.4,0.75
63.7,34.5,40.22,0.4,0.75
63.8,34.5,40.19,0.4,0.75
63.9,34.5,40.16,0.41,0.76
64,34.5,40.13,0.41,0.76
64.1,34.5,40.1,0.41,0.76
64.2,34.5,40.06,0.41,0.76
64.3,34.5,40.03,0.42,0.77
64.4,34.5,39.99,0.42,0.77
64.5,34.5,39.95,0.42,0.77
64.6,34.5,39.91,0.43,0.77
64.7,34.5,39.86,0.43,0.78
64.8,34.5,39.82,0.43,0.78
64.9,34.5,39.77,0.43,0.78
65,34.5,39.72,0.44,0.78
65.1,34.5,39.67,0.44,0.79
65.2,34.5,39.62,0.44,0.79
65.3,34.5,39.56,0.45,0.79
65.4,34.5,39.51,0.45,0.8
65.5,34.5,39.45,0.45,0.8
65.6,34.5,39.39,0.45,0.8
65.7,34.5,39.32,0.46,0.8
65.8,34.5,39.26,0.46,0.81
65.9,34.5,39.19,0.46,0.81
66,34.5,39.12,0.47,0.81
66.1,34.5,39.05,0.47,0.82
58,34.6,40.37,0.28,0.63
58.1,34.6,40.38,0.28,0.63
58.2,34.6,40.38,0.28,0.64
58.3,34.6,40.39,0.29,0.64
58.4,34.6,40.39,0.29,0.64
58.5,34.6,40.4,0.29,0.64
58.6,34.6,40.41,0.29,0.64
58.7,34.6,40.41,0.29,0.64
58.8,34.6,40.42,0.29,0.65
58.9,34.6,40.42,0.29,0.65
59,34.6,40.43,0.3,0.65
59.1,34.6,40.44,0.3,0.65
59.2,34.6,40.45,0.3,0.65
59.3,34.6,40.45,0.3,0.66
59.4,34.6,40.46,0.3,0.66
59.5,34.6,40.47,0.3,0.66
59.6,34.6,40.47,0.31,0.66
59.7,34.6,40.48,0.31,0.66
59.8,34.6,40.49,0.31,0.67
59.9,34.6,40.49,0.31,0.67
60,34.6,40.5,0.31,0.67
60.1,34.6,40.5,0.32,0.67
60.2,34.6,40.51,0.32,0.67
60.3,34.6,40.51,0.32,0.68
60.4,34.6,40.52,0.32,0.68
60.5,34.6,40.52,0.32,0.68
60.6,34.6,40.53,0.33,0.68
60.7,34.6,40.53,0.33,0.68
60.8,34.6,40.53,0.33,0.69
60.9,34.6,40.53,0.33,0.69
61,34.6,40.54,0.34,0.69
61.1,34.6,40.54,0.34,0.69
61.2,34.6,40.54,0.34,0.69
61.3,34.6,40.54,0.34,0.7
61.4,34.6,40.53,0.34,0.7
61.5,34.6,40.53,0.35,0.7
61.6,34.6,40.53,0.35,0.7
61.7,34.6,40.53,0.35,0.71
61.8,34.6,40.52,0.35,0.71
61.9,34.6,40.52,0.36,0.71
62,34.6,40.51,0.36,0.71
62.1,34.6,40.5,0.36,0.71
62.2,34.6,40.5,0.36,0.72
62.3,34.6,40.49,0.37,0.72
62.4,34.6,40.48,0.37,0.72
62.5,34.6,40.47,0.37,0.72
62.6,34.6,40.45,0.37,0.73
62.7,34.6,40.44,0.38,0.73
62.8,34.6,40.43,0.38,0.73
62.9,34.6,40.41,0.38,0.73
63,34.6,40.39,0.38,0.74
63.1,34.6,40.38,0.39,0.74
63.2,34.6,40.36,0.39,0.74
63.3,34.6,40.33,0.39,0.74
63.4,34.6,40.31,0.39,0.75
63.5,34.6,40.29,0.4,0.75
63.6,34.6,40.26,0.4,0.75
63.7,34.6,40.24,0.4,0.75
63.8,34.6,40.21,0.41,0.76
63.9,34.6,40.18,0.41,0.76
64,34.6,40.15,0.41,0.76
64.1,34.6,40.12,0.41,0.76
64.2,34.6,40.08,0.42,0.77
64.3,34.6,40.04,0.42,0.77
64.4,34.6,40.01,0.42,0.77
64.5,34.6,39.97,0.42,0.77
64.6,34.6,39.93,0.43,0.78
64.7,34.6,39.88,0.43,0.78
64.8,34.6,39.84,0.43,0.78
64.9,34.6,39.79,0.44,0.78
65,34.6,39.74,0.44,0.79
65.1,34.6,39.69,0.44,0.79
65.2,34.6,39.64,0.44,0.79
65.3,34.6,39.58,0.45,0.79
65.4,34.6,39.53,0.45,0.8
65.5,34.6,39.47,0.45,0.8
65.6,34.6,39.41,0.46,0.8
65.7,34.6,39.34,0.46,0.81
65.8,34.6,39.28,0.46,0.81
65.9,34.6,39.21,0.47,0.81
66,34.6,39.14,0.47,0.81
66.1,34.6,39.07,0.47,0.82
58,34.7,40.39,0.28,0.63
58.1,34.7,40.39,0.28,0.64
58.2,34.7,40.4,0.28,0.64
58.3,34.7,40.4,0.29,0.64
58.4,34.7,40.41,0.29,0.64
58.5,34.7,40.42,0.29,0.64
58.6,34.7,40.42,0.29,0.64
58.7,34.7,40.43,0.29,0.65
58.8,34.7,40.44,0.29,0.65
58.9,34.7,40.44,0.3,0.65
59,34.7,40.45,0.3,0.65
59.1,34.7,40.46,0.3,0.65
59.2,34.7,40.46,0.3,0.66
59.3,34.7,40.47,0.3,0.66
59.4,34.7,40.48,0.3,0.66
59.5,34.7,40.48,0.31,0.66
59.6,34.7,40.49,0.31,0.66
59.7,34.7,40.5,0.31,0.67
59.8,34.7,40.5,0.31,0.67
59.9,34.7,40.51,0.31,0.67
60,34.7,40.51,0.32,0.67
60.1,34.7,40.52,0.32,0.67
60.2,34.7,40.53,0.32,0.68
60.3,34.7,40.53,0.32,0.68
60.4,34.7,40.54,0.32,0.68
60.5,34.7,40.54,0.33,0.68
60.6,34.7,40.54,0.33,0.68
60.7,34.7,40.55,0.33,0.69
60.8,34.7,40.55,0.33,0.69
60.9,34.7,40.55,0.33,0.69
61,34.7,40.55,0.34,0.69
61.1,34.7,40.55,0.34,0.69
61.2,34.7,40.55,0.34,0.7
61.3,34.7,40.55,0.34,0.7
61.4,34.7,40.55,0.35,0.7
61.5,34.7,40.55,0.35,0.7
61.6,34.7,40.55,0.35,0.71
61.7,34.7,40.54,0.35,0.71
61.8,34.7,40.54,0.36,0.71
61.9,34.7,40.54,0.36,0.71
62,34.7,40.53,0.36,0.71
62.1,34.7,40.52,0.36,0.72
62.2,34.7,40.51,0.37,0.72
62.3,34.7,40.51,0.37,0.72
62.4,34.7,40.5,0.37,0.72
62.5,34.7,40.48,0.37,0.73
62.6,34.7,40.47,0.38,0.73
62.7,34.7,40.46,0.38,0.73
62.8,34.7,40.44,0.38,0.73
62.9,34.7,40.43,0.38,0.73
63,34.7,40.41,0.39,0.74
63.1,34.7,40.39,0.39,0.74
63.2,34.7,40.37,0.39,0.74
63.3,34.7,40.35,0.39,0.74
63.4,34.7,40.33,0.4,0.75
63.5,34.7,40.31,0.4,0.75
63.6,34.7,40.28,0.4,0.75
63.7,34.7,40.26,0.4,0.75
63.8,34.7,40.23,0.41,0.76
63.9,34.7,40.2,0.41,0.76
64,34.7,40.17,0.41,0.76
64.1,34.7,40.13,0.42,0.76
64.2,34.7,40.1,0.42,0.77
64.3,34.7,40.06,0.42,0.77
64.4,34.7,40.03,0.42,0.77
64.5,34.7,39.99,0.43,0.77
64.6,34.7,39.95,0.43,0.78
64.7,34.7,39.9,0.43,0.78
64.8,34.7,39.86,0.44,0.78
64.9,34.7,39.81,0.44,0.78
65,34.7,39.76,0.44,0.79
65.1,34.7,39.71,0.44,0.79
65.2,34.7,39.66,0.45,0.79
65.3,34.7,39.6,0.45,0.8
65.4,34.7,39.55,0.45,0.8
65.5,34.7,39.49,0.46,0.8
65.6,34.7,39.43,0.46,0.8
65.7,34.7,39.36,0.46,0.81
65.8,34.7,39.3,0.46,0.81
65.9,34.7,39.23,0.47,0.81
66,34.7,39.16,0.47,0.81
66.1,34.7,39.09,0.47,0.82
58,34.8,40.41,0.28,0.64
58.1,34.8,40.41,0.28,0.64
58.2,34.8,40.42,0.29,0.64
58.3,34.8,40.42,0.29,0.64
58.4,34.8,40.43,0.29,0.64
58.5,34.8,40.43,0.29,0.65
58.6,34.8,40.44,0.29,0.65
58.7,34.8,40.45,0.29,0.65
58.8,34.8,40.45,0.29,0.65
58.9,34.8,40.46,0.3,0.65
59,34.8,40.47,0.3,0.65
59.1,34.8,40.47,0.3,0.66
59.2,34.8,40.48,0.3,0.66
59.3,34.8,40.49,0.3,0.66
59.4,34.8,40.49,0.31,0.66
59.5,34.8,40.5,0.31,0.66
59.6,34.8,40.51,0.31,0.67
59.7,34.8,40.51,0.31,0.67
59.8,34.8,40.52,0.31,0.67
59.9,34.8,40.53,0.31,0.67
60,34.8,40.53,0.32,0.67
60.1,34.8,40.54,0.32,0.68
60.2,34.8,40.54,0.32,0.68
60.3,34.8,40.55,0.32,0.68
60.4,34.8,40.55,0.33,0.68
60.5,34.8,40.56,0.33,0.68
60.6,34.8,40.56,0.33,0.69
60.7,34.8,40.56,0.33,0.69
60.8,34.8,40.57,0.33,0.69
60.9,34.8,40.57,0.34,0.69
61,34.8,40.57,0.34,0.69
61.1,34.8,40.57,0.34,0.7
61.2,34.8,40.57,0.34,0.7
61.3,34.8,40.57,0.35,0.7
61.4,34.8,40.57,0.35,0.7
61.5,34.8,40.57,0.35,0.7
61.6,34.8,40.57,0.35,0.71
61.7,34.8,40.56,0.36,0.71
61.8,34.8,40.56,0.36,0.71
61.9,34.8,40.55,0.36,0.71
62,34.8,40.55,0.36,0.72
62.1,34.8,40.54,0.37,0.72
62.2,34.8,40.53,0.37,0.72
62.3,34.8,40.52,0.37,0.72
62.4,34.8,40.51,0.37,0.72
62.5,34.8,40.5,0.38,0.73
62.6,34.8,40.49,0.38,0.73
62.7,34.8,40.48,0.38,0.73
62.8,34.8,40.46,0.38,0.73
62.9,34.8,40.45,0.39,0.74
63,34.8,40.43,0.39,0.74
63.1,34.8,40.41,0.39,0.74
63.2,34.8,40.39,0.39,0.74
63.3,34.8,40.37,0.4,0.75
63.4,34.8,40.35,0.4,0.75
63.5,34.8,40.33,0.4,0.75
63.6,34.8,40.3,0.4,0.75
63.7,34.8,40.28,0.41,0.76
63.8,34.8,40.25,0.41,0.76
63.9,34.8,40.22,0.41,0.76
64,34.8,40.19,0.41,0.76
64.1,34.8,40.15,0.42,0.77
64.2,34.8,40.12,0.42,0.77
64.3,34.8,40.08,0.42,0.77
64.4,34.8,40.05,0.43,0.77
64.5,34.8,40.01,0.43,0.78
64.6,34.8,39.97,0.43,0.78
64.7,34.8,39.92,0.43,0.78
64.8,34.8,39.88,0.44,0.78
64.9,34.8,39.83,0.44,0.79
65,34.8,39.78,0.44,0.79
65.1,34.8,39.73,0.45,0.79
65.2,34.8,39.68,0.45,0.79
65.3,34.8,39.62,0.45,0.8
65.4,34.8,39.57,0.45,0.8
65.5,34.8,39.51,0.46,0.8
65.6,34.8,39.45,0.46,0.8
65.7,34.8,39.39,0.46,0.81
65.8,34.8,39.32,0.47,0.81
65.9,34.8,39.25,0.47,0.81
66,34.8,39.18,0.47,0.82
66.1,34.8,39.11,0.48,0.82
58,34.9,40.42,0.28,0.64
58.1,34.9,40.43,0.29,0.64
58.2,34.9,40.43,0.29,0.64
58.3,34.9,40.44,0.29,0.64
58.4,34.9,40.44,0.29,0.65
58.5,34.9,40.45,0.29,0.65
58.6,34.9,40.46,0.29,0.65
58.7,34.9,40.46,0.29,0.65
58.8,34.9,40.47,0.3,0.65
58.9,34.9,40.48,0.3,0.66
59,34.9,40.48,0.3,0.66
59.1,34.9,40.49,0.3,0.66
59.2,34.9,40.5,0.3,0.66
59.3,34.9,40.5,0.3,0.66
59.4,34.9,40.51,0.31,0.66
59.5,34.9,40.52,0.31,0.67
59.6,34.9,40.53,0.31,0.67
59.7,34.9,40.53,0.31,0.67
59.8,34.9,40.54,0.31,0.67
59.9,34.9,40.54,0.32,0.67
60,34.9,40.55,0.32,0.68
60.1,34.9,40.56,0.32,0.68
60.2,34.9,40.56,0.32,0.68
60.3,34.9,40.57,0.32,0.68
60.4,34.9,40.57,0.33,0.68
60.5,34.9,40.58,0.33,0.69
60.6,34.9,40.58,0.33,0.69
60.7,34.9,40.58,0.33,0.69
60.8,34.9,40.59,0.34,0.69
60.9,34.9,40.59,0.34,0.69
61,34.9,40.59,0.34,0.7
61.1,34.9,40.59,0.34,0.7
61.2,34.9,40.59,0.35,0.7
61.3,34.9,40.59,0.35,0.7
61.4,34.9,40.59,0.35,0.7
61.5,34.9,40.59,0.35,0.71
61.6,34.9,40.59,0.35,0.71
61.7,34.9,40.58,0.36,0.71
61.8,34.9,40.58,0.36,0.71
61.9,34.9,40.57,0.36,0.72
62,34.9,40.57,0.36,0.72
62.1,34.9,40.56,0.37,0.72
62.2,34.9,40.55,0.37,0.72
62.3,34.9,40.54,0.37,0.72
62.4,34.9,40.53,0.37,0.73
62.5,34.9,40.52,0.38,0.73
62.6,34.9,40.51,0.38,0.73
62.7,34.9,40.5,0.38,0.73
62.8,34.9,40.48,0.38,0.74
62.9,34.9,40.47,0.39,0.74
63,34.9,40.45,0.39,0.74
63.1,34.9,40.43,0.39,0.74
63.2,34.9,40.41,0.4,0.75
63.3,34.9,40.39,0.4,0.75
63.4,34.9,40.37,0.4,0.75
63.5,34.9,40.35,0.4,0.75
63.6,34.9,40.32,0.41,0.76
63.7,34.9,40.29,0.41,0.76
63.8,34.9,40.27,0.41,0.76
63.9,34.9,40.24,0.41,0.76
64,34.9,40.21,0.42,0.76
64.1,34.9,40.17,0.42,0.77
64.2,34.9,40.14,0.42,0.77
64.3,34.9,40.1,0.43,0.77
64.4,34.9,40.07,0.43,0.77
64.5,34.9,40.03,0.43,0.78
64.6,34.9,39.99,0.43,0.78
64.7,34.9,39.94,0.44,0.78
64.8,34.9,39.9,0.44,0.79
64.9,34.9,39.85,0.44,0.79
65,34.9,39.8,0.45,0.79
65.1,34.9,39.75,0.45,0.79
65.2,34.9,39.7,0.45,0.8
65.3,34.9,39.64,0.45,0.8
65.4,34.9,39.59,0.46,0.8
65.5,34.9,39.53,0.46,0.8
65.6,34.9,39.47,0.46,0.81
65.7,34.9,39.41,0.47,0.81
65.8,34.9,39.34,0.47,0.81
65.9,34.9,39.27,0.47,0.81
66,34.9,39.2,0.47,0.82
66.1,34.9,39.13,0.48,0.82
58,35,40.44,0.28,0.64
58.1,35,40.45,0.29,0.64
58.2,35,40.45,0.29,0.65
58.3,35,40.46,0.29,0.65
58.4,35,40.46,0.29,0.65
58.5,35,40.47,0.29,0.65
58.6,35,40.48,0.29,0.65
58.7,35,40.48,0.3,0.65
58.8,35,40.49,0.3,0.66
58.9,35,40.5,0.3,0.66
59,35,40.5,0.3,0.66
59.1,35,40.51,0.3,0.66
59.2,35,40.52,0.3,0.66
59.3,35,40.52,0.31,0.67
59.4,35,40.53,0.31,0.67
59.5,35,40.54,0.31,0.67
59.6,35,40.54,0.31,0.67
59.7,35,40.55,0.31,0.67
59.8,35,40.56,0.32,0.67
59.9,35,40.56,0.32,0.68
60,35,40.57,0.32,0.68
60.1,35,40.57,0.32,0.68
60.2,35,40.58,0.32,0.68
60.3,35,40.59,0.33,0.68
60.4,35,40.59,0.33,0.69
60.5,35,40.59,0.33,0.69
60.6,35,40.6,0.33,0.69
60.7,35,40.6,0.34,0.69
60.8,35,40.6,0.34,0.69
60.9,35,40.61,0.34,0.7
61,35,40.61,0.34,0.7
61.1,35,40.61,0.34,0.7
61.2,35,40.61,0.35,0.7
61.3,35,40.61,0.35,0.7
61.4,35,40.61,0.35,0.71
61.5,35,40.61,0.35,0.71
61.6,35,40.6,0.36,0.71
61.7,35,40.6,0.36,0.71
61.8,35,40.6,0.36,0.72
61.9,35,40.59,0.36,0.72
62,35,40.59,0.37,0.72
62.1,35,40.58,0.37,0.72
62.2,35,40.57,0.37,0.72
62.3,35,40.56,0.37,0.73
62.4,35,40.55,0.38,0.73
62.5,35,40.54,0.38,0.73
62.6,35,40.53,0.38,0.73
62.7,35,40.52,0.38,0.74
62.8,35,40.5,0.39,0.74
62.9,35,40.49,0.39,0.74
63,35,40.47,0.39,0.74
63.1,35,40.45,0.4,0.74
63.2,35,40.43,0.4,0.75
63.3,35,40.41,0.4,0.75
63.4,35,40.39,0.4,0.75
63.5,35,40.37,0.41,0.75
63.6,35,40.34,0.41,0.76
63.7,35,40.31,0.41,0.76
63.8,35,40.29,0.41,0.76
63.9,35,40.26,0.42,0.76
64,35,40.23,0.42,0.77
64.1,35,40.19,0.42,0.77
64.2,35,40.16,0.42,0.77
64.3,35,40.12,0.43,0.77
64.4,35,40.09,0.43,0.78
64.5,35,40.05,0.43,0.78
64.6,35,40.01,0.44,0.78
64.7,35,39.96,0.44,0.78
64.8,35,39.92,0.44,0.79
64.9,35,39.87,0.44,0.79
65,35,39.82,0.45,0.79
65.1,35,39.77,0.45,0.79
65.2,35,39.72,0.45,0.8
65.3,35,39.67,0.46,0.8
65.4,35,39.61,0.46,0.8
65.5,35,39.55,0.46,0.8
65.6,35,39.49,0.46,0.81
65.7,35,39.43,0.47,0.81
65.8,35,39.36,0.47,0.81
65.9,35,39.3,0.47,0.82
66,35,39.23,0.48,0.82
66.1,35,39.15,0.48,0.82
58,35.1,40.46,0.29,0.64
58.1,35.1,40.46,0.29,0.65
58.2,35.1,40.47,0.29,0.65
58.3,35.1,40.48,0.29,0.65
58.4,35.1,40.48,0.29,0.65
58.5,35.1,40.49,0.29,0.65
58.6,35.1,40.49,0.3,0.66
58.7,35.1,40.5,0.3,0.66
58.8,35.1,40.51,0.3,0.66
58.9,35.1,40.51,0.3,0.66
59,35.1,40.52,0.3,0.66
59.1,35.1,40.53,0.3,0.66
59.2,35.1,40.53,0.31,0.67
59.3,35.1,40.54,0.31,0.67
59.4,35.1,40.55,0.31,0.67
59.5,35.1,40.56,0.31,0.67
59.6,35.1,40.56,0.31,0.67
59.7,35.1,40.57,0.32,0.68
59.8,35.1,40.58,0.32,0.68
59.9,35.1,40.58,0.32,0.68
60,35.1,40.59,0.32,0.68
60.1,35.1,40.59,0.32,0.68
60.2,35.1,40.6,0.33,0.68
60.3,35.1,40.6,0.33,0.69
60.4,35.1,40.61,0.33,0.69
60.5,35.1,40.61,0.33,0.69
60.6,35.1,40.62,0.34,0.69
60.7,35.1,40.62,0.34,0.69
60.8,35.1,40.62,0.34,0.7
60.9,35.1,40.63,0.34,0.7
61,35.1,40.63,0.34,0.7
61.1,35.1,40.63,0.35,0.7
61.2,35.1,40.63,0.35,0.7
61.3,35.1,40.63,0.35,0.71
61.4,35.1,40.63,0.35,0.71
61.5,35.1,40.63,0.36,0.71
61.6,35.1,40.62,0.36,0.71
61.7,35.1,40.62,0.36,0.72
61.8,35.1,40.62,0.36,0.72
61.9,35.1,40.61,0.37,0.72
62,35.1,40.61,0.37,0.72
62.1,35.1,40.6,0.37,0.72
62.2,35.1,40.59,0.37,0.73
62.3,35.1,40.58,0.38,0.73
62.4,35.1,40.57,0.38,0.73
62.5,35.1,40.56,0.38,0.73
62.6,35.1,40.55,0.38,0.74
62.7,35.1,40.54,0.39,0.74
62.8,35.1,40.52,0.39,0.74
62.9,35.1,40.51,0.39,0.74
63,35.1,40.49,0.39,0.74
63.1,35.1,40.47,0.4,0.75
63.2,35.1,40.45,0.4,0.75
63.3,35.1,40.43,0.4,0.75
63.4,35.1,40.41,0.41,0.75
63.5,35.1,40.39,0.41,0.76
63.6,35.1,40.36,0.41,0.76
63.7,35.1,40.34,0.41,0.76
63.8,35.1,40.31,0.42,0.76
63.9,35.1,40.28,0.42,0.77
64,35.1,40.25,0.42,0.77
64.1,35.1,40.21,0.42,0.77
64.2,35.1,40.18,0.43,0.77
64.3,35.1,40.14,0.43,0.78
64.4,35.1,40.11,0.43,0.78
64.5,35.1,40.07,0.44,0.78
64.6,35.1,40.03,0.44,0.78
64.7,35.1,39.98,0.44,0.79
64.8,35.1,39.94,0.44,0.79
64.9,35.1,39.89,0.45,0.79
65,35.1,39.84,0.45,0.79
65.1,35.1,39.79,0.45,0.8
65.2,35.1,39.74,0.46,0.8
65.3,35.1,39.69,0.46,0.8
65.4,35.1,39.63,0.46,0.8
65.5,35.1,39.57,0.46,0.81
65.6,35.1,39.51,0.47,0.81
65.7,35.1,39.45,0.47,0.81
65.8,35.1,39.38,0.47,0.81
65.9,35.1,39.32,0.48,0.82
66,35.1,39.25,0.48,0.82
66.1,35.1,39.18,0.48,0.82
58,35.2,40.48,0.29,0.65
58.1,35.2,40.48,0.29,0.65
58.2,35.2,40.49,0.29,0.65
58.3,35.2,40.49,0.29,0.65
58.4,35.2,40.5,0.29,0.65
58.5,35.2,40.51,0.3,0.66
58.6,35.2,40.51,0.3,0.66
58.7,35.2,40.52,0.3,0.66
58.8,35.2,40.53,0.3,0.66
58.9,35.2,40.53,0.3,0.66
59,35.2,40.54,0.3,0.66
59.1,35.2,40.55,0.31,0.67
59.2,35.2,40.55,0.31,0.67
59.3,35.2,40.56,0.31,0.67
59.4,35.2,40.57,0.31,0.67
59.5,35.2,40.57,0.31,0.67
59.6,35.2,40.58,0.32,0.68
59.7,35.2,40.59,0.32,0.68
59.8,35.2,40.59,0.32,0.68
59.9,35.2,40.6,0.32,0.68
60,35.2,40.61,0.32,0.68
60.1,35.2,40.61,0.33,0.69
60.2,35.2,40.62,0.33,0.69
60.3,35.2,40.62,0.33,0.69
60.4,35.2,40.63,0.33,0.69
60.5,35.2,40.63,0.34,0.69
60.6,35.2,40.64,0.34,0.69
60.7,35.2,40.64,0.34,0.7
60.8,35.2,40.64,0.34,0.7
60.9,35.2,40.64,0.34,0.7
61,35.2,40.65,0.35,0.7
61.1,35.2,40.65,0.35,0.7
61.2,35.2,40.65,0.35,0.71
61.3,35.2,40.65,0.35,0.71
61.4,35.2,40.65,0.36,0.71
61.5,35.2,40.65,0.36,0.71
61.6,35.2,40.64,0.36,0.72
61.7,35.2,40.64,0.36,0.72
61.8,35.2,40.64,0.37,0.72
61.9,35.2,40.63,0.37,0.72
62,35.2,40.63,0.37,0.72
62.1,35.2,40.62,0.37,0.73
62.2,35.2,40.61,0.38,0.73
62.3,35.2,40.6,0.38,0.73
62.4,35.2,40.59,0.38,0.73
62.5,35.2,40.58,0.38,0.73
62.6,35.2,40.57,0.39,0.74
62.7,35.2,40.56,0.39,0.74
62.8,35.2,40.54,0.39,0.74
62.9,35.2,40.53,0.39,0.74
63,35.2,40.51,0.4,0.75
63.1,35.2,40.49,0.4,0.75
63.2,35.2,40.47,0.4,0.75
63.3,35.2,40.45,0.41,0.75
63.4,35.2,40.43,0.41,0.76
63.5,35.2,40.41,0.41,0.76
63.6,35.2,40.38,0.41,0.76
63.7,35.2,40.36,0.42,0.76
63.8,35.2,40.33,0.42,0.77
63.9,35.2,40.3,0.42,0.77
64,35.2,40.27,0.42,0.77
64.1,35.2,40.24,0.43,0.77
64.2,35.2,40.2,0.43,0.77
64.3,35.2,40.17,0.43,0.78
64.4,35.2,40.13,0.44,0.78
64.5,35.2,40.09,0.44,0.78
64.6,35.2,40.05,0.44,0.78
64.7,35.2,40.01,0.44,0.79
64.8,35.2,39.96,0.45,0.79
64.9,35.2,39.91,0.45,0.79
65,35.2,39.87,0.45,0.79
65.1,35.2,39.82,0.46,0.8
65.2,35.2,39.76,0.46,0.8
65.3,35.2,39.71,0.46,0.8
65.4,35.2,39.65,0.46,0.81
65.5,35.2,39.59,0.47,0.81
65.6,35.2,39.53,0.47,0.81
65.7,35.2,39.47,0.47,0.81
65.8,35.2,39.41,0.48,0.82
65.9,35.2,39.34,0.48,0.82
66,35.2,39.27,0.48,0.82
66.1,35.2,39.2,0.48,0.82
58,35.3,40.5,0.29,0.65
58.1,35.3,40.5,0.29,0.65
58.2,35.3,40.51,0.29,0.65
58.3,35.3,40.51,0.29,0.66
58.4,35.3,40.52,0.3,0.66
58.5,35.3,40.53,0.3,0.66
58.6,35.3,40.53,0.3,0.66
58.7,35.3,40.54,0.3,0.66
58.8,35.3,40.55,0.3,0.66
58.9,35.3,40.55,0.3,0.67
59,35.3,40.56,0.31,0.67
59.1,35.3,40.57,0.31,0.67
59.2,35.3,40.57,0.31,0.67
59.3,35.3,40.58,0.31,0.67
59.4,35.3,40.59,0.31,0.67
59.5,35.3,40.59,0.32,0.68
59.6,35.3,40.6,0.32,0.68
59.7,35.3,40.61,0.32,0.68
59.8,35.3,40.61,0.32,0.68
59.9,35.3,40.62,0.32,0.68
60,35.3,40.63,0.33,0.69
60.1,35.3,40.63,0.33,0.69
60.2,35.3,40.64,0.33,0.69
60.3,35.3,40.64,0.33,0.69
60.4,35.3,40.65,0.34,0.69
60.5,35.3,40.65,0.34,0.7
60.6,35.3,40.66,0.34,0.7
60.7,35.3,40.66,0.34,0.7
60.8,35.3,40.66,0.34,0.7
60.9,35.3,40.66,0.35,0.7
61,35.3,40.67,0.35,0.71
61.1,35.3,40.67,0.35,0.71
61.2,35.3,40.67,0.35,0.71
61.3,35.3,40.67,0.36,0.71
61.4,35.3,40.67,0.36,0.71
61.5,35.3,40.67,0.36,0.72
61.6,35.3,40.66,0.36,0.72
61.7,35.3,40.66,0.37,0.72
61.8,35.3,40.66,0.37,0.72
61.9,35.3,40.65,0.37,0.72
62,35.3,40.65,0.37,0.73
62.1,35.3,40.64,0.38,0.73
62.2,35.3,40.63,0.38,0.73
62.3,35.3,40.62,0.38,0.73
62.4,35.3,40.61,0.38,0.73
62.5,35.3,40.6,0.39,0.74
62.6,35.3,40.59,0.39,0.74
62.7,35.3,40.58,0.39,0.74
62.8,35.3,40.56,0.39,0.74
62.9,35.3,40.55,0.4,0.75
63,35.3,40.53,0.4,0.75
63.1,35.3,40.51,0.4,0.75
63.2,35.3,40.49,0.41,0.75
63.3,35.3,40.47,0.41,0.76
63.4,35.3,40.45,0.41,0.76
63.5,35.3,40.43,0.41,0.76
63.6,35.3,40.4,0.42,0.76
63.7,35.3,40.38,0.42,0.76
63.8,35.3,40.35,0.42,0.77
63.9,35.3,40.32,0.42,0.77
64,35.3,40.29,0.43,0.77
64.1,35.3,40.26,0.43,0.77
64.2,35.3,40.22,0.43,0.78
64.3,35.3,40.19,0.44,0.78
64.4,35.3,40.15,0.44,0.78
64.5,35.3,40.11,0.44,0.78
64.6,35.3,40.07,0.44,0.79
64.7,35.3,40.03,0.45,0.79
64.8,35.3,39.98,0.45,0.79
64.9,35.3,39.94,0.45,0.79
65,35.3,39.89,0.46,0.8
65.1,35.3,39.84,0.46,0.8
65.2,35.3,39.79,0.46,0.8
65.3,35.3,39.73,0.46,0.8
65.4,35.3,39.68,0.47,0.81
65.5,35.3,39.62,0.47,0.81
65.6,35.3,39.56,0.47,0.81
65.7,35.3,39.49,0.48,0.81
65.8,35.3,39.43,0.48,0.82
65.9,35.3,39.36,0.48,0.82
66,35.3,39.29,0.48,0.82
66.1,35.3,39.22,0.49,0.83
58,35.4,40.52,0.29,0.65
58.1,35.4,40.52,0.29,0.65
58.2,35.4,40.53,0.3,0.66
58.3,35.4,40.53,0.3,0.66
58.4,35.4,40.54,0.3,0.66
58.5,35.4,40.55,0.3,0.66
58.6,35.4,40.55,0.3,0.66
58.7,35.4,40.56,0.3,0.66
58.8,35.4,40.57,0.31,0.67
58.9,35.4,40.57,0.31,0.67
59,35.4,40.58,0.31,0.67
59.1,35.4,40.59,0.31,0.67
59.2,35.4,40.59,0.31,0.67
59.3,35.4,40.6,0.31,0.68
59.4,35.4,40.61,0.32,0.68
59.5,35.4,40.61,0.32,0.68
59.6,35.4,40.62,0.32,0.68
59.7,35.4,40.63,0.32,0.68
59.8,35.4,40.63,0.32,0.68
59.9,35.4,40.64,0.33,0.69
60,35.4,40.65,0.33,0.69
60.1,35.4,40.65,0.33,0.69
60.2,35.4,40.66,0.33,0.69
60.3,35.4,40.66,0.34,0.69
60.4,35.4,40.67,0.34,0.7
60.5,35.4,40.67,0.34,0.7
60.6,35.4,40.68,0.34,0.7
60.7,35.4,40.68,0.35,0.7
60.8,35.4,40.68,0.35,0.7
60.9,35.4,40.68,0.35,0.71
61,35.4,40.69,0.35,0.71
61.1,35.4,40.69,0.35,0.71
61.2,35.4,40.69,0.36,0.71
61.3,35.4,40.69,0.36,0.71
61.4,35.4,40.69,0.36,0.72
61.5,35.4,40.69,0.36,0.72
61.6,35.4,40.68,0.37,0.72
61.7,35.4,40.68,0.37,0.72
61.8,35.4,40.68,0.37,0.72
61.9,35.4,40.67,0.37,0.73
62,35.4,40.67,0.38,0.73
62.1,35.4,40.66,0.38,0.73
62.2,35.4,40.65,0.38,0.73
62.3,35.4,40.64,0.38,0.73
62.4,35.4,40.63,0.39,0.74
62.5,35.4,40.62,0.39,0.74
62.6,35.4,40.61,0.39,0.74
62.7,35.4,40.6,0.4,0.74
62.8,35.4,40.58,0.4,0.75
62.9,35.4,40.57,0.4,0.75
63,35.4,40.55,0.4,0.75
63.1,35.4,40.53,0.41,0.75
63.2,35.4,40.51,0.41,0.75
63.3,35.4,40.49,0.41,0.76
63.4,35.4,40.47,0.41,0.76
63.5,35.4,40.45,0.42,0.76
63.6,35.4,40.42,0.42,0.76
63.7,35.4,40.4,0.42,0.77
63.8,35.4,40.37,0.42,0.77
63.9,35.4,40.34,0.43,0.77
64,35.4,40.31,0.43,0.77
64.1,35.4,40.28,0.43,0.78
64.2,35.4,40.24,0.44,0.78
64.3,35.4,40.21,0.44,0.78
64.4,35.4,40.17,0.44,0.78
64.5,35.4,40.13,0.44,0.79
64.6,35.4,40.09,0.45,0.79
64.7,35.4,40.05,0.45,0.79
64.8,35.4,40,0.45,0.79
64.9,35.4,39.96,0.46,0.8
65,35.4,39.91,0.46,0.8
65.1,35.4,39.86,0.46,0.8
65.2,35.4,39.81,0.46,0.8
65.3,35.4,39.75,0.47,0.81
65.4,35.4,39.7,0.47,0.81
65.5,35.4,39.64,0.47,0.81
65.6,35.4,39.58,0.47,0.81
65.7,35.4,39.52,0.48,0.82
65.8,35.4,39.45,0.48,0.82
65.9,35.4,39.39,0.48,0.82
66,35.4,39.32,0.49,0.82
66.1,35.4,39.24,0.49,0.83
58,35.5,40.54,0.29,0.66
58.1,35.5,40.54,0.3,0.66
58.2,35.5,40.55,0.3,0.66
58.3,35.5,40.55,0.3,0.66
58.4,35.5,40.56,0.3,0.66
58.5,35.5,40.57,0.3,0.66
58.6,35.5,40.57,0.3,0.67
58.7,35.5,40.58,0.31,0.67
58.8,35.5,40.59,0.31,0.67
58.9,35.5,40.59,0.31,0.67
59,35.5,40.6,0.31,0.67
59.1,35.5,40.61,0.31,0.67
59.2,35.5,40.61,0.32,0.68
59.3,35.5,40.62,0.32,0.68
59.4,35.5,40.63,0.32,0.68
59.5,35.5,40.63,0.32,0.68
59.6,35.5,40.64,0.32,0.68
59.7,35.5,40.65,0.33,0.69
59.8,35.5,40.65,0.33,0.69
59.9,35.5,40.66,0.33,0.69
60,35.5,40.67,0.33,0.69
60.1,35.5,40.67,0.33,0.69
60.2,35.5,40.68,0.34,0.69
60.3,35.5,40.68,0.34,0.7
60.4,35.5,40.69,0.34,0.7
60.5,35.5,40.69,0.34,0.7
60.6,35.5,40.7,0.35,0.7
60.7,35.5,40.7,0.35,0.7
60.8,35.5,40.7,0.35,0.71
60.9,35.5,40.71,0.35,0.71
61,35.5,40.71,0.36,0.71
61.1,35.5,40.71,0.36,0.71
61.2,35.5,40.71,0.36,0.71
61.3,35.5,40.71,0.36,0.72
61.4,35.5,40.71,0.37,0.72
61.5,35.5,40.71,0.37,0.72
61.6,35.5,40.7,0.37,0.72
61.7,35.5,40.7,0.37,0.72
61.8,35.5,40.7,0.38,0.73
61.9,35.5,40.69,0.38,0.73
62,35.5,40.69,0.38,0.73
62.1,35.5,40.68,0.38,0.73
62.2,35.5,40.67,0.39,0.73
62.3,35.5,40.66,0.39,0.74
62.4,35.5,40.65,0.39,0.74
62.5,35.5,40.64,0.39,0.74
62.6,35.5,40.63,0.4,0.74
62.7,35.5,40.62,0.4,0.75
62.8,35.5,40.61,0.4,0.75
62.9,35.5,40.59,0.4,0.75
63,35.5,40.57,0.41,0.75
63.1,35.5,40.56,0.41,0.75
63.2,35.5,40.54,0.41,0.76
63.3,35.5,40.52,0.41,0.76
63.4,35.5,40.49,0.42,0.76
63.5,35.5,40.47,0.42,0.76
63.6,35.5,40.45,0.42,0.77
63.7,35.5,40.42,0.43,0.77
63.8,35.5,40.39,0.43,0.77
63.9,35.5,40.36,0.43,0.77
64,35.5,40.33,0.43,0.78
64.1,35.5,40.3,0.44,0.78
64.2,35.5,40.27,0.44,0.78
64.3,35.5,40.23,0.44,0.78
64.4,35.5,40.19,0.44,0.79
64.5,35.5,40.15,0.45,0.79
64.6,35.5,40.11,0.45,0.79
64.7,35.5,40.07,0.45,0.79
64.8,35.5,40.03,0.46,0.79
64.9,35.5,39.98,0.46,0.8
65,35.5,39.93,0.46,0.8
65.1,35.5,39.88,0.46,0.8
65.2,35.5,39.83,0.47,0.8
65.3,35.5,39.78,0.47,0.81
65.4,35.5,39.72,0.47,0.81
65.5,35.5,39.66,0.47,0.81
65.6,35.5,39.6,0.48,0.82
65.7,35.5,39.54,0.48,0.82
65.8,35.5,39.48,0.48,0.82
65.9,35.5,39.41,0.49,0.82
66,35.5,39.34,0.49,0.83
66.1,35.5,39.27,0.49,0.83
58,35.6,40.56,0.3,0.66
58.1,35.6,40.56,0.3,0.66
58.2,35.6,40.57,0.3,0.66
58.3,35.6,40.57,0.3,0.66
58.4,35.6,40.58,0.3,0.67
58.5,35.6,40.59,0.31,0.67
58.6,35.6,40.59,0.31,0.67
58.7,35.6,40.6,0.31,0.67
58.8,35.6,40.61,0.31,0.67
58.9,35.6,40.61,0.31,0.67
59,35.6,40.62,0.31,0.68
59.1,35.6,40.63,0.32,0.68
59.2,35.6,40.63,0.32,0.68
59.3,35.6,40.64,0.32,0.68
59.4,35.6,40.65,0.32,0.68
59.5,35.6,40.65,0.32,0.68
59.6,35.6,40.66,0.33,0.69
59.7,35.6,40.67,0.33,0.69
59.8,35.6,40.67,0.33,0.69
59.9,35.6,40.68,0.33,0.69
60,35.6,40.69,0.33,0.69
60.1,35.6,40.69,0.34,0.7
60.2,35.6,40.7,0.34,0.7
60.3,35.6,40.7,0.34,0.7
60.4,35.6,40.71,0.34,0.7
60.5,35.6,40.71,0.35,0.7
60.6,35.6,40.72,0.35,0.7
60.7,35.6,40.72,0.35,0.71
60.8,35.6,40.72,0.35,0.71
60.9,35.6,40.73,0.36,0.71
61,35.6,40.73,0.36,0.71
61.1,35.6,40.73,0.36,0.71
61.2,35.6,40.73,0.36,0.72
61.3,35.6,40.73,0.37,0.72
61.4,35.6,40.73,0.37,0.72
61.5,35.6,40.73,0.37,0.72
61.6,35.6,40.73,0.37,0.72
61.7,35.6,40.72,0.38,0.73
61.8,35.6,40.72,0.38,0.73
61.9,35.6,40.71,0.38,0.73
62,35.6,40.71,0.38,0.73
62.1,35.6,40.7,0.39,0.73
62.2,35.6,40.69,0.39,0.74
62.3,35.6,40.69,0.39,0.74
62.4,35.6,40.68,0.39,0.74
62.5,35.6,40.67,0.4,0.74
62.6,35.6,40.65,0.4,0.75
62.7,35.6,40.64,0.4,0.75
62.8,35.6,40.63,0.4,0.75
62.9,35.6,40.61,0.41,0.75
63,35.6,40.6,0.41,0.75
63.1,35.6,40.58,0.41,0.76
63.2,35.6,40.56,0.42,0.76
63.3,35.6,40.54,0.42,0.76
63.4,35.6,40.52,0.42,0.76
63.5,35.6,40.49,0.42,0.77
63.6,35.6,40.47,0.43,0.77
63.7,35.6,40.44,0.43,0.77
63.8,35.6,40.42,0.43,0.77
63.9,35.6,40.39,0.43,0.77
64,35.6,40.36,0.44,0.78
64.1,35.6,40.32,0.44,0.78
64.2,35.6,40.29,0.44,0.78
64.3,35.6,40.25,0.44,0.78
64.4,35.6,40.22,0.45,0.79
64.5,35.6,40.18,0.45,0.79
64.6,35.6,40.14,0.45,0.79
64.7,35.6,40.09,0.46,0.79
64.8,35.6,40.05,0.46,0.8
64.9,35.6,40,0.46,0.8
65,35.6,39.96,0.46,0.8
65.1,35.6,39.91,0.47,0.8
65.2,35.6,39.85,0.47,0.81
65.3,35.6,39.8,0.47,0.81
65.4,35.6,39.74,0.48,0.81
65.5,35.6,39.69,0.48,0.81
65.6,35.6,39.63,0.48,0.82
65.7,35.6,39.56,0.48,0.82
65.8,35.6,39.5,0.49,0.82
65.9,35.6,39.43,0.49,0.82
66,35.6,39.36,0.49,0.83
66.1,35.6,39.29,0.49,0.83
58,35.7,40.58,0.3,0.66
58.1,35.7,40.58,0.3,0.66
58.2,35.7,40.59,0.3,0.67
58.3,35.7,40.59,0.3,0.67
58.4,35.7,40.6,0.31,0.67
58.5,35.7,40.61,0.31,0.67
58.6,35.7,40.61,0.31,0.67
58.7,35.7,40.62,0.31,0.67
58.8,35.7,40.63,0.31,0.67
58.9,35.7,40.63,0.32,0.68
59,35.7,40.64,0.32,0.68
59.1,35.7,40.65,0.32,0.68
59.2,35.7,40.65,0.32,0.68
59.3,35.7,40.66,0.32,0.68
59.4,35.7,40.67,0.33,0.69
59.5,35.7,40.68,0.33,0.69
59.6,35.7,40.68,0.33,0.69
59.7,35.7,40.69,0.33,0.69
59.8,35.7,40.7,0.33,0.69
59.9,35.7,40.7,0.34,0.69
60,35.7,40.71,0.34,0.7
60.1,35.7,40.71,0.34,0.7
60.2,35.7,40.72,0.34,0.7
60.3,35.7,40.72,0.35,0.7
60.4,35.7,40.73,0.35,0.7
60.5,35.7,40.73,0.35,0.71
60.6,35.7,40.74,0.35,0.71
60.7,35.7,40.74,0.35,0.71
60.8,35.7,40.74,0.36,0.71
60.9,35.7,40.75,0.36,0.71
61,35.7,40.75,0.36,0.71
61.1,35.7,40.75,0.36,0.72
61.2,35.7,40.75,0.37,0.72
61.3,35.7,40.75,0.37,0.72
61.4,35.7,40.75,0.37,0.72
61.5,35.7,40.75,0.37,0.72
61.6,35.7,40.75,0.38,0.73
61.7,35.7,40.74,0.38,0.73
61.8,35.7,40.74,0.38,0.73
61.9,35.7,40.74,0.38,0.73
62,35.7,40.73,0.39,0.73
62.1,35.7,40.72,0.39,0.74
62.2,35.7,40.72,0.39,0.74
62.3,35.7,40.71,0.39,0.74
62.4,35.7,40.7,0.4,0.74
62.5,35.7,40.69,0.4,0.75
62.6,35.7,40.68,0.4,0.75
62.7,35.7,40.66,0.41,0.75
62.8,35.7,40.65,0.41,0.75
62.9,35.7,40.63,0.41,0.75
63,35.7,40.62,0.41,0.76
63.1,35.7,40.6,0.42,0.76
63.2,35.7,40.58,0.42,0.76
63.3,35.7,40.56,0.42,0.76
63.4,35.7,40.54,0.42,0.77
63.5,35.7,40.52,0.43,0.77
63.6,35.7,40.49,0.43,0.77
63.7,35.7,40.47,0.43,0.77
63.8,35.7,40.44,0.43,0.77
63.9,35.7,40.41,0.44,0.78
64,35.7,40.38,0.44,0.78
64.1,35.7,40.35,0.44,0.78
64.2,35.7,40.31,0.45,0.78
64.3,35.7,40.28,0.45,0.79
64.4,35.7,40.24,0.45,0.79
64.5,35.7,40.2,0.45,0.79
64.6,35.7,40.16,0.46,0.79
64.7,35.7,40.12,0.46,0.8
64.8,35.7,40.07,0.46,0.8
64.9,35.7,40.03,0.46,0.8
65,35.7,39.98,0.47,0.8
65.1,35.7,39.93,0.47,0.81
65.2,35.7,39.88,0.47,0.81
65.3,35.7,39.82,0.48,0.81
65.4,35.7,39.77,0.48,0.81
65.5,35.7,39.71,0.48,0.82
65.6,35.7,39.65,0.48,0.82
65.7,35.7,39.59,0.49,0.82
65.8,35.7,39.52,0.49,0.82
65.9,35.7,39.46,0.49,0.83
66,35.7,39.39,0.49,0.83
66.1,35.7,39.32,0.5,0.83
58,35.8,40.6,0.3,0.67
58.1,35.8,40.6,0.3,0.67
58.2,35.8,40.61,0.31,0.67
58.3,35.8,40.62,0.31,0.67
58.4,35.8,40.62,0.31,0.67
58.5,35.8,40.63,0.31,0.67
58.6,35.8,40.63,0.31,0.67
58.7,35.8,40.64,0.31,0.68
58.8,35.8,40.65,0.32,0.68
58.9,35.8,40.65,0.32,0.68
59,35.8,40.66,0.32,0.68
59.1,35.8,40.67,0.32,0.68
59.2,35.8,40.68,0.32,0.68
59.3,35.8,40.68,0.33,0.69
59.4,35.8,40.69,0.33,0.69
59.5,35.8,40.7,0.33,0.69
59.6,35.8,40.7,0.33,0.69
59.7,35.8,40.71,0.34,0.69
59.8,35.8,40.72,0.34,0.69
59.9,35.8,40.72,0.34,0.7
60,35.8,40.73,0.34,0.7
60.1,35.8,40.74,0.34,0.7
60.2,35.8,40.74,0.35,0.7
60.3,35.8,40.75,0.35,0.7
60.4,35.8,40.75,0.35,0.71
60.5,35.8,40.76,0.35,0.71
60.6,35.8,40.76,0.36,0.71
60.7,35.8,40.76,0.36,0.71
60.8,35.8,40.77,0.36,0.71
60.9,35.8,40.77,0.36,0.72
61,35.8,40.77,0.37,0.72
61.1,35.8,40.77,0.37,0.72
61.2,35.8,40.77,0.37,0.72
61.3,35.8,40.77,0.37,0.72
61.4,35.8,40.77,0.38,0.73
61.5,35.8,40.77,0.38,0.73
61.6,35.8,40.77,0.38,0.73
61.7,35.8,40.77,0.38,0.73
61.8,35.8,40.76,0.39,0.73
61.9,35.8,40.76,0.39,0.74
62,35.8,40.75,0.39,0.74
62.1,35.8,40.75,0.39,0.74
62.2,35.8,40.74,0.4,0.74
62.3,35.8,40.73,0.4,0.74
62.4,35.8,40.72,0.4,0.75
62.5,35.8,40.71,0.4,0.75
62.6,35.8,40.7,0.41,0.75
62.7,35.8,40.69,0.41,0.75
62.8,35.8,40.67,0.41,0.75
62.9,35.8,40.66,0.41,0.76
63,35.8,40.64,0.42,0.76
63.1,35.8,40.62,0.42,0.76
63.2,35.8,40.6,0.42,0.76
63.3,35.8,40.58,0.43,0.77
63.4,35.8,40.56,0.43,0.77
63.5,35.8,40.54,0.43,0.77
63.6,35.8,40.51,0.43,0.77
63.7,35.8,40.49,0.44,0.77
63.8,35.8,40.46,0.44,0.78
63.9,35.8,40.43,0.44,0.78
64,35.8,40.4,0.44,0.78
64.1,35.8,40.37,0.45,0.78
64.2,35.8,40.34,0.45,0.79
64.3,35.8,40.3,0.45,0.79
64.4,35.8,40.26,0.45,0.79
64.5,35.8,40.22,0.46,0.79
64.6,35.8,40.18,0.46,0.8
64.7,35.8,40.14,0.46,0.8
64.8,35.8,40.1,0.47,0.8
64.9,35.8,40.05,0.47,0.8
65,35.8,40,0.47,0.81
65.1,35.8,39.95,0.47,0.81
65.2,35.8,39.9,0.48,0.81
65.3,35.8,39.85,0.48,0.81
65.4,35.8,39.79,0.48,0.82
65.5,35.8,39.73,0.48,0.82
65.6,35.8,39.67,0.49,0.82
65.7,35.8,39.61,0.49,0.82
65.8,35.8,39.55,0.49,0.83
65.9,35.8,39.48,0.5,0.83
66,35.8,39.41,0.5,0.83
66.1,35.8,39.34,0.5,0.83
58,35.9,40.62,0.31,0.67
58.1,35.9,40.63,0.31,0.67
58.2,35.9,40.63,0.31,0.67
58.3,35.9,40.64,0.31,0.67
58.4,35.9,40.64,0.31,0.67
58.5,35.9,40.65,0.31,0.68
58.6,35.9,40.66,0.32,0.68
58.7,35.9,40.66,0.32,0.68
58.8,35.9,40.67,0.32,0.68
58.9,35.9,40.68,0.32,0.68
59,35.9,40.68,0.32,0.68
59.1,35.9,40.69,0.33,0.69
59.2,35.9,40.7,0.33,0.69
59.3,35.9,40.7,0.33,0.69
59.4,35.9,40.71,0.33,0.69
59.5,35.9,40.72,0.33,0.69
59.6,35.9,40.73,0.34,0.69
59.7,35.9,40.73,0.34,0.7
59.8,35.9,40.74,0.34,0.7
59.9,35.9,40.75,0.34,0.7
60,35.9,40.75,0.35,0.7
60.1,35.9,40.76,0.35,0.7
60.2,35.9,40.76,0.35,0.7
60.3,35.9,40.77,0.35,0.71
60.4,35.9,40.77,0.35,0.71
60.5,35.9,40.78,0.36,0.71
60.6,35.9,40.78,0.36,0.71
60.7,35.9,40.79,0.36,0.71
60.8,35.9,40.79,0.36,0.72
60.9,35.9,40.79,0.37,0.72
61,35.9,40.79,0.37,0.72
61.1,35.9,40.79,0.37,0.72
61.2,35.9,40.8,0.37,0.72
61.3,35.9,40.8,0.38,0.73
61.4,35.9,40.79,0.38,0.73
61.5,35.9,40.79,0.38,0.73
61.6,35.9,40.79,0.38,0.73
61.7,35.9,40.79,0.39,0.73
61.8,35.9,40.78,0.39,0.74
61.9,35.9,40.78,0.39,0.74
62,35.9,40.77,0.39,0.74
62.1,35.9,40.77,0.4,0.74
62.2,35.9,40.76,0.4,0.74
62.3,35.9,40.75,0.4,0.75
62.4,35.9,40.74,0.41,0.75
62.5,35.9,40.73,0.41,0.75
62.6,35.9,40.72,0.41,0.75
62.7,35.9,40.71,0.41,0.75
62.8,35.9,40.69,0.42,0.76
62.9,35.9,40.68,0.42,0.76
63,35.9,40.66,0.42,0.76
63.1,35.9,40.64,0.42,0.76
63.2,35.9,40.63,0.43,0.77
63.3,35.9,40.61,0.43,0.77
63.4,35.9,40.58,0.43,0.77
63.5,35.9,40.56,0.43,0.77
63.6,35.9,40.54,0.44,0.77
63.7,35.9,40.51,0.44,0.78
63.8,35.9,40.48,0.44,0.78
63.9,35.9,40.45,0.44,0.78
64,35.9,40.42,0.45,0.78
64.1,35.9,40.39,0.45,0.79
64.2,35.9,40.36,0.45,0.79
64.3,35.9,40.32,0.46,0.79
64.4,35.9,40.29,0.46,0.79
64.5,35.9,40.25,0.46,0.79
64.6,35.9,40.21,0.46,0.8
64.7,35.9,40.16,0.47,0.8
64.8,35.9,40.12,0.47,0.8
64.9,35.9,40.07,0.47,0.8
65,35.9,40.03,0.47,0.81
65.1,35.9,39.98,0.48,0.81
65.2,35.9,39.93,0.48,0.81
65.3,35.9,39.87,0.48,0.81
65.4,35.9,39.82,0.49,0.82
65.5,35.9,39.76,0.49,0.82
65.6,35.9,39.7,0.49,0.82
65.7,35.9,39.64,0.49,0.82
65.8,35.9,39.57,0.5,0.83
65.9,35.9,39.51,0.5,0.83
66,35.9,39.44,0.5,0.83
66.1,35.9,39.37,0.5,0.83
58,36,40.64,0.31,0.67
58.1,36,40.65,0.31,0.67
58.2,36,40.65,0.31,0.67
58.3,36,40.66,0.32,0.68
58.4,36,40.66,0.32,0.68
58.5,36,40.67,0.32,0.68
58.6,36,40.68,0.32,0.68
58.7,36,40.68,0.32,0.68
58.8,36,40.69,0.32,0.68
58.9,36,40.7,0.33,0.69
59,36,40.7,0.33,0.69
59.1,36,40.71,0.33,0.69
59.2,36,40.72,0.33,0.69
59.3,36,40.73,0.33,0.69
59.4,36,40.73,0.34,0.69
59.5,36,40.74,0.34,0.7
59.6,36,40.75,0.34,0.7
59.7,36,40.75,0.34,0.7
59.8,36,40.76,0.35,0.7
59.9,36,40.77,0.35,0.7
60,36,40.77,0.35,0.7
60.1,36,40.78,0.35,0.71
60.2,36,40.78,0.35,0.71
60.3,36,40.79,0.36,0.71
60.4,36,40.8,0.36,0.71
60.5,36,40.8,0.36,0.71
60.6,36,40.8,0.36,0.71
60.7,36,40.81,0.37,0.72
60.8,36,40.81,0.37,0.72
60.9,36,40.81,0.37,0.72
61,36,40.82,0.37,0.72
61.1,36,40.82,0.38,0.72
61.2,36,40.82,0.38,0.73
61.3,36,40.82,0.38,0.73
61.4,36,40.82,0.38,0.73
61.5,36,40.82,0.39,0.73
61.6,36,40.81,0.39,0.73
61.7,36,40.81,0.39,0.74
61.8,36,40.81,0.39,0.74
61.9,36,40.8,0.4,0.74
62,36,40.8,0.4,0.74
62.1,36,40.79,0.4,0.74
62.2,36,40.78,0.4,0.75
62.3,36,40.77,0.41,0.75
62.4,36,40.77,0.41,0.75
62.5,36,40.76,0.41,0.75
62.6,36,40.74,0.41,0.75
62.7,36,40.73,0.42,0.76
62.8,36,40.72,0.42,0.76
62.9,36,40.7,0.42,0.76
63,36,40.69,0.43,0.76
63.1,36,40.67,0.43,0.77
63.2,36,40.65,0.43,0.77
63.3,36,40.63,0.43,0.77
63.4,36,40.61,0.44,0.77
63.5,36,40.58,0.44,0.77
63.6,36,40.56,0.44,0.78
63.7,36,40.53,0.44,0.78
63.8,36,40.51,0.45,0.78
63.9,36,40.48,0.45,0.78
64,36,40.45,0.45,0.79
64.1,36,40.42,0.45,0.79
64.2,36,40.38,0.46,0.79
64.3,36,40.35,0.46,0.79
64.4,36,40.31,0.46,0.79
64.5,36,40.27,0.46,0.8
64.6,36,40.23,0.47,0.8
64.7,36,40.19,0.47,0.8
64.8,36,40.14,0.47,0.8
64.9,36,40.1,0.48,0.81
65,36,40.05,0.48,0.81
65.1,36,40,0.48,0.81
65.2,36,39.95,0.48,0.81
65.3,36,39.9,0.49,0.82
65.4,36,39.84,0.49,0.82
65.5,36,39.78,0.49,0.82
65.6,36,39.72,0.49,0.82
65.7,36,39.66,0.5,0.83
65.8,36,39.6,0.5,0.83
65.9,36,39.53,0.5,0.83
66,36,39.46,0.5,0.83
66.1,36,39.39,0.51,0.84
58,36.1,40.66,0.31,0.67
58.1,36.1,40.67,0.32,0.68
58.2,36.1,40.67,0.32,0.68
58.3,36.1,40.68,0.32,0.68
58.4,36.1,40.69,0.32,0.68
58.5,36.1,40.69,0.32,0.68
58.6,36.1,40.7,0.32,0.68
58.7,36.1,40.71,0.33,0.69
58.8,36.1,40.71,0.33,0.69
58.9,36.1,40.72,0.33,0.69
59,36.1,40.73,0.33,0.69
59.1,36.1,40.73,0.33,0.69
59.2,36.1,40.74,0.34,0.69
59.3,36.1,40.75,0.34,0.69
59.4,36.1,40.76,0.34,0.7
59.5,36.1,40.76,0.34,0.7
59.6,36.1,40.77,0.35,0.7
59.7,36.1,40.78,0.35,0.7
59.8,36.1,40.78,0.35,0.7
59.9,36.1,40.79,0.35,0.7
60,36.1,40.8,0.35,0.71
60.1,36.1,40.8,0.36,0.71
60.2,36.1,40.81,0.36,0.71
60.3,36.1,40.81,0.36,0.71
60.4,36.1,40.82,0.36,0.71
60.5,36.1,40.82,0.37,0.72
60.6,36.1,40.83,0.37,0.72
60.7,36.1,40.83,0.37,0.72
60.8,36.1,40.83,0.37,0.72
60.9,36.1,40.84,0.38,0.72
61,36.1,40.84,0.38,0.72
61.1,36.1,40.84,0.38,0.73
61.2,36.1,40.84,0.38,0.73
61.3,36.1,40.84,0.39,0.73
61.4,36.1,40.84,0.39,0.73
61.5,36.1,40.84,0.39,0.73
61.6,36.1,40.84,0.39,0.74
61.7,36.1,40.83,0.4,0.74
61.8,36.1,40.83,0.4,0.74
61.9,36.1,40.83,0.4,0.74
62,36.1,40.82,0.4,0.74
62.1,36.1,40.81,0.41,0.75
62.2,36.1,40.81,0.41,0.75
62.3,36.1,40.8,0.41,0.75
62.4,36.1,40.79,0.41,0.75
62.5,36.1,40.78,0.42,0.75
62.6,36.1,40.77,0.42,0.76
62.7,36.1,40.75,0.42,0.76
62.8,36.1,40.74,0.42,0.76
62.9,36.1,40.73,0.43,0.76
63,36.1,40.71,0.43,0.77
63.1,36.1,40.69,0.43,0.77
63.2,36.1,40.67,0.43,0.77
63.3,36.1,40.65,0.44,0.77
63.4,36.1,40.63,0.44,0.77
63.5,36.1,40.61,0.44,0.78
63.6,36.1,40.58,0.45,0.78
63.7,36.1,40.56,0.45,0.78
63.8,36.1,40.53,0.45,0.78
63.9,36.1,40.5,0.45,0.79
64,36.1,40.47,0.46,0.79
64.1,36.1,40.44,0.46,0.79
64.2,36.1,40.41,0.46,0.79
64.3,36.1,40.37,0.46,0.79
64.4,36.1,40.33,0.47,0.8
64.5,36.1,40.3,0.47,0.8
64.6,36.1,40.26,0.47,0.8
64.7,36.1,40.21,0.47,0.8
64.8,36.1,40.17,0.48,0.81
64.9,36.1,40.12,0.48,0.81
65,36.1,40.08,0.48,0.81
65.1,36.1,40.03,0.48,0.81
65.2,36.1,39.97,0.49,0.82
65.3,36.1,39.92,0.49,0.82
65.4,36.1,39.86,0.49,0.82
65.5,36.1,39.81,0.5,0.82
65.6,36.1,39.75,0.5,0.83
65.7,36.1,39.69,0.5,0.83
65.8,36.1,39.62,0.5,0.83
65.9,36.1,39.56,0.51,0.83
66,36.1,39.49,0.51,0.84
66.1,36.1,39.42,0.51,0.84
58,36.2,40.69,0.32,0.68
58.1,36.2,40.69,0.32,0.68
58.2,36.2,40.7,0.32,0.68
58.3,36.2,40.7,0.32,0.68
58.4,36.2,40.71,0.33,0.68
58.5,36.2,40.71,0.33,0.68
58.6,36.2,40.72,0.33,0.69
58.7,36.2,40.73,0.33,0.69
58.8,36.2,40.74,0.33,0.69
58.9,36.2,40.74,0.33,0.69
59,36.2,40.75,0.34,0.69
59.1,36.2,40.76,0.34,0.69
59.2,36.2,40.76,0.34,0.7
59.3,36.2,40.77,0.34,0.7
59.4,36.2,40.78,0.35,0.7
59.5,36.2,40.78,0.35,0.7
59.6,36.2,40.79,0.35,0.7
59.7,36.2,40.8,0.35,0.7
59.8,36.2,40.81,0.35,0.71
59.9,36.2,40.81,0.36,0.71
60,36.2,40.82,0.36,0.71
60.1,36.2,40.82,0.36,0.71
60.2,36.2,40.83,0.36,0.71
60.3,36.2,40.84,0.37,0.71
60.4,36.2,40.84,0.37,0.72
60.5,36.2,40.84,0.37,0.72
60.6,36.2,40.85,0.37,0.72
60.7,36.2,40.85,0.38,0.72
60.8,36.2,40.86,0.38,0.72
60.9,36.2,40.86,0.38,0.73
61,36.2,40.86,0.38,0.73
61.1,36.2,40.86,0.39,0.73
61.2,36.2,40.86,0.39,0.73
61.3,36.2,40.86,0.39,0.73
61.4,36.2,40.86,0.39,0.74
61.5,36.2,40.86,0.4,0.74
61.6,36.2,40.86,0.4,0.74
61.7,36.2,40.86,0.4,0.74
61.8,36.2,40.85,0.4,0.74
61.9,36.2,40.85,0.41,0.74
62,36.2,40.84,0.41,0.75
62.1,36.2,40.84,0.41,0.75
62.2,36.2,40.83,0.41,0.75
62.3,36.2,40.82,0.42,0.75
62.4,36.2,40.81,0.42,0.75
62.5,36.2,40.8,0.42,0.76
62.6,36.2,40.79,0.42,0.76
62.7,36.2,40.78,0.43,0.76
62.8,36.2,40.76,0.43,0.76
62.9,36.2,40.75,0.43,0.77
63,36.2,40.73,0.43,0.77
63.1,36.2,40.72,0.44,0.77
63.2,36.2,40.7,0.44,0.77
63.3,36.2,40.68,0.44,0.77
63.4,36.2,40.66,0.44,0.78
63.5,36.2,40.63,0.45,0.78
63.6,36.2,40.61,0.45,0.78
63.7,36.2,40.58,0.45,0.78
63.8,36.2,40.56,0.46,0.78
63.9,36.2,40.53,0.46,0.79
64,36.2,40.5,0.46,0.79
64.1,36.2,40.46,0.46,0.79
64.2,36.2,40.43,0.47,0.79
64.3,36.2,40.4,0.47,0.8
64.4,36.2,40.36,0.47,0.8
64.5,36.2,40.32,0.47,0.8
64.6,36.2,40.28,0.48,0.8
64.7,36.2,40.24,0.48,0.81
64.8,36.2,40.19,0.48,0.81
64.9,36.2,40.15,0.48,0.81
65,36.2,40.1,0.49,0.81
65.1,36.2,40.05,0.49,0.82
65.2,36.2,40,0.49,0.82
65.3,36.2,39.95,0.49,0.82
65.4,36.2,39.89,0.5,0.82
65.5,36.2,39.83,0.5,0.82
65.6,36.2,39.77,0.5,0.83
65.7,36.2,39.71,0.5,0.83
65.8,36.2,39.65,0.51,0.83
65.9,36.2,39.58,0.51,0.83
66,36.2,39.51,0.51,0.84
66.1,36.2,39.44,0.51,0.84
58,36.3,40.71,0.32,0.68
58.1,36.3,40.71,0.32,0.68
58.2,36.3,40.72,0.33,0.68
58.3,36.3,40.73,0.33,0.69
58.4,36.3,40.73,0.33,0.69
58.5,36.3,40.74,0.33,0.69
58.6,36.3,40.74,0.33,0.69
58.7,36.3,40.75,0.34,0.69
58.8,36.3,40.76,0.34,0.69
58.9,36.3,40.76,0.34,0.69
59,36.3,40.77,0.34,0.7
59.1,36.3,40.78,0.34,0.7
59.2,36.3,40.79,0.35,0.7
59.3,36.3,40.79,0.35,0.7
59.4,36.3,40.8,0.35,0.7
59.5,36.3,40.81,0.35,0.7
59.6,36.3,40.81,0.35,0.71
59.7,36.3,40.82,0.36,0.71
59.8,36.3,40.83,0.36,0.71
59.9,36.3,40.83,0.36,0.71
60,36.3,40.84,0.36,0.71
60.1,36.3,40.85,0.37,0.71
60.2,36.3,40.85,0.37,0.72
60.3,36.3,40.86,0.37,0.72
60.4,36.3,40.86,0.37,0.72
60.5,36.3,40.87,0.38,0.72
60.6,36.3,40.87,0.38,0.72
60.7,36.3,40.88,0.38,0.72
60.8,36.3,40.88,0.38,0.73
60.9,36.3,40.88,0.39,0.73
61,36.3,40.88,0.39,0.73
61.1,36.3,40.89,0.39,0.73
61.2,36.3,40.89,0.39,0.73
61.3,36.3,40.89,0.4,0.74
61.4,36.3,40.89,0.4,0.74
61.5,36.3,40.88,0.4,0.74
61.6,36.3,40.88,0.4,0.74
61.7,36.3,40.88,0.41,0.74
61.8,36.3,40.88,0.41,0.75
61.9,36.3,40.87,0.41,0.75
62,36.3,40.87,0.41,0.75
62.1,36.3,40.86,0.42,0.75
62.2,36.3,40.85,0.42,0.75
62.3,36.3,40.85,0.42,0.76
62.4,36.3,40.84,0.42,0.76
62.5,36.3,40.83,0.43,0.76
62.6,36.3,40.81,0.43,0.76
62.7,36.3,40.8,0.43,0.76
62.8,36.3,40.79,0.43,0.77
62.9,36.3,40.77,0.44,0.77
63,36.3,40.76,0.44,0.77
63.1,36.3,40.74,0.44,0.77
63.2,36.3,40.72,0.44,0.77
63.3,36.3,40.7,0.45,0.78
63.4,36.3,40.68,0.45,0.78
63.5,36.3,40.66,0.45,0.78
63.6,36.3,40.63,0.45,0.78
63.7,36.3,40.61,0.46,0.78
63.8,36.3,40.58,0.46,0.79
63.9,36.3,40.55,0.46,0.79
64,36.3,40.52,0.47,0.79
64.1,36.3,40.49,0.47,0.79
64.2,36.3,40.46,0.47,0.8
64.3,36.3,40.42,0.47,0.8
64.4,36.3,40.38,0.48,0.8
64.5,36.3,40.35,0.48,0.8
64.6,36.3,40.31,0.48,0.81
64.7,36.3,40.26,0.48,0.81
64.8,36.3,40.22,0.49,0.81
64.9,36.3,40.17,0.49,0.81
65,36.3,40.13,0.49,0.81
65.1,36.3,40.08,0.49,0.82
65.2,36.3,40.02,0.5,0.82
65.3,36.3,39.97,0.5,0.82
65.4,36.3,39.92,0.5,0.82
65.5,36.3,39.86,0.5,0.83
65.6,36.3,39.8,0.51,0.83
65.7,36.3,39.74,0.51,0.83
65.8,36.3,39.67,0.51,0.83
65.9,36.3,39.61,0.51,0.84
66,36.3,39.54,0.52,0.84
66.1,36.3,39.47,0.52,0.84
58,36.4,40.73,0.33,0.68
58.1,36.4,40.74,0.33,0.69
58.2,36.4,40.74,0.33,0.69
58.3,36.4,40.75,0.33,0.69
58.4,36.4,40.75,0.33,0.69
58.5,36.4,40.76,0.34,0.69
58.6,36.4,40.77,0.34,0.69
58.7,36.4,40.77,0.34,0.69
58.8,36.4,40.78,0.34,0.7
58.9,36.4,40.79,0.34,0.7
59,36.4,40.8,0.35,0.7
59.1,36.4,40.8,0.35,0.7
59.2,36.4,40.81,0.35,0.7
59.3,36.4,40.82,0.35,0.7
59.4,36.4,40.82,0.36,0.71
59.5,36.4,40.83,0.36,0.71
59.6,36.4,40.84,0.36,0.71
59.7,36.4,40.84,0.36,0.71
59.8,36.4,40.85,0.36,0.71
59.9,36.4,40.86,0.37,0.71
60,36.4,40.86,0.37,0.72
60.1,36.4,40.87,0.37,0.72
60.2,36.4,40.88,0.37,0.72
60.3,36.4,40.88,0.38,0.72
60.4,36.4,40.89,0.38,0.72
60.5,36.4,40.89,0.38,0.72
60.6,36.4,40.9,0.38,0.73
60.7,36.4,40.9,0.39,0.73
60.8,36.4,40.9,0.39,0.73
60.9,36.4,40.91,0.39,0.73
61,36.4,40.91,0.39,0.73
61.1,36.4,40.91,0.4,0.73
61.2,36.4,40.91,0.4,0.74
61.3,36.4,40.91,0.4,0.74
61.4,36.4,40.91,0.4,0.74
61.5,36.4,40.91,0.41,0.74
61.6,36.4,40.91,0.41,0.74
61.7,36.4,40.9,0.41,0.75
61.8,36.4,40.9,0.41,0.75
61.9,36.4,40.9,0.42,0.75
62,36.4,40.89,0.42,0.75
62.1,36.4,40.88,0.42,0.75
62.2,36.4,40.88,0.42,0.76
62.3,36.4,40.87,0.43,0.76
62.4,36.4,40.86,0.43,0.76
62.5,36.4,40.85,0.43,0.76
62.6,36.4,40.84,0.43,0.76
62.7,36.4,40.83,0.44,0.77
62.8,36.4,40.81,0.44,0.77
62.9,36.4,40.8,0.44,0.77
63,36.4,40.78,0.44,0.77
63.1,36.4,40.76,0.45,0.77
63.2,36.4,40.75,0.45,0.78
63.3,36.4,40.73,0.45,0.78
63.4,36.4,40.7,0.45,0.78
63.5,36.4,40.68,0.46,0.78
63.6,36.4,40.66,0.46,0.79
63.7,36.4,40.63,0.46,0.79
63.8,36.4,40.6,0.47,0.79
63.9,36.4,40.58,0.47,0.79
64,36.4,40.55,0.47,0.79
64.1,36.4,40.51,0.47,0.8
64.2,36.4,40.48,0.48,0.8
64.3,36.4,40.45,0.48,0.8
64.4,36.4,40.41,0.48,0.8
64.5,36.4,40.37,0.48,0.81
64.6,36.4,40.33,0.49,0.81
64.7,36.4,40.29,0.49,0.81
64.8,36.4,40.24,0.49,0.81
64.9,36.4,40.2,0.49,0.81
65,36.4,40.15,0.5,0.82
65.1,36.4,40.1,0.5,0.82
65.2,36.4,40.05,0.5,0.82
65.3,36.4,40,0.5,0.82
65.4,36.4,39.94,0.51,0.83
65.5,36.4,39.88,0.51,0.83
65.6,36.4,39.82,0.51,0.83
65.7,36.4,39.76,0.51,0.83
65.8,36.4,39.7,0.52,0.84
65.9,36.4,39.63,0.52,0.84
66,36.4,39.56,0.52,0.84
66.1,36.4,39.49,0.52,0.84
58,36.5,40.76,0.33,0.69
58.1,36.5,40.76,0.33,0.69
58.2,36.5,40.77,0.34,0.69
58.3,36.5,40.77,0.34,0.69
58.4,36.5,40.78,0.34,0.69
58.5,36.5,40.78,0.34,0.69
58.6,36.5,40.79,0.34,0.7
58.7,36.5,40.8,0.35,0.7
58.8,36.5,40.8,0.35,0.7
58.9,36.5,40.81,0.35,0.7
59,36.5,40.82,0.35,0.7
59.1,36.5,40.83,0.35,0.7
59.2,36.5,40.83,0.36,0.71
59.3,36.5,40.84,0.36,0.71
59.4,36.5,40.85,0.36,0.71
59.5,36.5,40.85,0.36,0.71
59.6,36.5,40.86,0.37,0.71
59.7,36.5,40.87,0.37,0.71
59.8,36.5,40.88,0.37,0.71
59.9,36.5,40.88,0.37,0.72
60,36.5,40.89,0.37,0.72
60.1,36.5,40.89,0.38,0.72
60.2,36.5,40.9,0.38,0.72
60.3,36.5,40.91,0.38,0.72
60.4,36.5,40.91,0.38,0.73
60.5,36.5,40.92,0.39,0.73
60.6,36.5,40.92,0.39,0.73
60.7,36.5,40.92,0.39,0.73
60.8,36.5,40.93,0.39,0.73
60.9,36.5,40.93,0.4,0.73
61,36.5,40.93,0.4,0.74
61.1,36.5,40.93,0.4,0.74
61.2,36.5,40.93,0.4,0.74
61.3,36.5,40.93,0.41,0.74
61.4,36.5,40.93,0.41,0.74
61.5,36.5,40.93,0.41,0.74
61.6,36.5,40.93,0.41,0.75
61.7,36.5,40.93,0.42,0.75
61.8,36.5,40.92,0.42,0.75
61.9,36.5,40.92,0.42,0.75
62,36.5,40.92,0.42,0.75
62.1,36.5,40.91,0.43,0.76
62.2,36.5,40.9,0.43,0.76
62.3,36.5,40.89,0.43,0.76
62.4,36.5,40.88,0.43,0.76
62.5,36.5,40.87,0.44,0.76
62.6,36.5,40.86,0.44,0.77
62.7,36.5,40.85,0.44,0.77
62.8,36.5,40.84,0.44,0.77
62.9,36.5,40.82,0.45,0.77
63,36.5,40.81,0.45,0.77
63.1,36.5,40.79,0.45,0.78
63.2,36.5,40.77,0.46,0.78
63.3,36.5,40.75,0.46,0.78
63.4,36.5,40.73,0.46,0.78
63.5,36.5,40.71,0.46,0.79
63.6,36.5,40.68,0.47,0.79
63.7,36.5,40.66,0.47,0.79
63.8,36.5,40.63,0.47,0.79
63.9,36.5,40.6,0.47,0.79
64,36.5,40.57,0.48,0.8
64.1,36.5,40.54,0.48,0.8
64.2,36.5,40.51,0.48,0.8
64.3,36.5,40.47,0.48,0.8
64.4,36.5,40.43,0.49,0.81
64.5,36.5,40.4,0.49,0.81
64.6,36.5,40.36,0.49,0.81
64.7,36.5,40.31,0.49,0.81
64.8,36.5,40.27,0.5,0.81
64.9,36.5,40.22,0.5,0.82
65,36.5,40.18,0.5,0.82
65.1,36.5,40.13,0.5,0.82
65.2,36.5,40.08,0.51,0.82
65.3,36.5,40.02,0.51,0.83
65.4,36.5,39.97,0.51,0.83
65.5,36.5,39.91,0.51,0.83
65.6,36.5,39.85,0.51,0.83
65.7,36.5,39.79,0.52,0.84
65.8,36.5,39.73,0.52,0.84
65.9,36.5,39.66,0.52,0.84
66,36.5,39.59,0.52,0.84
66.1,36.5,39.52,0.53,0.85
58,36.6,40.78,0.34,0.69
58.1,36.6,40.78,0.34,0.69
58.2,36.6,40.79,0.34,0.69
58.3,36.6,40.8,0.34,0.69
58.4,36.6,40.8,0.35,0.7
58.5,36.6,40.81,0.35,0.7
58.6,36.6,40.81,0.35,0.7
58.7,36.6,40.82,0.35,0.7
58.8,36.6,40.83,0.35,0.7
58.9,36.6,40.84,0.36,0.7
59,36.6,40.84,0.36,0.71
59.1,36.6,40.85,0.36,0.71
59.2,36.6,40.86,0.36,0.71
59.3,36.6,40.86,0.36,0.71
59.4,36.6,40.87,0.37,0.71
59.5,36.6,40.88,0.37,0.71
59.6,36.6,40.89,0.37,0.71
59.7,36.6,40.89,0.37,0.72
59.8,36.6,40.9,0.38,0.72
59.9,36.6,40.91,0.38,0.72
60,36.6,40.91,0.38,0.72
60.1,36.6,40.92,0.38,0.72
60.2,36.6,40.92,0.39,0.72
60.3,36.6,40.93,0.39,0.73
60.4,36.6,40.93,0.39,0.73
60.5,36.6,40.94,0.39,0.73
60.6,36.6,40.94,0.39,0.73
60.7,36.6,40.95,0.4,0.73
60.8,36.6,40.95,0.4,0.73
60.9,36.6,40.95,0.4,0.74
61,36.6,40.96,0.4,0.74
61.1,36.6,40.96,0.41,0.74
61.2,36.6,40.96,0.41,0.74
61.3,36.6,40.96,0.41,0.74
61.4,36.6,40.96,0.41,0.75
61.5,36.6,40.96,0.42,0.75
61.6,36.6,40.96,0.42,0.75
61.7,36.6,40.95,0.42,0.75
61.8,36.6,40.95,0.43,0.75
61.9,36.6,40.94,0.43,0.76
62,36.6,40.94,0.43,0.76
62.1,36.6,40.93,0.43,0.76
62.2,36.6,40.93,0.44,0.76
62.3,36.6,40.92,0.44,0.76
62.4,36.6,40.91,0.44,0.76
62.5,36.6,40.9,0.44,0.77
62.6,36.6,40.89,0.45,0.77
62.7,36.6,40.88,0.45,0.77
62.8,36.6,40.86,0.45,0.77
62.9,36.6,40.85,0.45,0.78
63,36.6,40.83,0.46,0.78
63.1,36.6,40.81,0.46,0.78
63.2,36.6,40.8,0.46,0.78
63.3,36.6,40.78,0.46,0.78
63.4,36.6,40.75,0.47,0.79
63.5,36.6,40.73,0.47,0.79
63.6,36.6,40.71,0.47,0.79
63.7,36.6,40.68,0.47,0.79
63.8,36.6,40.66,0.48,0.79
63.9,36.6,40.63,0.48,0.8
64,36.6,40.6,0.48,0.8
64.1,36.6,40.57,0.48,0.8
64.2,36.6,40.53,0.49,0.8
64.3,36.6,40.5,0.49,0.81
64.4,36.6,40.46,0.49,0.81
64.5,36.6,40.42,0.49,0.81
64.6,36.6,40.38,0.5,0.81
64.7,36.6,40.34,0.5,0.81
64.8,36.6,40.3,0.5,0.82
64.9,36.6,40.25,0.5,0.82
65,36.6,40.2,0.51,0.82
65.1,36.6,40.15,0.51,0.82
65.2,36.6,40.1,0.51,0.83
65.3,36.6,40.05,0.51,0.83
65.4,36.6,39.99,0.51,0.83
65.5,36.6,39.94,0.52,0.83
65.6,36.6,39.88,0.52,0.84
65.7,36.6,39.82,0.52,0.84
65.8,36.6,39.75,0.52,0.84
65.9,36.6,39.69,0.53,0.84
66,36.6,39.62,0.53,0.84
66.1,36.6,39.55,0.53,0.85
58,36.7,40.8,0.34,0.69
58.1,36.7,40.81,0.35,0.7
58.2,36.7,40.81,0.35,0.7
58.3,36.7,40.82,0.35,0.7
58.4,36.7,40.83,0.35,0.7
58.5,36.7,40.83,0.35,0.7
58.6,36.7,40.84,0.36,0.7
58.7,36.7,40.85,0.36,0.7
58.8,36.7,40.85,0.36,0.71
58.9,36.7,40.86,0.36,0.71
59,36.7,40.87,0.36,0.71
59.1,36.7,40.87,0.37,0.71
59.2,36.7,40.88,0.37,0.71
59.3,36.7,40.89,0.37,0.71
59.4,36.7,40.9,0.37,0.71
59.5,36.7,40.9,0.37,0.72
59.6,36.7,40.91,0.38,0.72
59.7,36.7,40.92,0.38,0.72
59.8,36.7,40.92,0.38,0.72
59.9,36.7,40.93,0.38,0.72
60,36.7,40.94,0.39,0.72
60.1,36.7,40.94,0.39,0.73
60.2,36.7,40.95,0.39,0.73
60.3,36.7,40.95,0.39,0.73
60.4,36.7,40.96,0.4,0.73
60.5,36.7,40.96,0.4,0.73
60.6,36.7,40.97,0.4,0.73
60.7,36.7,40.97,0.4,0.74
60.8,36.7,40.98,0.41,0.74
60.9,36.7,40.98,0.41,0.74
61,36.7,40.98,0.41,0.74
61.1,36.7,40.98,0.41,0.74
61.2,36.7,40.98,0.42,0.74
61.3,36.7,40.98,0.42,0.75
61.4,36.7,40.98,0.42,0.75
61.5,36.7,40.98,0.42,0.75
61.6,36.7,40.98,0.43,0.75
61.7,36.7,40.98,0.43,0.75
61.8,36.7,40.97,0.43,0.76
61.9,36.7,40.97,0.43,0.76
62,36.7,40.96,0.44,0.76
62.1,36.7,40.96,0.44,0.76
62.2,36.7,40.95,0.44,0.76
62.3,36.7,40.94,0.44,0.77
62.4,36.7,40.93,0.45,0.77
62.5,36.7,40.92,0.45,0.77
62.6,36.7,40.91,0.45,0.77
62.7,36.7,40.9,0.45,0.77
62.8,36.7,40.89,0.46,0.78
62.9,36.7,40.87,0.46,0.78
63,36.7,40.86,0.46,0.78
63.1,36.7,40.84,0.46,0.78
63.2,36.7,40.82,0.47,0.78
63.3,36.7,40.8,0.47,0.79
63.4,36.7,40.78,0.47,0.79
63.5,36.7,40.76,0.47,0.79
63.6,36.7,40.73,0.48,0.79
63.7,36.7,40.71,0.48,0.79
63.8,36.7,40.68,0.48,0.8
63.9,36.7,40.65,0.48,0.8
64,36.7,40.62,0.49,0.8
64.1,36.7,40.59,0.49,0.8
64.2,36.7,40.56,0.49,0.81
64.3,36.7,40.52,0.49,0.81
64.4,36.7,40.49,0.5,0.81
64.5,36.7,40.45,0.5,0.81
64.6,36.7,40.41,0.5,0.81
64.7,36.7,40.37,0.5,0.82
64.8,36.7,40.32,0.51,0.82
64.9,36.7,40.28,0.51,0.82
65,36.7,40.23,0.51,0.82
65.1,36.7,40.18,0.51,0.83
65.2,36.7,40.13,0.52,0.83
65.3,36.7,40.08,0.52,0.83
65.4,36.7,40.02,0.52,0.83
65.5,36.7,39.96,0.52,0.83
65.6,36.7,39.9,0.52,0.84
65.7,36.7,39.84,0.53,0.84
65.8,36.7,39.78,0.53,0.84
65.9,36.7,39.71,0.53,0.84
66,36.7,39.65,0.53,0.85
66.1,36.7,39.57,0.54,0.85
58,36.8,40.83,0.35,0.7
58.1,36.8,40.83,0.35,0.7
58.2,36.8,40.84,0.35,0.7
58.3,36.8,40.84,0.36,0.7
58.4,36.8,40.85,0.36,0.7
58.5,36.8,40.86,0.36,0.7
58.6,36.8,40.86,0.36,0.71
58.7,36.8,40.87,0.36,0.71
58.8,36.8,40.88,0.37,0.71
58.9,36.8,40.88,0.37,0.71
59,36.8,40.89,0.37,0.71
59.1,36.8,40.9,0.37,0.71
59.2,36.8,40.91,0.37,0.71
59.3,36.8,40.91,0.38,0.72
59.4,36.8,40.92,0.38,0.72
59.5,36.8,40.93,0.38,0.72
59.6,36.8,40.93,0.38,0.72
59.7,36.8,40.94,0.39,0.72
59.8,36.8,40.95,0.39,0.72
59.9,36.8,40.95,0.39,0.73
60,36.8,40.96,0.39,0.73
60.1,36.8,40.97,0.4,0.73
60.2,36.8,40.97,0.4,0.73
60.3,36.8,40.98,0.4,0.73
60.4,36.8,40.98,0.4,0.73
60.5,36.8,40.99,0.41,0.74
60.6,36.8,40.99,0.41,0.74
60.7,36.8,41,0.41,0.74
60.8,36.8,41,0.41,0.74
60.9,36.8,41,0.41,0.74
61,36.8,41,0.42,0.74
61.1,36.8,41.01,0.42,0.75
61.2,36.8,41.01,0.42,0.75
61.3,36.8,41.01,0.43,0.75
61.4,36.8,41.01,0.43,0.75
61.5,36.8,41.01,0.43,0.75
61.6,36.8,41,0.43,0.76
61.7,36.8,41,0.44,0.76
61.8,36.8,41,0.44,0.76
61.9,36.8,40.99,0.44,0.76
62,36.8,40.99,0.44,0.76
62.1,36.8,40.98,0.45,0.76
62.2,36.8,40.98,0.45,0.77
62.3,36.8,40.97,0.45,0.77
62.4,36.8,40.96,0.45,0.77
62.5,36.8,40.95,0.46,0.77
62.6,36.8,40.94,0.46,0.77
62.7,36.8,40.93,0.46,0.78
62.8,36.8,40.91,0.46,0.78
62.9,36.8,40.9,0.47,0.78
63,36.8,40.88,0.47,0.78
63.1,36.8,40.86,0.47,0.78
63.2,36.8,40.85,0.47,0.79
63.3,36.8,40.83,0.48,0.79
63.4,36.8,40.81,0.48,0.79
63.5,36.8,40.78,0.48,0.79
63.6,36.8,40.76,0.48,0.79
63.7,36.8,40.73,0.49,0.8
63.8,36.8,40.71,0.49,0.8
63.9,36.8,40.68,0.49,0.8
64,36.8,40.65,0.49,0.8
64.1,36.8,40.62,0.49,0.81
64.2,36.8,40.58,0.5,0.81
64.3,36.8,40.55,0.5,0.81
64.4,36.8,40.51,0.5,0.81
64.5,36.8,40.47,0.5,0.81
64.6,36.8,40.43,0.51,0.82
64.7,36.8,40.39,0.51,0.82
64.8,36.8,40.35,0.51,0.82
64.9,36.8,40.3,0.51,0.82
65,36.8,40.26,0.52,0.83
65.1,36.8,40.21,0.52,0.83
65.2,36.8,40.16,0.52,0.83
65.3,36.8,40.1,0.52,0.83
65.4,36.8,40.05,0.53,0.83
65.5,36.8,39.99,0.53,0.84
65.6,36.8,39.93,0.53,0.84
65.7,36.8,39.87,0.53,0.84
65.8,36.8,39.81,0.53,0.84
65.9,36.8,39.74,0.54,0.85
66,36.8,39.67,0.54,0.85
66.1,36.8,39.6,0.54,0.85
58,36.9,40.85,0.36,0.7
58.1,36.9,40.86,0.36,0.7
58.2,36.9,40.86,0.36,0.7
58.3,36.9,40.87,0.36,0.7
58.4,36.9,40.87,0.36,0.71
58.5,36.9,40.88,0.37,0.71
58.6,36.9,40.89,0.37,0.71
58.7,36.9,40.89,0.37,0.71
58.8,36.9,40.9,0.37,0.71
58.9,36.9,40.91,0.37,0.71
59,36.9,40.92,0.38,0.71
59.1,36.9,40.92,0.38,0.72
59.2,36.9,40.93,0.38,0.72
59.3,36.9,40.94,0.38,0.72
59.4,36.9,40.94,0.39,0.72
59.5,36.9,40.95,0.39,0.72
59.6,36.9,40.96,0.39,0.72
59.7,36.9,40.97,0.39,0.73
59.8,36.9,40.97,0.39,0.73
59.9,36.9,40.98,0.4,0.73
60,36.9,40.99,0.4,0.73
60.1,36.9,40.99,0.4,0.73
60.2,36.9,41,0.4,0.73
60.3,36.9,41,0.41,0.74
60.4,36.9,41.01,0.41,0.74
60.5,36.9,41.01,0.41,0.74
60.6,36.9,41.02,0.41,0.74
60.7,36.9,41.02,0.42,0.74
60.8,36.9,41.02,0.42,0.74
60.9,36.9,41.03,0.42,0.75
61,36.9,41.03,0.42,0.75
61.1,36.9,41.03,0.43,0.75
61.2,36.9,41.03,0.43,0.75
61.3,36.9,41.03,0.43,0.75
61.4,36.9,41.03,0.43,0.75
61.5,36.9,41.03,0.44,0.76
61.6,36.9,41.03,0.44,0.76
61.7,36.9,41.03,0.44,0.76
61.8,36.9,41.02,0.44,0.76
61.9,36.9,41.02,0.45,0.76
62,36.9,41.02,0.45,0.77
62.1,36.9,41.01,0.45,0.77
62.2,36.9,41,0.45,0.77
62.3,36.9,40.99,0.46,0.77
62.4,36.9,40.99,0.46,0.77
62.5,36.9,40.98,0.46,0.77
62.6,36.9,40.96,0.46,0.78
62.7,36.9,40.95,0.47,0.78
62.8,36.9,40.94,0.47,0.78
62.9,36.9,40.92,0.47,0.78
63,36.9,40.91,0.47,0.78
63.1,36.9,40.89,0.48,0.79
63.2,36.9,40.87,0.48,0.79
63.3,36.9,40.85,0.48,0.79
63.4,36.9,40.83,0.48,0.79
63.5,36.9,40.81,0.49,0.79
63.6,36.9,40.79,0.49,0.8
63.7,36.9,40.76,0.49,0.8
63.8,36.9,40.73,0.49,0.8
63.9,36.9,40.7,0.5,0.8
64,36.9,40.68,0.5,0.81
64.1,36.9,40.64,0.5,0.81
64.2,36.9,40.61,0.5,0.81
64.3,36.9,40.58,0.51,0.81
64.4,36.9,40.54,0.51,0.81
64.5,36.9,40.5,0.51,0.82
64.6,36.9,40.46,0.51,0.82
64.7,36.9,40.42,0.51,0.82
64.8,36.9,40.38,0.52,0.82
64.9,36.9,40.33,0.52,0.83
65,36.9,40.28,0.52,0.83
65.1,36.9,40.23,0.52,0.83
65.2,36.9,40.18,0.53,0.83
65.3,36.9,40.13,0.53,0.83
65.4,36.9,40.08,0.53,0.84
65.5,36.9,40.02,0.53,0.84
65.6,36.9,39.96,0.54,0.84
65.7,36.9,39.9,0.54,0.84
65.8,36.9,39.83,0.54,0.85
65.9,36.9,39.77,0.54,0.85
66,36.9,39.7,0.54,0.85
66.1,36.9,39.63,0.55,0.85
58,37,40.88,0.36,0.7
58.1,37,40.88,0.37,0.71
58.2,37,40.89,0.37,0.71
58.3,37,40.89,0.37,0.71
58.4,37,40.9,0.37,0.71
58.5,37,40.91,0.37,0.71
58.6,37,40.91,0.38,0.71
58.7,37,40.92,0.38,0.71
58.8,37,40.93,0.38,0.72
58.9,37,40.93,0.38,0.72
59,37,40.94,0.38,0.72
59.1,37,40.95,0.39,0.72
59.2,37,40.95,0.39,0.72
59.3,37,40.96,0.39,0.72
59.4,37,40.97,0.39,0.72
59.5,37,40.98,0.39,0.73
59.6,37,40.98,0.4,0.73
59.7,37,40.99,0.4,0.73
59.8,37,41,0.4,0.73
59.9,37,41,0.4,0.73
60,37,41.01,0.41,0.73
60.1,37,41.02,0.41,0.74
60.2,37,41.02,0.41,0.74
60.3,37,41.03,0.41,0.74
60.4,37,41.03,0.42,0.74
60.5,37,41.04,0.42,0.74
60.6,37,41.04,0.42,0.74
60.7,37,41.05,0.42,0.74
60.8,37,41.05,0.43,0.75
60.9,37,41.05,0.43,0.75
61,37,41.06,0.43,0.75
61.1,37,41.06,0.43,0.75
61.2,37,41.06,0.44,0.75
61.3,37,41.06,0.44,0.76
61.4,37,41.06,0.44,0.76
61.5,37,41.06,0.44,0.76
61.6,37,41.06,0.45,0.76
61.7,37,41.05,0.45,0.76
61.8,37,41.05,0.45,0.76
61.9,37,41.05,0.45,0.77
62,37,41.04,0.46,0.77
62.1,37,41.03,0.46,0.77
62.2,37,41.03,0.46,0.77
62.3,37,41.02,0.46,0.77
62.4,37,41.01,0.47,0.78
62.5,37,41,0.47,0.78
62.6,37,40.99,0.47,0.78
62.7,37,40.98,0.47,0.78
62.8,37,40.96,0.48,0.78
62.9,37,40.95,0.48,0.79
63,37,40.93,0.48,0.79
63.1,37,40.92,0.48,0.79
63.2,37,40.9,0.49,0.79
63.3,37,40.88,0.49,0.79
63.4,37,40.86,0.49,0.8
63.5,37,40.84,0.49,0.8
63.6,37,40.81,0.5,0.8
63.7,37,40.79,0.5,0.8
63.8,37,40.76,0.5,0.8
63.9,37,40.73,0.5,0.81
64,37,40.7,0.51,0.81
64.1,37,40.67,0.51,0.81
64.2,37,40.64,0.51,0.81
64.3,37,40.6,0.51,0.81
64.4,37,40.57,0.51,0.82
64.5,37,40.53,0.52,0.82
64.6,37,40.49,0.52,0.82
64.7,37,40.45,0.52,0.82
64.8,37,40.4,0.52,0.83
64.9,37,40.36,0.53,0.83
65,37,40.31,0.53,0.83
65.1,37,40.26,0.53,0.83
65.2,37,40.21,0.53,0.83
65.3,37,40.16,0.53,0.84
65.4,37,40.1,0.54,0.84
65.5,37,40.05,0.54,0.84
65.6,37,39.99,0.54,0.84
65.7,37,39.93,0.54,0.85
65.8,37,39.86,0.54,0.85
65.9,37,39.8,0.55,0.85
66,37,39.73,0.55,0.85
66.1,37,39.66,0.55,0.86
58,37.1,40.9,0.37,0.71
58.1,37.1,40.91,0.37,0.71
58.2,37.1,40.91,0.37,0.71
58.3,37.1,40.92,0.38,0.71
58.4,37.1,40.92,0.38,0.71
58.5,37.1,40.93,0.38,0.71
58.6,37.1,40.94,0.38,0.72
58.7,37.1,40.94,0.38,0.72
58.8,37.1,40.95,0.39,0.72
58.9,37.1,40.96,0.39,0.72
59,37.1,40.97,0.39,0.72
59.1,37.1,40.97,0.39,0.72
59.2,37.1,40.98,0.4,0.72
59.3,37.1,40.99,0.4,0.73
59.4,37.1,40.99,0.4,0.73
59.5,37.1,41,0.4,0.73
59.6,37.1,41.01,0.4,0.73
59.7,37.1,41.02,0.41,0.73
59.8,37.1,41.02,0.41,0.73
59.9,37.1,41.03,0.41,0.74
60,37.1,41.04,0.41,0.74
60.1,37.1,41.04,0.42,0.74
60.2,37.1,41.05,0.42,0.74
60.3,37.1,41.05,0.42,0.74
60.4,37.1,41.06,0.42,0.74
60.5,37.1,41.06,0.43,0.74
60.6,37.1,41.07,0.43,0.75
60.7,37.1,41.07,0.43,0.75
60.8,37.1,41.08,0.43,0.75
60.9,37.1,41.08,0.44,0.75
61,37.1,41.08,0.44,0.75
61.1,37.1,41.08,0.44,0.75
61.2,37.1,41.08,0.44,0.76
61.3,37.1,41.08,0.45,0.76
61.4,37.1,41.08,0.45,0.76
61.5,37.1,41.08,0.45,0.76
61.6,37.1,41.08,0.45,0.76
61.7,37.1,41.08,0.46,0.77
61.8,37.1,41.08,0.46,0.77
61.9,37.1,41.07,0.46,0.77
62,37.1,41.07,0.46,0.77
62.1,37.1,41.06,0.47,0.77
62.2,37.1,41.05,0.47,0.77
62.3,37.1,41.05,0.47,0.78
62.4,37.1,41.04,0.47,0.78
62.5,37.1,41.03,0.48,0.78
62.6,37.1,41.02,0.48,0.78
62.7,37.1,41,0.48,0.78
62.8,37.1,40.99,0.48,0.79
62.9,37.1,40.98,0.49,0.79
63,37.1,40.96,0.49,0.79
63.1,37.1,40.94,0.49,0.79
63.2,37.1,40.93,0.49,0.79
63.3,37.1,40.91,0.5,0.8
63.4,37.1,40.88,0.5,0.8
63.5,37.1,40.86,0.5,0.8
63.6,37.1,40.84,0.5,0.8
63.7,37.1,40.81,0.51,0.8
63.8,37.1,40.79,0.51,0.81
63.9,37.1,40.76,0.51,0.81
64,37.1,40.73,0.51,0.81
64.1,37.1,40.7,0.51,0.81
64.2,37.1,40.66,0.52,0.81
64.3,37.1,40.63,0.52,0.82
64.4,37.1,40.59,0.52,0.82
64.5,37.1,40.56,0.52,0.82
64.6,37.1,40.52,0.53,0.82
64.7,37.1,40.47,0.53,0.83
64.8,37.1,40.43,0.53,0.83
64.9,37.1,40.39,0.53,0.83
65,37.1,40.34,0.53,0.83
65.1,37.1,40.29,0.54,0.83
65.2,37.1,40.24,0.54,0.84
65.3,37.1,40.19,0.54,0.84
65.4,37.1,40.13,0.54,0.84
65.5,37.1,40.07,0.54,0.84
65.6,37.1,40.01,0.55,0.85
65.7,37.1,39.95,0.55,0.85
65.8,37.1,39.89,0.55,0.85
65.9,37.1,39.82,0.55,0.85
66,37.1,39.76,0.55,0.86
66.1,37.1,39.69,0.56,0.86
58,37.2,40.93,0.38,0.71
58.1,37.2,40.93,0.38,0.71
58.2,37.2,40.94,0.38,0.71
58.3,37.2,40.94,0.38,0.72
58.4,37.2,40.95,0.39,0.72
58.5,37.2,40.96,0.39,0.72
58.6,37.2,40.96,0.39,0.72
58.7,37.2,40.97,0.39,0.72
58.8,37.2,40.98,0.39,0.72
58.9,37.2,40.98,0.4,0.72
59,37.2,40.99,0.4,0.72
59.1,37.2,41,0.4,0.73
59.2,37.2,41.01,0.4,0.73
59.3,37.2,41.01,0.41,0.73
59.4,37.2,41.02,0.41,0.73
59.5,37.2,41.03,0.41,0.73
59.6,37.2,41.03,0.41,0.73
59.7,37.2,41.04,0.41,0.74
59.8,37.2,41.05,0.42,0.74
59.9,37.2,41.06,0.42,0.74
60,37.2,41.06,0.42,0.74
60.1,37.2,41.07,0.42,0.74
60.2,37.2,41.07,0.43,0.74
60.3,37.2,41.08,0.43,0.74
60.4,37.2,41.08,0.43,0.75
60.5,37.2,41.09,0.43,0.75
60.6,37.2,41.09,0.44,0.75
60.7,37.2,41.1,0.44,0.75
60.8,37.2,41.1,0.44,0.75
60.9,37.2,41.1,0.44,0.75
61,37.2,41.11,0.45,0.76
61.1,37.2,41.11,0.45,0.76
61.2,37.2,41.11,0.45,0.76
61.3,37.2,41.11,0.45,0.76
61.4,37.2,41.11,0.46,0.76
61.5,37.2,41.11,0.46,0.76
61.6,37.2,41.11,0.46,0.77
61.7,37.2,41.11,0.46,0.77
61.8,37.2,41.1,0.47,0.77
61.9,37.2,41.1,0.47,0.77
62,37.2,41.09,0.47,0.77
62.1,37.2,41.09,0.47,0.78
62.2,37.2,41.08,0.48,0.78
62.3,37.2,41.07,0.48,0.78
62.4,37.2,41.06,0.48,0.78
62.5,37.2,41.05,0.48,0.78
62.6,37.2,41.04,0.49,0.78
62.7,37.2,41.03,0.49,0.79
62.8,37.2,41.02,0.49,0.79
62.9,37.2,41,0.49,0.79
63,37.2,40.99,0.5,0.79
63.1,37.2,40.97,0.5,0.79
63.2,37.2,40.95,0.5,0.8
63.3,37.2,40.93,0.5,0.8
63.4,37.2,40.91,0.51,0.8
63.5,37.2,40.89,0.51,0.8
63.6,37.2,40.87,0.51,0.8
63.7,37.2,40.84,0.51,0.81
63.8,37.2,40.81,0.51,0.81
63.9,37.2,40.79,0.52,0.81
64,37.2,40.76,0.52,0.81
64.1,37.2,40.72,0.52,0.82
64.2,37.2,40.69,0.52,0.82
64.3,37.2,40.66,0.53,0.82
64.4,37.2,40.62,0.53,0.82
64.5,37.2,40.58,0.53,0.82
64.6,37.2,40.54,0.53,0.83
64.7,37.2,40.5,0.53,0.83
64.8,37.2,40.46,0.54,0.83
64.9,37.2,40.41,0.54,0.83
65,37.2,40.37,0.54,0.83
65.1,37.2,40.32,0.54,0.84
65.2,37.2,40.27,0.54,0.84
65.3,37.2,40.21,0.55,0.84
65.4,37.2,40.16,0.55,0.84
65.5,37.2,40.1,0.55,0.85
65.6,37.2,40.04,0.55,0.85
65.7,37.2,39.98,0.55,0.85
65.8,37.2,39.92,0.56,0.85
65.9,37.2,39.85,0.56,0.86
66,37.2,39.79,0.56,0.86
66.1,37.2,39.72,0.56,0.86
58,37.3,40.95,0.39,0.71
58.1,37.3,40.96,0.39,0.72
58.2,37.3,40.96,0.39,0.72
58.3,37.3,40.97,0.39,0.72
58.4,37.3,40.98,0.39,0.72
58.5,37.3,40.98,0.4,0.72
58.6,37.3,40.99,0.4,0.72
58.7,37.3,41,0.4,0.72
58.8,37.3,41,0.4,0.73
58.9,37.3,41.01,0.4,0.73
59,37.3,41.02,0.41,0.73
59.1,37.3,41.02,0.41,0.73
59.2,37.3,41.03,0.41,0.73
59.3,37.3,41.04,0.41,0.73
59.4,37.3,41.05,0.42,0.73
59.5,37.3,41.05,0.42,0.74
59.6,37.3,41.06,0.42,0.74
59.7,37.3,41.07,0.42,0.74
59.8,37.3,41.07,0.43,0.74
59.9,37.3,41.08,0.43,0.74
60,37.3,41.09,0.43,0.74
60.1,37.3,41.09,0.43,0.74
60.2,37.3,41.1,0.44,0.75
60.3,37.3,41.11,0.44,0.75
60.4,37.3,41.11,0.44,0.75
60.5,37.3,41.12,0.44,0.75
60.6,37.3,41.12,0.45,0.75
60.7,37.3,41.12,0.45,0.75
60.8,37.3,41.13,0.45,0.76
60.9,37.3,41.13,0.45,0.76
61,37.3,41.13,0.46,0.76
61.1,37.3,41.14,0.46,0.76
61.2,37.3,41.14,0.46,0.76
61.3,37.3,41.14,0.46,0.76
61.4,37.3,41.14,0.47,0.77
61.5,37.3,41.14,0.47,0.77
61.6,37.3,41.13,0.47,0.77
61.7,37.3,41.13,0.47,0.77
61.8,37.3,41.13,0.47,0.77
61.9,37.3,41.12,0.48,0.77
62,37.3,41.12,0.48,0.78
62.1,37.3,41.11,0.48,0.78
62.2,37.3,41.11,0.48,0.78
62.3,37.3,41.1,0.49,0.78
62.4,37.3,41.09,0.49,0.78
62.5,37.3,41.08,0.49,0.79
62.6,37.3,41.07,0.49,0.79
62.7,37.3,41.06,0.5,0.79
62.8,37.3,41.04,0.5,0.79
62.9,37.3,41.03,0.5,0.79
63,37.3,41.01,0.5,0.8
63.1,37.3,41,0.51,0.8
63.2,37.3,40.98,0.51,0.8
63.3,37.3,40.96,0.51,0.8
63.4,37.3,40.94,0.51,0.8
63.5,37.3,40.92,0.52,0.81
63.6,37.3,40.89,0.52,0.81
63.7,37.3,40.87,0.52,0.81
63.8,37.3,40.84,0.52,0.81
63.9,37.3,40.81,0.52,0.81
64,37.3,40.78,0.53,0.82
64.1,37.3,40.75,0.53,0.82
64.2,37.3,40.72,0.53,0.82
64.3,37.3,40.68,0.53,0.82
64.4,37.3,40.65,0.54,0.82
64.5,37.3,40.61,0.54,0.83
64.6,37.3,40.57,0.54,0.83
64.7,37.3,40.53,0.54,0.83
64.8,37.3,40.49,0.54,0.83
64.9,37.3,40.44,0.55,0.83
65,37.3,40.39,0.55,0.84
65.1,37.3,40.35,0.55,0.84
65.2,37.3,40.29,0.55,0.84
65.3,37.3,40.24,0.55,0.84
65.4,37.3,40.19,0.56,0.85
65.5,37.3,40.13,0.56,0.85
65.6,37.3,40.07,0.56,0.85
65.7,37.3,40.01,0.56,0.85
65.8,37.3,39.95,0.56,0.85
65.9,37.3,39.88,0.56,0.86
66,37.3,39.81,0.57,0.86
66.1,37.3,39.74,0.57,0.86
58,37.4,40.98,0.39,0.72
58.1,37.4,40.98,0.4,0.72
58.2,37.4,40.99,0.4,0.72
58.3,37.4,41,0.4,0.72
58.4,37.4,41,0.4,0.72
58.5,37.4,41.01,0.4,0.72
58.6,37.4,41.01,0.41,0.73
58.7,37.4,41.02,0.41,0.73
58.8,37.4,41.03,0.41,0.73
58.9,37.4,41.04,0.41,0.73
59,37.4,41.04,0.42,0.73
59.1,37.4,41.05,0.42,0.73
59.2,37.4,41.06,0.42,0.73
59.3,37.4,41.06,0.42,0.74
59.4,37.4,41.07,0.42,0.74
59.5,37.4,41.08,0.43,0.74
59.6,37.4,41.09,0.43,0.74
59.7,37.4,41.09,0.43,0.74
59.8,37.4,41.1,0.43,0.74
59.9,37.4,41.11,0.44,0.74
60,37.4,41.11,0.44,0.75
60.1,37.4,41.12,0.44,0.75
60.2,37.4,41.13,0.44,0.75
60.3,37.4,41.13,0.45,0.75
60.4,37.4,41.14,0.45,0.75
60.5,37.4,41.14,0.45,0.75
60.6,37.4,41.15,0.45,0.76
60.7,37.4,41.15,0.46,0.76
60.8,37.4,41.15,0.46,0.76
60.9,37.4,41.16,0.46,0.76
61,37.4,41.16,0.46,0.76
61.1,37.4,41.16,0.47,0.76
61.2,37.4,41.16,0.47,0.77
61.3,37.4,41.16,0.47,0.77
61.4,37.4,41.16,0.47,0.77
61.5,37.4,41.16,0.48,0.77
61.6,37.4,41.16,0.48,0.77
61.7,37.4,41.16,0.48,0.77
61.8,37.4,41.16,0.48,0.78
61.9,37.4,41.15,0.49,0.78
62,37.4,41.15,0.49,0.78
62.1,37.4,41.14,0.49,0.78
62.2,37.4,41.13,0.49,0.78
62.3,37.4,41.13,0.5,0.79
62.4,37.4,41.12,0.5,0.79
62.5,37.4,41.11,0.5,0.79
62.6,37.4,41.1,0.5,0.79
62.7,37.4,41.08,0.51,0.79
62.8,37.4,41.07,0.51,0.79
62.9,37.4,41.06,0.51,0.8
63,37.4,41.04,0.51,0.8
63.1,37.4,41.02,0.51,0.8
63.2,37.4,41.01,0.52,0.8
63.3,37.4,40.99,0.52,0.8
63.4,37.4,40.97,0.52,0.81
63.5,37.4,40.94,0.52,0.81
63.6,37.4,40.92,0.53,0.81
63.7,37.4,40.9,0.53,0.81
63.8,37.4,40.87,0.53,0.81
63.9,37.4,40.84,0.53,0.82
64,37.4,40.81,0.53,0.82
64.1,37.4,40.78,0.54,0.82
64.2,37.4,40.75,0.54,0.82
64.3,37.4,40.71,0.54,0.82
64.4,37.4,40.68,0.54,0.83
64.5,37.4,40.64,0.54,0.83
64.6,37.4,40.6,0.55,0.83
64.7,37.4,40.56,0.55,0.83
64.8,37.4,40.51,0.55,0.83
64.9,37.4,40.47,0.55,0.84
65,37.4,40.42,0.55,0.84
65.1,37.4,40.37,0.56,0.84
65.2,37.4,40.32,0.56,0.84
65.3,37.4,40.27,0.56,0.85
65.4,37.4,40.22,0.56,0.85
65.5,37.4,40.16,0.56,0.85
65.6,37.4,40.1,0.57,0.85
65.7,37.4,40.04,0.57,0.85
65.8,37.4,39.98,0.57,0.86
65.9,37.4,39.91,0.57,0.86
66,37.4,39.84,0.57,0.86
66.1,37.4,39.77,0.57,0.86
58,37.5,41,0.4,0.72
58.1,37.5,41.01,0.4,0.72
58.2,37.5,41.02,0.41,0.72
58.3,37.5,41.02,0.41,0.73
58.4,37.5,41.03,0.41,0.73
58.5,37.5,41.03,0.41,0.73
58.6,37.5,41.04,0.42,0.73
58.7,37.5,41.05,0.42,0.73
58.8,37.5,41.05,0.42,0.73
58.9,37.5,41.06,0.42,0.73
59,37.5,41.07,0.42,0.74
59.1,37.5,41.08,0.43,0.74
59.2,37.5,41.08,0.43,0.74
59.3,37.5,41.09,0.43,0.74
59.4,37.5,41.1,0.43,0.74
59.5,37.5,41.11,0.44,0.74
59.6,37.5,41.11,0.44,0.74
59.7,37.5,41.12,0.44,0.75
59.8,37.5,41.13,0.44,0.75
59.9,37.5,41.13,0.45,0.75
60,37.5,41.14,0.45,0.75
60.1,37.5,41.15,0.45,0.75
60.2,37.5,41.15,0.45,0.75
60.3,37.5,41.16,0.46,0.75
60.4,37.5,41.16,0.46,0.76
60.5,37.5,41.17,0.46,0.76
60.6,37.5,41.17,0.46,0.76
60.7,37.5,41.18,0.46,0.76
60.8,37.5,41.18,0.47,0.76
60.9,37.5,41.18,0.47,0.76
61,37.5,41.19,0.47,0.77
61.1,37.5,41.19,0.47,0.77
61.2,37.5,41.19,0.48,0.77
61.3,37.5,41.19,0.48,0.77
61.4,37.5,41.19,0.48,0.77
61.5,37.5,41.19,0.48,0.77
61.6,37.5,41.19,0.49,0.78
61.7,37.5,41.19,0.49,0.78
61.8,37.5,41.18,0.49,0.78
61.9,37.5,41.18,0.49,0.78
62,37.5,41.17,0.5,0.78
62.1,37.5,41.17,0.5,0.78
62.2,37.5,41.16,0.5,0.79
62.3,37.5,41.15,0.5,0.79
62.4,37.5,41.14,0.51,0.79
62.5,37.5,41.13,0.51,0.79
62.6,37.5,41.12,0.51,0.79
62.7,37.5,41.11,0.51,0.8
62.8,37.5,41.1,0.52,0.8
62.9,37.5,41.08,0.52,0.8
63,37.5,41.07,0.52,0.8
63.1,37.5,41.05,0.52,0.8
63.2,37.5,41.03,0.52,0.8
63.3,37.5,41.01,0.53,0.81
63.4,37.5,40.99,0.53,0.81
63.5,37.5,40.97,0.53,0.81
63.6,37.5,40.95,0.53,0.81
63.7,37.5,40.92,0.54,0.81
63.8,37.5,40.9,0.54,0.82
63.9,37.5,40.87,0.54,0.82
64,37.5,40.84,0.54,0.82
64.1,37.5,40.81,0.54,0.82
64.2,37.5,40.78,0.55,0.82
64.3,37.5,40.74,0.55,0.83
64.4,37.5,40.7,0.55,0.83
64.5,37.5,40.67,0.55,0.83
64.6,37.5,40.63,0.55,0.83
64.7,37.5,40.59,0.56,0.84
64.8,37.5,40.54,0.56,0.84
64.9,37.5,40.5,0.56,0.84
65,37.5,40.45,0.56,0.84
65.1,37.5,40.4,0.56,0.84
65.2,37.5,40.35,0.57,0.85
65.3,37.5,40.3,0.57,0.85
65.4,37.5,40.24,0.57,0.85
65.5,37.5,40.19,0.57,0.85
65.6,37.5,40.13,0.57,0.86
65.7,37.5,40.07,0.57,0.86
65.8,37.5,40,0.58,0.86
65.9,37.5,39.94,0.58,0.86
66,37.5,39.87,0.58,0.86
66.1,37.5,39.8,0.58,0.87
58,37.6,41.03,0.41,0.73
58.1,37.6,41.04,0.41,0.73
58.2,37.6,41.04,0.42,0.73
58.3,37.6,41.05,0.42,0.73
58.4,37.6,41.05,0.42,0.73
58.5,37.6,41.06,0.42,0.73
58.6,37.6,41.07,0.42,0.73
58.7,37.6,41.07,0.43,0.73
58.8,37.6,41.08,0.43,0.74
58.9,37.6,41.09,0.43,0.74
59,37.6,41.1,0.43,0.74
59.1,37.6,41.1,0.44,0.74
59.2,37.6,41.11,0.44,0.74
59.3,37.6,41.12,0.44,0.74
59.4,37.6,41.13,0.44,0.74
59.5,37.6,41.13,0.44,0.75
59.6,37.6,41.14,0.45,0.75
59.7,37.6,41.15,0.45,0.75
59.8,37.6,41.15,0.45,0.75
59.9,37.6,41.16,0.45,0.75
60,37.6,41.17,0.46,0.75
60.1,37.6,41.17,0.46,0.75
60.2,37.6,41.18,0.46,0.76
60.3,37.6,41.19,0.46,0.76
60.4,37.6,41.19,0.47,0.76
60.5,37.6,41.2,0.47,0.76
60.6,37.6,41.2,0.47,0.76
60.7,37.6,41.2,0.47,0.76
60.8,37.6,41.21,0.48,0.77
60.9,37.6,41.21,0.48,0.77
61,37.6,41.21,0.48,0.77
61.1,37.6,41.22,0.48,0.77
61.2,37.6,41.22,0.49,0.77
61.3,37.6,41.22,0.49,0.77
61.4,37.6,41.22,0.49,0.78
61.5,37.6,41.22,0.49,0.78
61.6,37.6,41.22,0.5,0.78
61.7,37.6,41.21,0.5,0.78
61.8,37.6,41.21,0.5,0.78
61.9,37.6,41.21,0.5,0.78
62,37.6,41.2,0.51,0.79
62.1,37.6,41.2,0.51,0.79
62.2,37.6,41.19,0.51,0.79
62.3,37.6,41.18,0.51,0.79
62.4,37.6,41.17,0.52,0.79
62.5,37.6,41.16,0.52,0.79
62.6,37.6,41.15,0.52,0.8
62.7,37.6,41.14,0.52,0.8
62.8,37.6,41.13,0.52,0.8
62.9,37.6,41.11,0.53,0.8
63,37.6,41.1,0.53,0.8
63.1,37.6,41.08,0.53,0.81
63.2,37.6,41.06,0.53,0.81
63.3,37.6,41.04,0.54,0.81
63.4,37.6,41.02,0.54,0.81
63.5,37.6,41,0.54,0.81
63.6,37.6,40.98,0.54,0.82
63.7,37.6,40.95,0.54,0.82
63.8,37.6,40.92,0.55,0.82
63.9,37.6,40.9,0.55,0.82
64,37.6,40.87,0.55,0.82
64.1,37.6,40.84,0.55,0.83
64.2,37.6,40.8,0.55,0.83
64.3,37.6,40.77,0.56,0.83
64.4,37.6,40.73,0.56,0.83
64.5,37.6,40.7,0.56,0.83
64.6,37.6,40.66,0.56,0.84
64.7,37.6,40.62,0.56,0.84
64.8,37.6,40.57,0.57,0.84
64.9,37.6,40.53,0.57,0.84
65,37.6,40.48,0.57,0.84
65.1,37.6,40.43,0.57,0.85
65.2,37.6,40.38,0.57,0.85
65.3,37.6,40.33,0.57,0.85
65.4,37.6,40.27,0.58,0.85
65.5,37.6,40.22,0.58,0.86
65.6,37.6,40.16,0.58,0.86
65.7,37.6,40.1,0.58,0.86
65.8,37.6,40.03,0.58,0.86
65.9,37.6,39.97,0.58,0.86
66,37.6,39.9,0.59,0.87
66.1,37.6,39.83,0.59,0.87
58,37.7,41.06,0.42,0.73
58.1,37.7,41.06,0.42,0.73
58.2,37.7,41.07,0.43,0.73
58.3,37.7,41.07,0.43,0.73
58.4,37.7,41.08,0.43,0.73
58.5,37.7,41.09,0.43,0.74
58.6,37.7,41.09,0.43,0.74
58.7,37.7,41.1,0.44,0.74
58.8,37.7,41.11,0.44,0.74
58.9,37.7,41.12,0.44,0.74
59,37.7,41.12,0.44,0.74
59.1,37.7,41.13,0.44,0.74
59.2,37.7,41.14,0.45,0.75
59.3,37.7,41.14,0.45,0.75
59.4,37.7,41.15,0.45,0.75
59.5,37.7,41.16,0.45,0.75
59.6,37.7,41.17,0.46,0.75
59.7,37.7,41.17,0.46,0.75
59.8,37.7,41.18,0.46,0.75
59.9,37.7,41.19,0.46,0.75
60,37.7,41.19,0.47,0.76
60.1,37.7,41.2,0.47,0.76
60.2,37.7,41.21,0.47,0.76
60.3,37.7,41.21,0.47,0.76
60.4,37.7,41.22,0.48,0.76
60.5,37.7,41.22,0.48,0.76
60.6,37.7,41.23,0.48,0.77
60.7,37.7,41.23,0.48,0.77
60.8,37.7,41.24,0.49,0.77
60.9,37.7,41.24,0.49,0.77
61,37.7,41.24,0.49,0.77
61.1,37.7,41.24,0.49,0.77
61.2,37.7,41.24,0.5,0.78
61.3,37.7,41.24,0.5,0.78
61.4,37.7,41.24,0.5,0.78
61.5,37.7,41.24,0.5,0.78
61.6,37.7,41.24,0.51,0.78
61.7,37.7,41.24,0.51,0.78
61.8,37.7,41.24,0.51,0.79
61.9,37.7,41.23,0.51,0.79
62,37.7,41.23,0.52,0.79
62.1,37.7,41.22,0.52,0.79
62.2,37.7,41.22,0.52,0.79
62.3,37.7,41.21,0.52,0.79
62.4,37.7,41.2,0.52,0.8
62.5,37.7,41.19,0.53,0.8
62.6,37.7,41.18,0.53,0.8
62.7,37.7,41.17,0.53,0.8
62.8,37.7,41.15,0.53,0.8
62.9,37.7,41.14,0.54,0.8
63,37.7,41.12,0.54,0.81
63.1,37.7,41.11,0.54,0.81
63.2,37.7,41.09,0.54,0.81
63.3,37.7,41.07,0.54,0.81
63.4,37.7,41.05,0.55,0.81
63.5,37.7,41.03,0.55,0.82
63.6,37.7,41,0.55,0.82
63.7,37.7,40.98,0.55,0.82
63.8,37.7,40.95,0.56,0.82
63.9,37.7,40.93,0.56,0.82
64,37.7,40.9,0.56,0.83
64.1,37.7,40.87,0.56,0.83
64.2,37.7,40.83,0.56,0.83
64.3,37.7,40.8,0.56,0.83
64.4,37.7,40.76,0.57,0.83
64.5,37.7,40.72,0.57,0.84
64.6,37.7,40.69,0.57,0.84
64.7,37.7,40.64,0.57,0.84
64.8,37.7,40.6,0.57,0.84
64.9,37.7,40.56,0.58,0.84
65,37.7,40.51,0.58,0.85
65.1,37.7,40.46,0.58,0.85
65.2,37.7,40.41,0.58,0.85
65.3,37.7,40.36,0.58,0.85
65.4,37.7,40.3,0.58,0.86
65.5,37.7,40.25,0.59,0.86
65.6,37.7,40.19,0.59,0.86
65.7,37.7,40.13,0.59,0.86
65.8,37.7,40.06,0.59,0.86
65.9,37.7,40,0.59,0.87
66,37.7,39.93,0.59,0.87
66.1,37.7,39.86,0.59,0.87
58,37.8,41.09,0.43,0.73
58.1,37.8,41.09,0.43,0.73
58.2,37.8,41.1,0.43,0.74
58.3,37.8,41.1,0.44,0.74
58.4,37.8,41.11,0.44,0.74
58.5,37.8,41.11,0.44,0.74
58.6,37.8,41.12,0.44,0.74
58.7,37.8,41.13,0.45,0.74
58.8,37.8,41.13,0.45,0.74
58.9,37.8,41.14,0.45,0.74
59,37.8,41.15,0.45,0.75
59.1,37.8,41.16,0.45,0.75
59.2,37.8,41.16,0.46,0.75
59.3,37.8,41.17,0.46,0.75
59.4,37.8,41.18,0.46,0.75
59.5,37.8,41.19,0.46,0.75
59.6,37.8,41.19,0.47,0.75
59.7,37.8,41.2,0.47,0.76
59.8,37.8,41.21,0.47,0.76
59.9,37.8,41.21,0.47,0.76
60,37.8,41.22,0.48,0.76
60.1,37.8,41.23,0.48,0.76
60.2,37.8,41.23,0.48,0.76
60.3,37.8,41.24,0.48,0.76
60.4,37.8,41.25,0.49,0.77
60.5,37.8,41.25,0.49,0.77
60.6,37.8,41.25,0.49,0.77
60.7,37.8,41.26,0.49,0.77
60.8,37.8,41.26,0.5,0.77
60.9,37.8,41.27,0.5,0.77
61,37.8,41.27,0.5,0.78
61.1,37.8,41.27,0.5,0.78
61.2,37.8,41.27,0.51,0.78
61.3,37.8,41.27,0.51,0.78
61.4,37.8,41.27,0.51,0.78
61.5,37.8,41.27,0.51,0.78
61.6,37.8,41.27,0.52,0.78
61.7,37.8,41.27,0.52,0.79
61.8,37.8,41.27,0.52,0.79
61.9,37.8,41.26,0.52,0.79
62,37.8,41.26,0.53,0.79
62.1,37.8,41.25,0.53,0.79
62.2,37.8,41.24,0.53,0.8
62.3,37.8,41.24,0.53,0.8
62.4,37.8,41.23,0.53,0.8
62.5,37.8,41.22,0.54,0.8
62.6,37.8,41.21,0.54,0.8
62.7,37.8,41.2,0.54,0.8
62.8,37.8,41.18,0.54,0.81
62.9,37.8,41.17,0.55,0.81
63,37.8,41.15,0.55,0.81
63.1,37.8,41.14,0.55,0.81
63.2,37.8,41.12,0.55,0.81
63.3,37.8,41.1,0.55,0.82
63.4,37.8,41.08,0.56,0.82
63.5,37.8,41.06,0.56,0.82
63.6,37.8,41.03,0.56,0.82
63.7,37.8,41.01,0.56,0.82
63.8,37.8,40.98,0.56,0.82
63.9,37.8,40.95,0.57,0.83
64,37.8,40.92,0.57,0.83
64.1,37.8,40.89,0.57,0.83
64.2,37.8,40.86,0.57,0.83
64.3,37.8,40.83,0.57,0.83
64.4,37.8,40.79,0.58,0.84
64.5,37.8,40.75,0.58,0.84
64.6,37.8,40.71,0.58,0.84
64.7,37.8,40.67,0.58,0.84
64.8,37.8,40.63,0.58,0.85
64.9,37.8,40.59,0.58,0.85
65,37.8,40.54,0.59,0.85
65.1,37.8,40.49,0.59,0.85
65.2,37.8,40.44,0.59,0.85
65.3,37.8,40.39,0.59,0.86
65.4,37.8,40.33,0.59,0.86
65.5,37.8,40.28,0.59,0.86
65.6,37.8,40.22,0.59,0.86
65.7,37.8,40.16,0.6,0.86
65.8,37.8,40.09,0.6,0.87
65.9,37.8,40.03,0.6,0.87
66,37.8,39.96,0.6,0.87
66.1,37.8,39.89,0.6,0.87
58,37.9,41.11,0.44,0.74
58.1,37.9,41.12,0.44,0.74
58.2,37.9,41.12,0.44,0.74
58.3,37.9,41.13,0.45,0.74
58.4,37.9,41.14,0.45,0.74
58.5,37.9,41.14,0.45,0.74
58.6,37.9,41.15,0.45,0.74
58.7,37.9,41.16,0.46,0.75
58.8,37.9,41.16,0.46,0.75
58.9,37.9,41.17,0.46,0.75
59,37.9,41.18,0.46,0.75
59.1,37.9,41.18,0.47,0.75
59.2,37.9,41.19,0.47,0.75
59.3,37.9,41.2,0.47,0.75
59.4,37.9,41.21,0.47,0.75
59.5,37.9,41.21,0.47,0.76
59.6,37.9,41.22,0.48,0.76
59.7,37.9,41.23,0.48,0.76
59.8,37.9,41.24,0.48,0.76
59.9,37.9,41.24,0.48,0.76
60,37.9,41.25,0.49,0.76
60.1,37.9,41.26,0.49,0.76
60.2,37.9,41.26,0.49,0.77
60.3,37.9,41.27,0.49,0.77
60.4,37.9,41.27,0.5,0.77
60.5,37.9,41.28,0.5,0.77
60.6,37.9,41.28,0.5,0.77
60.7,37.9,41.29,0.5,0.77
60.8,37.9,41.29,0.51,0.78
60.9,37.9,41.29,0.51,0.78
61,37.9,41.3,0.51,0.78
61.1,37.9,41.3,0.51,0.78
61.2,37.9,41.3,0.52,0.78
61.3,37.9,41.3,0.52,0.78
61.4,37.9,41.3,0.52,0.78
61.5,37.9,41.3,0.52,0.79
61.6,37.9,41.3,0.53,0.79
61.7,37.9,41.3,0.53,0.79
61.8,37.9,41.29,0.53,0.79
61.9,37.9,41.29,0.53,0.79
62,37.9,41.28,0.54,0.79
62.1,37.9,41.28,0.54,0.8
62.2,37.9,41.27,0.54,0.8
62.3,37.9,41.26,0.54,0.8
62.4,37.9,41.26,0.54,0.8
62.5,37.9,41.25,0.55,0.8
62.6,37.9,41.24,0.55,0.81
62.7,37.9,41.22,0.55,0.81
62.8,37.9,41.21,0.55,0.81
62.9,37.9,41.2,0.56,0.81
63,37.9,41.18,0.56,0.81
63.1,37.9,41.16,0.56,0.81
63.2,37.9,41.15,0.56,0.82
63.3,37.9,41.13,0.56,0.82
63.4,37.9,41.11,0.57,0.82
63.5,37.9,41.09,0.57,0.82
63.6,37.9,41.06,0.57,0.82
63.7,37.9,41.04,0.57,0.83
63.8,37.9,41.01,0.57,0.83
63.9,37.9,40.98,0.58,0.83
64,37.9,40.95,0.58,0.83
64.1,37.9,40.92,0.58,0.83
64.2,37.9,40.89,0.58,0.84
64.3,37.9,40.86,0.58,0.84
64.4,37.9,40.82,0.58,0.84
64.5,37.9,40.78,0.59,0.84
64.6,37.9,40.74,0.59,0.84
64.7,37.9,40.7,0.59,0.85
64.8,37.9,40.66,0.59,0.85
64.9,37.9,40.62,0.59,0.85
65,37.9,40.57,0.59,0.85
65.1,37.9,40.52,0.6,0.85
65.2,37.9,40.47,0.6,0.86
65.3,37.9,40.42,0.6,0.86
65.4,37.9,40.36,0.6,0.86
65.5,37.9,40.31,0.6,0.86
65.6,37.9,40.25,0.6,0.86
65.7,37.9,40.19,0.6,0.87
65.8,37.9,40.12,0.61,0.87
65.9,37.9,40.06,0.61,0.87
66,37.9,39.99,0.61,0.87
66.1,37.9,39.92,0.61,0.88
58,38,41.14,0.45,0.74
58.1,38,41.15,0.45,0.74
58.2,38,41.15,0.46,0.74
58.3,38,41.16,0.46,0.74
58.4,38,41.16,0.46,0.75
58.5,38,41.17,0.46,0.75
58.6,38,41.18,0.46,0.75
58.7,38,41.18,0.47,0.75
58.8,38,41.19,0.47,0.75
58.9,38,41.2,0.47,0.75
59,38,41.2,0.47,0.75
59.1,38,41.21,0.48,0.75
59.2,38,41.22,0.48,0.76
59.3,38,41.23,0.48,0.76
59.4,38,41.23,0.48,0.76
59.5,38,41.24,0.49,0.76
59.6,38,41.25,0.49,0.76
59.7,38,41.26,0.49,0.76
59.8,38,41.26,0.49,0.76
59.9,38,41.27,0.5,0.77
60,38,41.28,0.5,0.77
60.1,38,41.28,0.5,0.77
60.2,38,41.29,0.5,0.77
60.3,38,41.3,0.51,0.77
60.4,38,41.3,0.51,0.77
60.5,38,41.31,0.51,0.77
60.6,38,41.31,0.51,0.78
60.7,38,41.31,0.52,0.78
60.8,38,41.32,0.52,0.78
60.9,38,41.32,0.52,0.78
61,38,41.32,0.52,0.78
61.1,38,41.33,0.52,0.78
61.2,38,41.33,0.53,0.78
61.3,38,41.33,0.53,0.79
61.4,38,41.33,0.53,0.79
61.5,38,41.33,0.53,0.79
61.6,38,41.33,0.54,0.79
61.7,38,41.32,0.54,0.79
61.8,38,41.32,0.54,0.79
61.9,38,41.32,0.54,0.8
62,38,41.31,0.55,0.8
62.1,38,41.31,0.55,0.8
62.2,38,41.3,0.55,0.8
62.3,38,41.29,0.55,0.8
62.4,38,41.28,0.56,0.8
62.5,38,41.28,0.56,0.81
62.6,38,41.26,0.56,0.81
62.7,38,41.25,0.56,0.81
62.8,38,41.24,0.56,0.81
62.9,38,41.23,0.57,0.81
63,38,41.21,0.57,0.82
63.1,38,41.19,0.57,0.82
63.2,38,41.18,0.57,0.82
63.3,38,41.16,0.57,0.82
63.4,38,41.14,0.58,0.82
63.5,38,41.11,0.58,0.82
63.6,38,41.09,0.58,0.83
63.7,38,41.07,0.58,0.83
63.8,38,41.04,0.58,0.83
63.9,38,41.01,0.59,0.83
64,38,40.98,0.59,0.83
64.1,38,40.95,0.59,0.84
64.2,38,40.92,0.59,0.84
64.3,38,40.89,0.59,0.84
64.4,38,40.85,0.59,0.84
64.5,38,40.81,0.6,0.84
64.6,38,40.77,0.6,0.85
64.7,38,40.73,0.6,0.85
64.8,38,40.69,0.6,0.85
64.9,38,40.64,0.6,0.85
65,38,40.6,0.6,0.85
65.1,38,40.55,0.6,0.86
65.2,38,40.5,0.61,0.86
65.3,38,40.45,0.61,0.86
65.4,38,40.39,0.61,0.86
65.5,38,40.34,0.61,0.87
65.6,38,40.28,0.61,0.87
65.7,38,40.22,0.61,0.87
65.8,38,40.15,0.61,0.87
65.9,38,40.09,0.62,0.87
66,38,40.02,0.62,0.88
66.1,38,39.95,0.62,0.88
58,38.1,41.17,0.46,0.74
58.1,38.1,41.17,0.46,0.75
58.2,38.1,41.18,0.47,0.75
58.3,38.1,41.18,0.47,0.75
58.4,38.1,41.19,0.47,0.75
58.5,38.1,41.2,0.47,0.75
58.6,38.1,41.2,0.48,0.75
58.7,38.1,41.21,0.48,0.75
58.8,38.1,41.22,0.48,0.75
58.9,38.1,41.22,0.48,0.76
59,38.1,41.23,0.48,0.76
59.1,38.1,41.24,0.49,0.76
59.2,38.1,41.25,0.49,0.76
59.3,38.1,41.25,0.49,0.76
59.4,38.1,41.26,0.49,0.76
59.5,38.1,41.27,0.5,0.76
59.6,38.1,41.28,0.5,0.76
59.7,38.1,41.28,0.5,0.77
59.8,38.1,41.29,0.5,0.77
59.9,38.1,41.3,0.51,0.77
60,38.1,41.3,0.51,0.77
60.1,38.1,41.31,0.51,0.77
60.2,38.1,41.32,0.51,0.77
60.3,38.1,41.32,0.52,0.77
60.4,38.1,41.33,0.52,0.78
60.5,38.1,41.33,0.52,0.78
60.6,38.1,41.34,0.52,0.78
60.7,38.1,41.34,0.53,0.78
60.8,38.1,41.35,0.53,0.78
60.9,38.1,41.35,0.53,0.78
61,38.1,41.35,0.53,0.79
61.1,38.1,41.35,0.54,0.79
61.2,38.1,41.36,0.54,0.79
61.3,38.1,41.36,0.54,0.79
61.4,38.1,41.36,0.54,0.79
61.5,38.1,41.36,0.55,0.79
61.6,38.1,41.35,0.55,0.79
61.7,38.1,41.35,0.55,0.8
61.8,38.1,41.35,0.55,0.8
61.9,38.1,41.35,0.55,0.8
62,38.1,41.34,0.56,0.8
62.1,38.1,41.34,0.56,0.8
62.2,38.1,41.33,0.56,0.8
62.3,38.1,41.32,0.56,0.81
62.4,38.1,41.31,0.57,0.81
62.5,38.1,41.3,0.57,0.81
62.6,38.1,41.29,0.57,0.81
62.7,38.1,41.28,0.57,0.81
62.8,38.1,41.27,0.57,0.82
62.9,38.1,41.25,0.58,0.82
63,38.1,41.24,0.58,0.82
63.1,38.1,41.22,0.58,0.82
63.2,38.1,41.21,0.58,0.82
63.3,38.1,41.19,0.58,0.82
63.4,38.1,41.17,0.59,0.83
63.5,38.1,41.14,0.59,0.83
63.6,38.1,41.12,0.59,0.83
63.7,38.1,41.1,0.59,0.83
63.8,38.1,41.07,0.59,0.83
63.9,38.1,41.04,0.6,0.84
64,38.1,41.01,0.6,0.84
64.1,38.1,40.98,0.6,0.84
64.2,38.1,40.95,0.6,0.84
64.3,38.1,40.92,0.6,0.84
64.4,38.1,40.88,0.6,0.85
64.5,38.1,40.84,0.6,0.85
64.6,38.1,40.8,0.61,0.85
64.7,38.1,40.76,0.61,0.85
64.8,38.1,40.72,0.61,0.85
64.9,38.1,40.67,0.61,0.86
65,38.1,40.63,0.61,0.86
65.1,38.1,40.58,0.61,0.86
65.2,38.1,40.53,0.61,0.86
65.3,38.1,40.48,0.62,0.86
65.4,38.1,40.42,0.62,0.87
65.5,38.1,40.37,0.62,0.87
65.6,38.1,40.31,0.62,0.87
65.7,38.1,40.25,0.62,0.87
65.8,38.1,40.19,0.62,0.87
65.9,38.1,40.12,0.62,0.88
66,38.1,40.05,0.62,0.88
66.1,38.1,39.98,0.63,0.88
58,38.2,41.2,0.47,0.75
58.1,38.2,41.2,0.48,0.75
58.2,38.2,41.21,0.48,0.75
58.3,38.2,41.21,0.48,0.75
58.4,38.2,41.22,0.48,0.75
58.5,38.2,41.23,0.48,0.75
58.6,38.2,41.23,0.49,0.76
58.7,38.2,41.24,0.49,0.76
58.8,38.2,41.25,0.49,0.76
58.9,38.2,41.25,0.49,0.76
59,38.2,41.26,0.5,0.76
59.1,38.2,41.27,0.5,0.76
59.2,38.2,41.28,0.5,0.76
59.3,38.2,41.28,0.5,0.76
59.4,38.2,41.29,0.51,0.77
59.5,38.2,41.3,0.51,0.77
59.6,38.2,41.31,0.51,0.77
59.7,38.2,41.31,0.51,0.77
59.8,38.2,41.32,0.52,0.77
59.9,38.2,41.33,0.52,0.77
60,38.2,41.33,0.52,0.77
60.1,38.2,41.34,0.52,0.78
60.2,38.2,41.35,0.53,0.78
60.3,38.2,41.35,0.53,0.78
60.4,38.2,41.36,0.53,0.78
60.5,38.2,41.36,0.53,0.78
60.6,38.2,41.37,0.54,0.78
60.7,38.2,41.37,0.54,0.78
60.8,38.2,41.37,0.54,0.79
60.9,38.2,41.38,0.54,0.79
61,38.2,41.38,0.55,0.79
61.1,38.2,41.38,0.55,0.79
61.2,38.2,41.38,0.55,0.79
61.3,38.2,41.39,0.55,0.79
61.4,38.2,41.39,0.55,0.79
61.5,38.2,41.38,0.56,0.8
61.6,38.2,41.38,0.56,0.8
61.7,38.2,41.38,0.56,0.8
61.8,38.2,41.38,0.56,0.8
61.9,38.2,41.37,0.57,0.8
62,38.2,41.37,0.57,0.8
62.1,38.2,41.36,0.57,0.81
62.2,38.2,41.36,0.57,0.81
62.3,38.2,41.35,0.57,0.81
62.4,38.2,41.34,0.58,0.81
62.5,38.2,41.33,0.58,0.81
62.6,38.2,41.32,0.58,0.81
62.7,38.2,41.31,0.58,0.82
62.8,38.2,41.3,0.59,0.82
62.9,38.2,41.28,0.59,0.82
63,38.2,41.27,0.59,0.82
63.1,38.2,41.25,0.59,0.82
63.2,38.2,41.23,0.59,0.83
63.3,38.2,41.22,0.59,0.83
63.4,38.2,41.19,0.6,0.83
63.5,38.2,41.17,0.6,0.83
63.6,38.2,41.15,0.6,0.83
63.7,38.2,41.13,0.6,0.83
63.8,38.2,41.1,0.6,0.84
63.9,38.2,41.07,0.61,0.84
64,38.2,41.04,0.61,0.84
64.1,38.2,41.01,0.61,0.84
64.2,38.2,40.98,0.61,0.84
64.3,38.2,40.95,0.61,0.85
64.4,38.2,40.91,0.61,0.85
64.5,38.2,40.87,0.61,0.85
64.6,38.2,40.83,0.62,0.85
64.7,38.2,40.79,0.62,0.85
64.8,38.2,40.75,0.62,0.86
64.9,38.2,40.71,0.62,0.86
65,38.2,40.66,0.62,0.86
65.1,38.2,40.61,0.62,0.86
65.2,38.2,40.56,0.62,0.86
65.3,38.2,40.51,0.63,0.87
65.4,38.2,40.45,0.63,0.87
65.5,38.2,40.4,0.63,0.87
65.6,38.2,40.34,0.63,0.87
65.7,38.2,40.28,0.63,0.87
65.8,38.2,40.22,0.63,0.88
65.9,38.2,40.15,0.63,0.88
66,38.2,40.08,0.63,0.88
66.1,38.2,40.02,0.63,0.88
58,38.3,41.22,0.48,0.75
58.1,38.3,41.23,0.49,0.75
58.2,38.3,41.23,0.49,0.75
58.3,38.3,41.24,0.49,0.76
58.4,38.3,41.25,0.49,0.76
58.5,38.3,41.25,0.5,0.76
58.6,38.3,41.26,0.5,0.76
58.7,38.3,41.27,0.5,0.76
58.8,38.3,41.27,0.5,0.76
58.9,38.3,41.28,0.51,0.76
59,38.3,41.29,0.51,0.76
59.1,38.3,41.3,0.51,0.77
59.2,38.3,41.3,0.51,0.77
59.3,38.3,41.31,0.52,0.77
59.4,38.3,41.32,0.52,0.77
59.5,38.3,41.33,0.52,0.77
59.6,38.3,41.33,0.52,0.77
59.7,38.3,41.34,0.52,0.77
59.8,38.3,41.35,0.53,0.77
59.9,38.3,41.35,0.53,0.78
60,38.3,41.36,0.53,0.78
60.1,38.3,41.37,0.53,0.78
60.2,38.3,41.37,0.54,0.78
60.3,38.3,41.38,0.54,0.78
60.4,38.3,41.39,0.54,0.78
60.5,38.3,41.39,0.54,0.78
60.6,38.3,41.4,0.55,0.79
60.7,38.3,41.4,0.55,0.79
60.8,38.3,41.4,0.55,0.79
60.9,38.3,41.41,0.55,0.79
61,38.3,41.41,0.56,0.79
61.1,38.3,41.41,0.56,0.79
61.2,38.3,41.41,0.56,0.8
61.3,38.3,41.41,0.56,0.8
61.4,38.3,41.41,0.57,0.8
61.5,38.3,41.41,0.57,0.8
61.6,38.3,41.41,0.57,0.8
61.7,38.3,41.41,0.57,0.8
61.8,38.3,41.41,0.58,0.8
61.9,38.3,41.4,0.58,0.81
62,38.3,41.4,0.58,0.81
62.1,38.3,41.39,0.58,0.81
62.2,38.3,41.39,0.58,0.81
62.3,38.3,41.38,0.59,0.81
62.4,38.3,41.37,0.59,0.81
62.5,38.3,41.36,0.59,0.82
62.6,38.3,41.35,0.59,0.82
62.7,38.3,41.34,0.59,0.82
62.8,38.3,41.33,0.6,0.82
62.9,38.3,41.31,0.6,0.82
63,38.3,41.3,0.6,0.82
63.1,38.3,41.28,0.6,0.83
63.2,38.3,41.26,0.6,0.83
63.3,38.3,41.24,0.61,0.83
63.4,38.3,41.22,0.61,0.83
63.5,38.3,41.2,0.61,0.83
63.6,38.3,41.18,0.61,0.84
63.7,38.3,41.16,0.61,0.84
63.8,38.3,41.13,0.61,0.84
63.9,38.3,41.1,0.62,0.84
64,38.3,41.07,0.62,0.84
64.1,38.3,41.04,0.62,0.85
64.2,38.3,41.01,0.62,0.85
64.3,38.3,40.98,0.62,0.85
64.4,38.3,40.94,0.62,0.85
64.5,38.3,40.9,0.63,0.85
64.6,38.3,40.86,0.63,0.85
64.7,38.3,40.82,0.63,0.86
64.8,38.3,40.78,0.63,0.86
64.9,38.3,40.74,0.63,0.86
65,38.3,40.69,0.63,0.86
65.1,38.3,40.64,0.63,0.86
65.2,38.3,40.59,0.63,0.87
65.3,38.3,40.54,0.64,0.87
65.4,38.3,40.48,0.64,0.87
65.5,38.3,40.43,0.64,0.87
65.6,38.3,40.37,0.64,0.88
65.7,38.3,40.31,0.64,0.88
65.8,38.3,40.25,0.64,0.88
65.9,38.3,40.18,0.64,0.88
66,38.3,40.12,0.64,0.88
66.1,38.3,40.05,0.64,0.89
58,38.4,41.25,0.5,0.76
58.1,38.4,41.26,0.5,0.76
58.2,38.4,41.26,0.5,0.76
58.3,38.4,41.27,0.5,0.76
58.4,38.4,41.28,0.51,0.76
58.5,38.4,41.28,0.51,0.76
58.6,38.4,41.29,0.51,0.76
58.7,38.4,41.3,0.51,0.76
58.8,38.4,41.3,0.52,0.77
58.9,38.4,41.31,0.52,0.77
59,38.4,41.32,0.52,0.77
59.1,38.4,41.32,0.52,0.77
59.2,38.4,41.33,0.52,0.77
59.3,38.4,41.34,0.53,0.77
59.4,38.4,41.35,0.53,0.77
59.5,38.4,41.35,0.53,0.77
59.6,38.4,41.36,0.53,0.78
59.7,38.4,41.37,0.54,0.78
59.8,38.4,41.38,0.54,0.78
59.9,38.4,41.38,0.54,0.78
60,38.4,41.39,0.54,0.78
60.1,38.4,41.4,0.55,0.78
60.2,38.4,41.4,0.55,0.78
60.3,38.4,41.41,0.55,0.79
60.4,38.4,41.41,0.55,0.79
60.5,38.4,41.42,0.56,0.79
60.6,38.4,41.42,0.56,0.79
60.7,38.4,41.43,0.56,0.79
60.8,38.4,41.43,0.56,0.79
60.9,38.4,41.44,0.57,0.79
61,38.4,41.44,0.57,0.8
61.1,38.4,41.44,0.57,0.8
61.2,38.4,41.44,0.57,0.8
61.3,38.4,41.44,0.58,0.8
61.4,38.4,41.44,0.58,0.8
61.5,38.4,41.44,0.58,0.8
61.6,38.4,41.44,0.58,0.8
61.7,38.4,41.44,0.59,0.81
61.8,38.4,41.44,0.59,0.81
61.9,38.4,41.43,0.59,0.81
62,38.4,41.43,0.59,0.81
62.1,38.4,41.42,0.59,0.81
62.2,38.4,41.42,0.6,0.81
62.3,38.4,41.41,0.6,0.82
62.4,38.4,41.4,0.6,0.82
62.5,38.4,41.39,0.6,0.82
62.6,38.4,41.38,0.6,0.82
62.7,38.4,41.37,0.61,0.82
62.8,38.4,41.36,0.61,0.82
62.9,38.4,41.34,0.61,0.83
63,38.4,41.33,0.61,0.83
63.1,38.4,41.31,0.61,0.83
63.2,38.4,41.29,0.62,0.83
63.3,38.4,41.27,0.62,0.83
63.4,38.4,41.25,0.62,0.84
63.5,38.4,41.23,0.62,0.84
63.6,38.4,41.21,0.62,0.84
63.7,38.4,41.19,0.62,0.84
63.8,38.4,41.16,0.63,0.84
63.9,38.4,41.13,0.63,0.84
64,38.4,41.1,0.63,0.85
64.1,38.4,41.07,0.63,0.85
64.2,38.4,41.04,0.63,0.85
64.3,38.4,41.01,0.63,0.85
64.4,38.4,40.97,0.63,0.85
64.5,38.4,40.93,0.64,0.86
64.6,38.4,40.89,0.64,0.86
64.7,38.4,40.85,0.64,0.86
64.8,38.4,40.81,0.64,0.86
64.9,38.4,40.77,0.64,0.86
65,38.4,40.72,0.64,0.87
65.1,38.4,40.67,0.64,0.87
65.2,38.4,40.62,0.64,0.87
65.3,38.4,40.57,0.64,0.87
65.4,38.4,40.52,0.65,0.87
65.5,38.4,40.46,0.65,0.88
65.6,38.4,40.4,0.65,0.88
65.7,38.4,40.34,0.65,0.88
65.8,38.4,40.28,0.65,0.88
65.9,38.4,40.21,0.65,0.88
66,38.4,40.15,0.65,0.89
66.1,38.4,40.08,0.65,0.89
58,38.5,41.28,0.51,0.76
58.1,38.5,41.29,0.51,0.76
58.2,38.5,41.29,0.51,0.76
58.3,38.5,41.3,0.52,0.76
58.4,38.5,41.3,0.52,0.77
58.5,38.5,41.31,0.52,0.77
58.6,38.5,41.32,0.52,0.77
58.7,38.5,41.32,0.53,0.77
58.8,38.5,41.33,0.53,0.77
58.9,38.5,41.34,0.53,0.77
59,38.5,41.35,0.53,0.77
59.1,38.5,41.35,0.54,0.77
59.2,38.5,41.36,0.54,0.77
59.3,38.5,41.37,0.54,0.78
59.4,38.5,41.38,0.54,0.78
59.5,38.5,41.38,0.55,0.78
59.6,38.5,41.39,0.55,0.78
59.7,38.5,41.4,0.55,0.78
59.8,38.5,41.41,0.55,0.78
59.9,38.5,41.41,0.56,0.78
60,38.5,41.42,0.56,0.79
60.1,38.5,41.43,0.56,0.79
60.2,38.5,41.43,0.56,0.79
60.3,38.5,41.44,0.57,0.79
60.4,38.5,41.44,0.57,0.79
60.5,38.5,41.45,0.57,0.79
60.6,38.5,41.45,0.57,0.79
60.7,38.5,41.46,0.57,0.79
60.8,38.5,41.46,0.58,0.8
60.9,38.5,41.46,0.58,0.8
61,38.5,41.47,0.58,0.8
61.1,38.5,41.47,0.58,0.8
61.2,38.5,41.47,0.59,0.8
61.3,38.5,41.47,0.59,0.8
61.4,38.5,41.47,0.59,0.81
61.5,38.5,41.47,0.59,0.81
61.6,38.5,41.47,0.6,0.81
61.7,38.5,41.47,0.6,0.81
61.8,38.5,41.47,0.6,0.81
61.9,38.5,41.46,0.6,0.81
62,38.5,41.46,0.6,0.81
62.1,38.5,41.45,0.61,0.82
62.2,38.5,41.45,0.61,0.82
62.3,38.5,41.44,0.61,0.82
62.4,38.5,41.43,0.61,0.82
62.5,38.5,41.42,0.61,0.82
62.6,38.5,41.41,0.62,0.82
62.7,38.5,41.4,0.62,0.83
62.8,38.5,41.39,0.62,0.83
62.9,38.5,41.37,0.62,0.83
63,38.5,41.36,0.62,0.83
63.1,38.5,41.34,0.63,0.83
63.2,38.5,41.32,0.63,0.83
63.3,38.5,41.3,0.63,0.84
63.4,38.5,41.28,0.63,0.84
63.5,38.5,41.26,0.63,0.84
63.6,38.5,41.24,0.63,0.84
63.7,38.5,41.22,0.64,0.84
63.8,38.5,41.19,0.64,0.85
63.9,38.5,41.16,0.64,0.85
64,38.5,41.13,0.64,0.85
64.1,38.5,41.1,0.64,0.85
64.2,38.5,41.07,0.64,0.85
64.3,38.5,41.04,0.64,0.85
64.4,38.5,41,0.65,0.86
64.5,38.5,40.96,0.65,0.86
64.6,38.5,40.92,0.65,0.86
64.7,38.5,40.88,0.65,0.86
64.8,38.5,40.84,0.65,0.86
64.9,38.5,40.8,0.65,0.87
65,38.5,40.75,0.65,0.87
65.1,38.5,40.7,0.65,0.87
65.2,38.5,40.65,0.65,0.87
65.3,38.5,40.6,0.66,0.87
65.4,38.5,40.55,0.66,0.88
65.5,38.5,40.49,0.66,0.88
65.6,38.5,40.43,0.66,0.88
65.7,38.5,40.37,0.66,0.88
65.8,38.5,40.31,0.66,0.89
65.9,38.5,40.25,0.66,0.89
66,38.5,40.18,0.66,0.89
66.1,38.5,40.11,0.66,0.89
58,38.6,41.31,0.52,0.76
58.1,38.6,41.32,0.52,0.77
58.2,38.6,41.32,0.53,0.77
58.3,38.6,41.33,0.53,0.77
58.4,38.6,41.33,0.53,0.77
58.5,38.6,41.34,0.53,0.77
58.6,38.6,41.35,0.54,0.77
58.7,38.6,41.35,0.54,0.77
58.8,38.6,41.36,0.54,0.77
58.9,38.6,41.37,0.54,0.78
59,38.6,41.38,0.55,0.78
59.1,38.6,41.38,0.55,0.78
59.2,38.6,41.39,0.55,0.78
59.3,38.6,41.4,0.55,0.78
59.4,38.6,41.41,0.56,0.78
59.5,38.6,41.41,0.56,0.78
59.6,38.6,41.42,0.56,0.78
59.7,38.6,41.43,0.56,0.78
59.8,38.6,41.43,0.57,0.79
59.9,38.6,41.44,0.57,0.79
60,38.6,41.45,0.57,0.79
60.1,38.6,41.45,0.57,0.79
60.2,38.6,41.46,0.58,0.79
60.3,38.6,41.47,0.58,0.79
60.4,38.6,41.47,0.58,0.79
60.5,38.6,41.48,0.58,0.8
60.6,38.6,41.48,0.59,0.8
60.7,38.6,41.49,0.59,0.8
60.8,38.6,41.49,0.59,0.8
60.9,38.6,41.49,0.59,0.8
61,38.6,41.5,0.6,0.8
61.1,38.6,41.5,0.6,0.8
61.2,38.6,41.5,0.6,0.81
61.3,38.6,41.5,0.6,0.81
61.4,38.6,41.5,0.6,0.81
61.5,38.6,41.5,0.61,0.81
61.6,38.6,41.5,0.61,0.81
61.7,38.6,41.5,0.61,0.81
61.8,38.6,41.5,0.61,0.81
61.9,38.6,41.49,0.62,0.82
62,38.6,41.49,0.62,0.82
62.1,38.6,41.48,0.62,0.82
62.2,38.6,41.48,0.62,0.82
62.3,38.6,41.47,0.62,0.82
62.4,38.6,41.46,0.63,0.82
62.5,38.6,41.45,0.63,0.83
62.6,38.6,41.44,0.63,0.83
62.7,38.6,41.43,0.63,0.83
62.8,38.6,41.42,0.63,0.83
62.9,38.6,41.4,0.63,0.83
63,38.6,41.39,0.64,0.83
63.1,38.6,41.37,0.64,0.84
63.2,38.6,41.35,0.64,0.84
63.3,38.6,41.34,0.64,0.84
63.4,38.6,41.31,0.64,0.84
63.5,38.6,41.29,0.64,0.84
63.6,38.6,41.27,0.65,0.85
63.7,38.6,41.25,0.65,0.85
63.8,38.6,41.22,0.65,0.85
63.9,38.6,41.19,0.65,0.85
64,38.6,41.16,0.65,0.85
64.1,38.6,41.13,0.65,0.85
64.2,38.6,41.1,0.65,0.86
64.3,38.6,41.07,0.66,0.86
64.4,38.6,41.03,0.66,0.86
64.5,38.6,40.99,0.66,0.86
64.6,38.6,40.96,0.66,0.86
64.7,38.6,40.92,0.66,0.87
64.8,38.6,40.87,0.66,0.87
64.9,38.6,40.83,0.66,0.87
65,38.6,40.78,0.66,0.87
65.1,38.6,40.73,0.66,0.87
65.2,38.6,40.68,0.66,0.88
65.3,38.6,40.63,0.67,0.88
65.4,38.6,40.58,0.67,0.88
65.5,38.6,40.52,0.67,0.88
65.6,38.6,40.46,0.67,0.88
65.7,38.6,40.4,0.67,0.89
65.8,38.6,40.34,0.67,0.89
65.9,38.6,40.28,0.67,0.89
66,38.6,40.21,0.67,0.89
66.1,38.6,40.14,0.67,0.89
58,38.7,41.34,0.54,0.77
58.1,38.7,41.34,0.54,0.77
58.2,38.7,41.35,0.54,0.77
58.3,38.7,41.36,0.54,0.77
58.4,38.7,41.36,0.54,0.77
58.5,38.7,41.37,0.55,0.77
58.6,38.7,41.38,0.55,0.78
58.7,38.7,41.38,0.55,0.78
58.8,38.7,41.39,0.55,0.78
58.9,38.7,41.4,0.56,0.78
59,38.7,41.4,0.56,0.78
59.1,38.7,41.41,0.56,0.78
59.2,38.7,41.42,0.56,0.78
59.3,38.7,41.43,0.57,0.78
59.4,38.7,41.43,0.57,0.78
59.5,38.7,41.44,0.57,0.79
59.6,38.7,41.45,0.57,0.79
59.7,38.7,41.46,0.58,0.79
59.8,38.7,41.46,0.58,0.79
59.9,38.7,41.47,0.58,0.79
60,38.7,41.48,0.58,0.79
60.1,38.7,41.48,0.59,0.79
60.2,38.7,41.49,0.59,0.8
60.3,38.7,41.5,0.59,0.8
60.4,38.7,41.5,0.59,0.8
60.5,38.7,41.51,0.6,0.8
60.6,38.7,41.51,0.6,0.8
60.7,38.7,41.52,0.6,0.8
60.8,38.7,41.52,0.6,0.8
60.9,38.7,41.52,0.61,0.8
61,38.7,41.53,0.61,0.81
61.1,38.7,41.53,0.61,0.81
61.2,38.7,41.53,0.61,0.81
61.3,38.7,41.53,0.62,0.81
61.4,38.7,41.53,0.62,0.81
61.5,38.7,41.53,0.62,0.81
61.6,38.7,41.53,0.62,0.82
61.7,38.7,41.53,0.62,0.82
61.8,38.7,41.53,0.63,0.82
61.9,38.7,41.52,0.63,0.82
62,38.7,41.52,0.63,0.82
62.1,38.7,41.51,0.63,0.82
62.2,38.7,41.51,0.63,0.82
62.3,38.7,41.5,0.64,0.83
62.4,38.7,41.49,0.64,0.83
62.5,38.7,41.48,0.64,0.83
62.6,38.7,41.47,0.64,0.83
62.7,38.7,41.46,0.64,0.83
62.8,38.7,41.45,0.65,0.83
62.9,38.7,41.43,0.65,0.84
63,38.7,41.42,0.65,0.84
63.1,38.7,41.4,0.65,0.84
63.2,38.7,41.38,0.65,0.84
63.3,38.7,41.37,0.65,0.84
63.4,38.7,41.35,0.66,0.84
63.5,38.7,41.32,0.66,0.85
63.6,38.7,41.3,0.66,0.85
63.7,38.7,41.28,0.66,0.85
63.8,38.7,41.25,0.66,0.85
63.9,38.7,41.22,0.66,0.85
64,38.7,41.19,0.66,0.86
64.1,38.7,41.16,0.67,0.86
64.2,38.7,41.13,0.67,0.86
64.3,38.7,41.1,0.67,0.86
64.4,38.7,41.06,0.67,0.86
64.5,38.7,41.03,0.67,0.86
64.6,38.7,40.99,0.67,0.87
64.7,38.7,40.95,0.67,0.87
64.8,38.7,40.9,0.67,0.87
64.9,38.7,40.86,0.67,0.87
65,38.7,40.81,0.67,0.87
65.1,38.7,40.77,0.68,0.88
65.2,38.7,40.72,0.68,0.88
65.3,38.7,40.66,0.68,0.88
65.4,38.7,40.61,0.68,0.88
65.5,38.7,40.55,0.68,0.88
65.6,38.7,40.5,0.68,0.89
65.7,38.7,40.44,0.68,0.89
65.8,38.7,40.37,0.68,0.89
65.9,38.7,40.31,0.68,0.89
66,38.7,40.24,0.68,0.89
66.1,38.7,40.17,0.68,0.9
58,38.8,41.37,0.55,0.77
58.1,38.8,41.37,0.55,0.77
58.2,38.8,41.38,0.55,0.78
58.3,38.8,41.39,0.56,0.78
58.4,38.8,41.39,0.56,0.78
58.5,38.8,41.4,0.56,0.78
58.6,38.8,41.4,0.56,0.78
58.7,38.8,41.41,0.57,0.78
58.8,38.8,41.42,0.57,0.78
58.9,38.8,41.43,0.57,0.78
59,38.8,41.43,0.57,0.78
59.1,38.8,41.44,0.58,0.79
59.2,38.8,41.45,0.58,0.79
59.3,38.8,41.46,0.58,0.79
59.4,38.8,41.46,0.58,0.79
59.5,38.8,41.47,0.59,0.79
59.6,38.8,41.48,0.59,0.79
59.7,38.8,41.49,0.59,0.79
59.8,38.8,41.49,0.59,0.79
59.9,38.8,41.5,0.6,0.8
60,38.8,41.51,0.6,0.8
60.1,38.8,41.51,0.6,0.8
60.2,38.8,41.52,0.6,0.8
60.3,38.8,41.53,0.61,0.8
60.4,38.8,41.53,0.61,0.8
60.5,38.8,41.54,0.61,0.8
60.6,38.8,41.54,0.61,0.8
60.7,38.8,41.55,0.62,0.81
60.8,38.8,41.55,0.62,0.81
60.9,38.8,41.55,0.62,0.81
61,38.8,41.56,0.62,0.81
61.1,38.8,41.56,0.63,0.81
61.2,38.8,41.56,0.63,0.81
61.3,38.8,41.56,0.63,0.81
61.4,38.8,41.56,0.63,0.82
61.5,38.8,41.56,0.63,0.82
61.6,38.8,41.56,0.64,0.82
61.7,38.8,41.56,0.64,0.82
61.8,38.8,41.56,0.64,0.82
61.9,38.8,41.55,0.64,0.82
62,38.8,41.55,0.64,0.82
62.1,38.8,41.54,0.65,0.83
62.2,38.8,41.54,0.65,0.83
62.3,38.8,41.53,0.65,0.83
62.4,38.8,41.52,0.65,0.83
62.5,38.8,41.51,0.65,0.83
62.6,38.8,41.5,0.66,0.83
62.7,38.8,41.49,0.66,0.84
62.8,38.8,41.48,0.66,0.84
62.9,38.8,41.46,0.66,0.84
63,38.8,41.45,0.66,0.84
63.1,38.8,41.43,0.66,0.84
63.2,38.8,41.42,0.67,0.84
63.3,38.8,41.4,0.67,0.85
63.4,38.8,41.38,0.67,0.85
63.5,38.8,41.35,0.67,0.85
63.6,38.8,41.33,0.67,0.85
63.7,38.8,41.31,0.67,0.85
63.8,38.8,41.28,0.67,0.85
63.9,38.8,41.25,0.68,0.86
64,38.8,41.23,0.68,0.86
64.1,38.8,41.2,0.68,0.86
64.2,38.8,41.16,0.68,0.86
64.3,38.8,41.13,0.68,0.86
64.4,38.8,41.09,0.68,0.87
64.5,38.8,41.06,0.68,0.87
64.6,38.8,41.02,0.68,0.87
64.7,38.8,40.98,0.68,0.87
64.8,38.8,40.94,0.68,0.87
64.9,38.8,40.89,0.69,0.88
65,38.8,40.85,0.69,0.88
65.1,38.8,40.8,0.69,0.88
65.2,38.8,40.75,0.69,0.88
65.3,38.8,40.7,0.69,0.88
65.4,38.8,40.64,0.69,0.89
65.5,38.8,40.59,0.69,0.89
65.6,38.8,40.53,0.69,0.89
65.7,38.8,40.47,0.69,0.89
65.8,38.8,40.41,0.69,0.89
65.9,38.8,40.34,0.69,0.9
66,38.8,40.27,0.69,0.9
66.1,38.8,40.21,0.69,0.9
58,38.9,41.4,0.56,0.78
58.1,38.9,41.4,0.57,0.78
58.2,38.9,41.41,0.57,0.78
58.3,38.9,41.42,0.57,0.78
58.4,38.9,41.42,0.57,0.78
58.5,38.9,41.43,0.57,0.78
58.6,38.9,41.43,0.58,0.78
58.7,38.9,41.44,0.58,0.78
58.8,38.9,41.45,0.58,0.79
58.9,38.9,41.46,0.58,0.79
59,38.9,41.46,0.59,0.79
59.1,38.9,41.47,0.59,0.79
59.2,38.9,41.48,0.59,0.79
59.3,38.9,41.49,0.6,0.79
59.4,38.9,41.49,0.6,0.79
59.5,38.9,41.5,0.6,0.79
59.6,38.9,41.51,0.6,0.8
59.7,38.9,41.52,0.61,0.8
59.8,38.9,41.52,0.61,0.8
59.9,38.9,41.53,0.61,0.8
60,38.9,41.54,0.61,0.8
60.1,38.9,41.54,0.62,0.8
60.2,38.9,41.55,0.62,0.8
60.3,38.9,41.56,0.62,0.8
60.4,38.9,41.56,0.62,0.81
60.5,38.9,41.57,0.63,0.81
60.6,38.9,41.57,0.63,0.81
60.7,38.9,41.58,0.63,0.81
60.8,38.9,41.58,0.63,0.81
60.9,38.9,41.58,0.63,0.81
61,38.9,41.59,0.64,0.81
61.1,38.9,41.59,0.64,0.82
61.2,38.9,41.59,0.64,0.82
61.3,38.9,41.59,0.64,0.82
61.4,38.9,41.59,0.65,0.82
61.5,38.9,41.59,0.65,0.82
61.6,38.9,41.59,0.65,0.82
61.7,38.9,41.59,0.65,0.82
61.8,38.9,41.59,0.65,0.83
61.9,38.9,41.58,0.66,0.83
62,38.9,41.58,0.66,0.83
62.1,38.9,41.57,0.66,0.83
62.2,38.9,41.57,0.66,0.83
62.3,38.9,41.56,0.66,0.83
62.4,38.9,41.55,0.67,0.83
62.5,38.9,41.54,0.67,0.84
62.6,38.9,41.53,0.67,0.84
62.7,38.9,41.52,0.67,0.84
62.8,38.9,41.51,0.67,0.84
62.9,38.9,41.49,0.67,0.84
63,38.9,41.48,0.68,0.84
63.1,38.9,41.46,0.68,0.85
63.2,38.9,41.45,0.68,0.85
63.3,38.9,41.43,0.68,0.85
63.4,38.9,41.41,0.68,0.85
63.5,38.9,41.39,0.68,0.85
63.6,38.9,41.36,0.68,0.85
63.7,38.9,41.34,0.69,0.86
63.8,38.9,41.31,0.69,0.86
63.9,38.9,41.29,0.69,0.86
64,38.9,41.26,0.69,0.86
64.1,38.9,41.23,0.69,0.86
64.2,38.9,41.19,0.69,0.87
64.3,38.9,41.16,0.69,0.87
64.4,38.9,41.13,0.69,0.87
64.5,38.9,41.09,0.69,0.87
64.6,38.9,41.05,0.7,0.87
64.7,38.9,41.01,0.7,0.87
64.8,38.9,40.97,0.7,0.88
64.9,38.9,40.92,0.7,0.88
65,38.9,40.88,0.7,0.88
65.1,38.9,40.83,0.7,0.88
65.2,38.9,40.78,0.7,0.88
65.3,38.9,40.73,0.7,0.89
65.4,38.9,40.67,0.7,0.89
65.5,38.9,40.62,0.7,0.89
65.6,38.9,40.56,0.7,0.89
65.7,38.9,40.5,0.7,0.89
65.8,38.9,40.44,0.7,0.9
65.9,38.9,40.37,0.7,0.9
66,38.9,40.31,0.7,0.9
66.1,38.9,40.24,0.7,0.9
58,39,41.43,0.58,0.78
58.1,39,41.43,0.58,0.78
58.2,39,41.44,0.58,0.78
58.3,39,41.44,0.58,0.78
58.4,39,41.45,0.59,0.79
58.5,39,41.46,0.59,0.79
58.6,39,41.46,0.59,0.79
58.7,39,41.47,0.59,0.79
58.8,39,41.48,0.6,0.79
58.9,39,41.49,0.6,0.79
59,39,41.49,0.6,0.79
59.1,39,41.5,0.6,0.79
59.2,39,41.51,0.61,0.79
59.3,39,41.52,0.61,0.8
59.4,39,41.52,0.61,0.8
59.5,39,41.53,0.62,0.8
59.6,39,41.54,0.62,0.8
59.7,39,41.55,0.62,0.8
59.8,39,41.55,0.62,0.8
59.9,39,41.56,0.63,0.8
60,39,41.57,0.63,0.8
60.1,39,41.57,0.63,0.81
60.2,39,41.58,0.63,0.81
60.3,39,41.59,0.64,0.81
60.4,39,41.59,0.64,0.81
60.5,39,41.6,0.64,0.81
60.6,39,41.6,0.64,0.81
60.7,39,41.61,0.65,0.81
60.8,39,41.61,0.65,0.81
60.9,39,41.61,0.65,0.82
61,39,41.62,0.65,0.82
61.1,39,41.62,0.65,0.82
61.2,39,41.62,0.66,0.82
61.3,39,41.62,0.66,0.82
61.4,39,41.62,0.66,0.82
61.5,39,41.62,0.66,0.82
61.6,39,41.62,0.67,0.83
61.7,39,41.62,0.67,0.83
61.8,39,41.62,0.67,0.83
61.9,39,41.61,0.67,0.83
62,39,41.61,0.67,0.83
62.1,39,41.6,0.68,0.83
62.2,39,41.6,0.68,0.84
62.3,39,41.59,0.68,0.84
62.4,39,41.58,0.68,0.84
62.5,39,41.57,0.68,0.84
62.6,39,41.56,0.68,0.84
62.7,39,41.55,0.69,0.84
62.8,39,41.54,0.69,0.84
62.9,39,41.53,0.69,0.85
63,39,41.51,0.69,0.85
63.1,39,41.49,0.69,0.85
63.2,39,41.48,0.69,0.85
63.3,39,41.46,0.69,0.85
63.4,39,41.44,0.7,0.85
63.5,39,41.42,0.7,0.86
63.6,39,41.39,0.7,0.86
63.7,39,41.37,0.7,0.86
63.8,39,41.34,0.7,0.86
63.9,39,41.32,0.7,0.86
64,39,41.29,0.7,0.87
64.1,39,41.26,0.7,0.87
64.2,39,41.23,0.7,0.87
64.3,39,41.19,0.71,0.87
64.4,39,41.16,0.71,0.87
64.5,39,41.12,0.71,0.87
64.6,39,41.08,0.71,0.88
64.7,39,41.04,0.71,0.88
64.8,39,41,0.71,0.88
64.9,39,40.96,0.71,0.88
65,39,40.91,0.71,0.88
65.1,39,40.86,0.71,0.89
65.2,39,40.81,0.71,0.89
65.3,39,40.76,0.71,0.89
65.4,39,40.71,0.71,0.89
65.5,39,40.65,0.71,0.89
65.6,39,40.59,0.71,0.9
65.7,39,40.53,0.71,0.9
65.8,39,40.47,0.71,0.9
65.9,39,40.41,0.71,0.9
66,39,40.34,0.71,0.9
66.1,39,40.27,0.71,0.91
58,39.1,41.46,0.59,0.79
58.1,39.1,41.46,0.59,0.79
58.2,39.1,41.47,0.6,0.79
58.3,39.1,41.47,0.6,0.79
58.4,39.1,41.48,0.6,0.79
58.5,39.1,41.49,0.6,0.79
58.6,39.1,41.49,0.61,0.79
58.7,39.1,41.5,0.61,0.79
58.8,39.1,41.51,0.61,0.79
58.9,39.1,41.52,0.61,0.8
59,39.1,41.52,0.62,0.8
59.1,39.1,41.53,0.62,0.8
59.2,39.1,41.54,0.62,0.8
59.3,39.1,41.55,0.63,0.8
59.4,39.1,41.55,0.63,0.8
59.5,39.1,41.56,0.63,0.8
59.6,39.1,41.57,0.63,0.8
59.7,39.1,41.58,0.64,0.8
59.8,39.1,41.58,0.64,0.81
59.9,39.1,41.59,0.64,0.81
60,39.1,41.6,0.64,0.81
60.1,39.1,41.6,0.65,0.81
60.2,39.1,41.61,0.65,0.81
60.3,39.1,41.62,0.65,0.81
60.4,39.1,41.62,0.65,0.81
60.5,39.1,41.63,0.66,0.81
60.6,39.1,41.63,0.66,0.82
60.7,39.1,41.64,0.66,0.82
60.8,39.1,41.64,0.66,0.82
60.9,39.1,41.64,0.67,0.82
61,39.1,41.65,0.67,0.82
61.1,39.1,41.65,0.67,0.82
61.2,39.1,41.65,0.67,0.82
61.3,39.1,41.65,0.67,0.83
61.4,39.1,41.65,0.68,0.83
61.5,39.1,41.65,0.68,0.83
61.6,39.1,41.65,0.68,0.83
61.7,39.1,41.65,0.68,0.83
61.8,39.1,41.65,0.68,0.83
61.9,39.1,41.64,0.69,0.83
62,39.1,41.64,0.69,0.84
62.1,39.1,41.63,0.69,0.84
62.2,39.1,41.63,0.69,0.84
62.3,39.1,41.62,0.69,0.84
62.4,39.1,41.61,0.7,0.84
62.5,39.1,41.6,0.7,0.84
62.6,39.1,41.59,0.7,0.84
62.7,39.1,41.58,0.7,0.85
62.8,39.1,41.57,0.7,0.85
62.9,39.1,41.56,0.7,0.85
63,39.1,41.54,0.7,0.85
63.1,39.1,41.53,0.71,0.85
63.2,39.1,41.51,0.71,0.85
63.3,39.1,41.49,0.71,0.86
63.4,39.1,41.47,0.71,0.86
63.5,39.1,41.45,0.71,0.86
63.6,39.1,41.43,0.71,0.86
63.7,39.1,41.4,0.71,0.86
63.8,39.1,41.38,0.71,0.86
63.9,39.1,41.35,0.72,0.87
64,39.1,41.32,0.72,0.87
64.1,39.1,41.29,0.72,0.87
64.2,39.1,41.26,0.72,0.87
64.3,39.1,41.22,0.72,0.87
64.4,39.1,41.19,0.72,0.88
64.5,39.1,41.15,0.72,0.88
64.6,39.1,41.11,0.72,0.88
64.7,39.1,41.07,0.72,0.88
64.8,39.1,41.03,0.72,0.88
64.9,39.1,40.99,0.72,0.88
65,39.1,40.94,0.72,0.89
65.1,39.1,40.89,0.72,0.89
65.2,39.1,40.84,0.72,0.89
65.3,39.1,40.79,0.72,0.89
65.4,39.1,40.74,0.72,0.89
65.5,39.1,40.68,0.72,0.9
65.6,39.1,40.63,0.72,0.9
65.7,39.1,40.57,0.72,0.9
65.8,39.1,40.5,0.72,0.9
65.9,39.1,40.44,0.72,0.9
66,39.1,40.37,0.72,0.91
66.1,39.1,40.3,0.72,0.91
58,39.2,41.49,0.61,0.79
58.1,39.2,41.49,0.61,0.79
58.2,39.2,41.5,0.61,0.79
58.3,39.2,41.51,0.61,0.79
58.4,39.2,41.51,0.62,0.79
58.5,39.2,41.52,0.62,0.8
58.6,39.2,41.52,0.62,0.8
58.7,39.2,41.53,0.63,0.8
58.8,39.2,41.54,0.63,0.8
58.9,39.2,41.55,0.63,0.8
59,39.2,41.55,0.63,0.8
59.1,39.2,41.56,0.64,0.8
59.2,39.2,41.57,0.64,0.8
59.3,39.2,41.58,0.64,0.8
59.4,39.2,41.58,0.64,0.81
59.5,39.2,41.59,0.65,0.81
59.6,39.2,41.6,0.65,0.81
59.7,39.2,41.61,0.65,0.81
59.8,39.2,41.61,0.65,0.81
59.9,39.2,41.62,0.66,0.81
60,39.2,41.63,0.66,0.81
60.1,39.2,41.63,0.66,0.81
60.2,39.2,41.64,0.66,0.81
60.3,39.2,41.65,0.67,0.82
60.4,39.2,41.65,0.67,0.82
60.5,39.2,41.66,0.67,0.82
60.6,39.2,41.66,0.67,0.82
60.7,39.2,41.67,0.68,0.82
60.8,39.2,41.67,0.68,0.82
60.9,39.2,41.67,0.68,0.82
61,39.2,41.68,0.68,0.83
61.1,39.2,41.68,0.69,0.83
61.2,39.2,41.68,0.69,0.83
61.3,39.2,41.68,0.69,0.83
61.4,39.2,41.68,0.69,0.83
61.5,39.2,41.68,0.69,0.83
61.6,39.2,41.68,0.7,0.83
61.7,39.2,41.68,0.7,0.83
61.8,39.2,41.68,0.7,0.84
61.9,39.2,41.67,0.7,0.84
62,39.2,41.67,0.7,0.84
62.1,39.2,41.67,0.71,0.84
62.2,39.2,41.66,0.71,0.84
62.3,39.2,41.65,0.71,0.84
62.4,39.2,41.64,0.71,0.85
62.5,39.2,41.64,0.71,0.85
62.6,39.2,41.62,0.71,0.85
62.7,39.2,41.61,0.72,0.85
62.8,39.2,41.6,0.72,0.85
62.9,39.2,41.59,0.72,0.85
63,39.2,41.57,0.72,0.85
63.1,39.2,41.56,0.72,0.86
63.2,39.2,41.54,0.72,0.86
63.3,39.2,41.52,0.72,0.86
63.4,39.2,41.5,0.72,0.86
63.5,39.2,41.48,0.73,0.86
63.6,39.2,41.46,0.73,0.86
63.7,39.2,41.43,0.73,0.87
63.8,39.2,41.41,0.73,0.87
63.9,39.2,41.38,0.73,0.87
64,39.2,41.35,0.73,0.87
64.1,39.2,41.32,0.73,0.87
64.2,39.2,41.29,0.73,0.88
64.3,39.2,41.26,0.73,0.88
64.4,39.2,41.22,0.73,0.88
64.5,39.2,41.18,0.73,0.88
64.6,39.2,41.15,0.73,0.88
64.7,39.2,41.11,0.73,0.88
64.8,39.2,41.06,0.74,0.89
64.9,39.2,41.02,0.74,0.89
65,39.2,40.97,0.74,0.89
65.1,39.2,40.93,0.74,0.89
65.2,39.2,40.88,0.74,0.89
65.3,39.2,40.82,0.74,0.9
65.4,39.2,40.77,0.74,0.9
65.5,39.2,40.72,0.74,0.9
65.6,39.2,40.66,0.74,0.9
65.7,39.2,40.6,0.74,0.9
65.8,39.2,40.54,0.74,0.91
65.9,39.2,40.47,0.74,0.91
66,39.2,40.41,0.74,0.91
66.1,39.2,40.34,0.74,0.91
58,39.3,41.52,0.62,0.79
58.1,39.3,41.52,0.63,0.8
58.2,39.3,41.53,0.63,0.8
58.3,39.3,41.54,0.63,0.8
58.4,39.3,41.54,0.63,0.8
58.5,39.3,41.55,0.64,0.8
58.6,39.3,41.56,0.64,0.8
58.7,39.3,41.56,0.64,0.8
58.8,39.3,41.57,0.64,0.8
58.9,39.3,41.58,0.65,0.8
59,39.3,41.58,0.65,0.8
59.1,39.3,41.59,0.65,0.81
59.2,39.3,41.6,0.65,0.81
59.3,39.3,41.61,0.66,0.81
59.4,39.3,41.61,0.66,0.81
59.5,39.3,41.62,0.66,0.81
59.6,39.3,41.63,0.66,0.81
59.7,39.3,41.64,0.67,0.81
59.8,39.3,41.64,0.67,0.81
59.9,39.3,41.65,0.67,0.81
60,39.3,41.66,0.68,0.82
60.1,39.3,41.67,0.68,0.82
60.2,39.3,41.67,0.68,0.82
60.3,39.3,41.68,0.68,0.82
60.4,39.3,41.68,0.69,0.82
60.5,39.3,41.69,0.69,0.82
60.6,39.3,41.69,0.69,0.82
60.7,39.3,41.7,0.69,0.82
60.8,39.3,41.7,0.69,0.83
60.9,39.3,41.71,0.7,0.83
61,39.3,41.71,0.7,0.83
61.1,39.3,41.71,0.7,0.83
61.2,39.3,41.71,0.7,0.83
61.3,39.3,41.71,0.71,0.83
61.4,39.3,41.71,0.71,0.83
61.5,39.3,41.71,0.71,0.84
61.6,39.3,41.71,0.71,0.84
61.7,39.3,41.71,0.71,0.84
61.8,39.3,41.71,0.72,0.84
61.9,39.3,41.71,0.72,0.84
62,39.3,41.7,0.72,0.84
62.1,39.3,41.7,0.72,0.84
62.2,39.3,41.69,0.72,0.85
62.3,39.3,41.68,0.72,0.85
62.4,39.3,41.68,0.73,0.85
62.5,39.3,41.67,0.73,0.85
62.6,39.3,41.66,0.73,0.85
62.7,39.3,41.65,0.73,0.85
62.8,39.3,41.63,0.73,0.86
62.9,39.3,41.62,0.73,0.86
63,39.3,41.6,0.74,0.86
63.1,39.3,41.59,0.74,0.86
63.2,39.3,41.57,0.74,0.86
63.3,39.3,41.55,0.74,0.86
63.4,39.3,41.53,0.74,0.86
63.5,39.3,41.51,0.74,0.87
63.6,39.3,41.49,0.74,0.87
63.7,39.3,41.46,0.74,0.87
63.8,39.3,41.44,0.74,0.87
63.9,39.3,41.41,0.74,0.87
64,39.3,41.38,0.75,0.87
64.1,39.3,41.35,0.75,0.88
64.2,39.3,41.32,0.75,0.88
64.3,39.3,41.29,0.75,0.88
64.4,39.3,41.25,0.75,0.88
64.5,39.3,41.22,0.75,0.88
64.6,39.3,41.18,0.75,0.89
64.7,39.3,41.14,0.75,0.89
64.8,39.3,41.1,0.75,0.89
64.9,39.3,41.05,0.75,0.89
65,39.3,41.01,0.75,0.89
65.1,39.3,40.96,0.75,0.89
65.2,39.3,40.91,0.75,0.9
65.3,39.3,40.86,0.75,0.9
65.4,39.3,40.8,0.75,0.9
65.5,39.3,40.75,0.75,0.9
65.6,39.3,40.69,0.75,0.9
65.7,39.3,40.63,0.75,0.91
65.8,39.3,40.57,0.75,0.91
65.9,39.3,40.51,0.75,0.91
66,39.3,40.44,0.75,0.91
66.1,39.3,40.37,0.75,0.91
58,39.4,41.55,0.64,0.8
58.1,39.4,41.55,0.64,0.8
58.2,39.4,41.56,0.64,0.8
58.3,39.4,41.57,0.65,0.8
58.4,39.4,41.57,0.65,0.8
58.5,39.4,41.58,0.65,0.8
58.6,39.4,41.59,0.65,0.8
58.7,39.4,41.59,0.66,0.81
58.8,39.4,41.6,0.66,0.81
58.9,39.4,41.61,0.66,0.81
59,39.4,41.61,0.67,0.81
59.1,39.4,41.62,0.67,0.81
59.2,39.4,41.63,0.67,0.81
59.3,39.4,41.64,0.67,0.81
59.4,39.4,41.65,0.68,0.81
59.5,39.4,41.65,0.68,0.81
59.6,39.4,41.66,0.68,0.82
59.7,39.4,41.67,0.68,0.82
59.8,39.4,41.68,0.69,0.82
59.9,39.4,41.68,0.69,0.82
60,39.4,41.69,0.69,0.82
60.1,39.4,41.7,0.69,0.82
60.2,39.4,41.7,0.7,0.82
60.3,39.4,41.71,0.7,0.82
60.4,39.4,41.71,0.7,0.83
60.5,39.4,41.72,0.7,0.83
60.6,39.4,41.72,0.71,0.83
60.7,39.4,41.73,0.71,0.83
60.8,39.4,41.73,0.71,0.83
60.9,39.4,41.74,0.71,0.83
61,39.4,41.74,0.72,0.83
61.1,39.4,41.74,0.72,0.83
61.2,39.4,41.74,0.72,0.84
61.3,39.4,41.75,0.72,0.84
61.4,39.4,41.75,0.72,0.84
61.5,39.4,41.75,0.73,0.84
61.6,39.4,41.74,0.73,0.84
61.7,39.4,41.74,0.73,0.84
61.8,39.4,41.74,0.73,0.84
61.9,39.4,41.74,0.73,0.85
62,39.4,41.73,0.74,0.85
62.1,39.4,41.73,0.74,0.85
62.2,39.4,41.72,0.74,0.85
62.3,39.4,41.71,0.74,0.85
62.4,39.4,41.71,0.74,0.85
62.5,39.4,41.7,0.74,0.85
62.6,39.4,41.69,0.75,0.86
62.7,39.4,41.68,0.75,0.86
62.8,39.4,41.66,0.75,0.86
62.9,39.4,41.65,0.75,0.86
63,39.4,41.64,0.75,0.86
63.1,39.4,41.62,0.75,0.86
63.2,39.4,41.6,0.75,0.87
63.3,39.4,41.58,0.75,0.87
63.4,39.4,41.56,0.76,0.87
63.5,39.4,41.54,0.76,0.87
63.6,39.4,41.52,0.76,0.87
63.7,39.4,41.5,0.76,0.87
63.8,39.4,41.47,0.76,0.87
63.9,39.4,41.44,0.76,0.88
64,39.4,41.42,0.76,0.88
64.1,39.4,41.39,0.76,0.88
64.2,39.4,41.35,0.76,0.88
64.3,39.4,41.32,0.76,0.88
64.4,39.4,41.29,0.76,0.89
64.5,39.4,41.25,0.76,0.89
64.6,39.4,41.21,0.76,0.89
64.7,39.4,41.17,0.76,0.89
64.8,39.4,41.13,0.76,0.89
64.9,39.4,41.08,0.76,0.89
65,39.4,41.04,0.76,0.9
65.1,39.4,40.99,0.76,0.9
65.2,39.4,40.94,0.76,0.9
65.3,39.4,40.89,0.76,0.9
65.4,39.4,40.84,0.76,0.9
65.5,39.4,40.78,0.76,0.91
65.6,39.4,40.72,0.76,0.91
65.7,39.4,40.66,0.76,0.91
65.8,39.4,40.6,0.76,0.91
65.9,39.4,40.54,0.76,0.91
66,39.4,40.47,0.76,0.92
66.1,39.4,40.4,0.76,0.92
58,39.5,41.58,0.66,0.8
58.1,39.5,41.59,0.66,0.8
58.2,39.5,41.59,0.66,0.81
58.3,39.5,41.6,0.66,0.81
58.4,39.5,41.6,0.67,0.81
58.5,39.5,41.61,0.67,0.81
58.6,39.5,41.62,0.67,0.81
58.7,39.5,41.62,0.67,0.81
58.8,39.5,41.63,0.68,0.81
58.9,39.5,41.64,0.68,0.81
59,39.5,41.65,0.68,0.81
59.1,39.5,41.65,0.69,0.81
59.2,39.5,41.66,0.69,0.82
59.3,39.5,41.67,0.69,0.82
59.4,39.5,41.68,0.69,0.82
59.5,39.5,41.68,0.7,0.82
59.6,39.5,41.69,0.7,0.82
59.7,39.5,41.7,0.7,0.82
59.8,39.5,41.71,0.7,0.82
59.9,39.5,41.71,0.71,0.82
60,39.5,41.72,0.71,0.82
60.1,39.5,41.73,0.71,0.83
60.2,39.5,41.73,0.71,0.83
60.3,39.5,41.74,0.72,0.83
60.4,39.5,41.75,0.72,0.83
60.5,39.5,41.75,0.72,0.83
60.6,39.5,41.76,0.72,0.83
60.7,39.5,41.76,0.73,0.83
60.8,39.5,41.76,0.73,0.83
60.9,39.5,41.77,0.73,0.84
61,39.5,41.77,0.73,0.84
61.1,39.5,41.77,0.73,0.84
61.2,39.5,41.78,0.74,0.84
61.3,39.5,41.78,0.74,0.84
61.4,39.5,41.78,0.74,0.84
61.5,39.5,41.78,0.74,0.84
61.6,39.5,41.78,0.75,0.84
61.7,39.5,41.77,0.75,0.85
61.8,39.5,41.77,0.75,0.85
61.9,39.5,41.77,0.75,0.85
62,39.5,41.76,0.75,0.85
62.1,39.5,41.76,0.75,0.85
62.2,39.5,41.75,0.76,0.85
62.3,39.5,41.75,0.76,0.85
62.4,39.5,41.74,0.76,0.86
62.5,39.5,41.73,0.76,0.86
62.6,39.5,41.72,0.76,0.86
62.7,39.5,41.71,0.76,0.86
62.8,39.5,41.7,0.76,0.86
62.9,39.5,41.68,0.77,0.86
63,39.5,41.67,0.77,0.87
63.1,39.5,41.65,0.77,0.87
63.2,39.5,41.63,0.77,0.87
63.3,39.5,41.62,0.77,0.87
63.4,39.5,41.6,0.77,0.87
63.5,39.5,41.58,0.77,0.87
63.6,39.5,41.55,0.77,0.88
63.7,39.5,41.53,0.77,0.88
63.8,39.5,41.5,0.77,0.88
63.9,39.5,41.48,0.77,0.88
64,39.5,41.45,0.78,0.88
64.1,39.5,41.42,0.78,0.88
64.2,39.5,41.39,0.78,0.89
64.3,39.5,41.35,0.78,0.89
64.4,39.5,41.32,0.78,0.89
64.5,39.5,41.28,0.78,0.89
64.6,39.5,41.24,0.78,0.89
64.7,39.5,41.2,0.78,0.89
64.8,39.5,41.16,0.78,0.9
64.9,39.5,41.12,0.78,0.9
65,39.5,41.07,0.78,0.9
65.1,39.5,41.02,0.78,0.9
65.2,39.5,40.97,0.78,0.9
65.3,39.5,40.92,0.78,0.9
65.4,39.5,40.87,0.78,0.91
65.5,39.5,40.81,0.78,0.91
65.6,39.5,40.76,0.78,0.91
65.7,39.5,40.7,0.78,0.91
65.8,39.5,40.64,0.77,0.91
65.9,39.5,40.57,0.77,0.92
66,39.5,40.51,0.77,0.92
66.1,39.5,40.44,0.77,0.92
58,39.6,41.61,0.67,0.81
58.1,39.6,41.62,0.68,0.81
58.2,39.6,41.62,0.68,0.81
58.3,39.6,41.63,0.68,0.81
58.4,39.6,41.63,0.68,0.81
58.5,39.6,41.64,0.69,0.81
58.6,39.6,41.65,0.69,0.81
58.7,39.6,41.65,0.69,0.81
58.8,39.6,41.66,0.69,0.82
58.9,39.6,41.67,0.7,0.82
59,39.6,41.68,0.7,0.82
59.1,39.6,41.68,0.7,0.82
59.2,39.6,41.69,0.71,0.82
59.3,39.6,41.7,0.71,0.82
59.4,39.6,41.71,0.71,0.82
59.5,39.6,41.71,0.71,0.82
59.6,39.6,41.72,0.72,0.82
59.7,39.6,41.73,0.72,0.83
59.8,39.6,41.74,0.72,0.83
59.9,39.6,41.74,0.72,0.83
60,39.6,41.75,0.73,0.83
60.1,39.6,41.76,0.73,0.83
60.2,39.6,41.76,0.73,0.83
60.3,39.6,41.77,0.73,0.83
60.4,39.6,41.78,0.74,0.83
60.5,39.6,41.78,0.74,0.83
60.6,39.6,41.79,0.74,0.84
60.7,39.6,41.79,0.74,0.84
60.8,39.6,41.8,0.75,0.84
60.9,39.6,41.8,0.75,0.84
61,39.6,41.8,0.75,0.84
61.1,39.6,41.8,0.75,0.84
61.2,39.6,41.81,0.75,0.84
61.3,39.6,41.81,0.76,0.84
61.4,39.6,41.81,0.76,0.85
61.5,39.6,41.81,0.76,0.85
61.6,39.6,41.81,0.76,0.85
61.7,39.6,41.81,0.76,0.85
61.8,39.6,41.8,0.77,0.85
61.9,39.6,41.8,0.77,0.85
62,39.6,41.8,0.77,0.85
62.1,39.6,41.79,0.77,0.86
62.2,39.6,41.79,0.77,0.86
62.3,39.6,41.78,0.77,0.86
62.4,39.6,41.77,0.78,0.86
62.5,39.6,41.76,0.78,0.86
62.6,39.6,41.75,0.78,0.86
62.7,39.6,41.74,0.78,0.86
62.8,39.6,41.73,0.78,0.87
62.9,39.6,41.71,0.78,0.87
63,39.6,41.7,0.78,0.87
63.1,39.6,41.68,0.78,0.87
63.2,39.6,41.67,0.79,0.87
63.3,39.6,41.65,0.79,0.87
63.4,39.6,41.63,0.79,0.88
63.5,39.6,41.61,0.79,0.88
63.6,39.6,41.59,0.79,0.88
63.7,39.6,41.56,0.79,0.88
63.8,39.6,41.54,0.79,0.88
63.9,39.6,41.51,0.79,0.88
64,39.6,41.48,0.79,0.89
64.1,39.6,41.45,0.79,0.89
64.2,39.6,41.42,0.79,0.89
64.3,39.6,41.39,0.79,0.89
64.4,39.6,41.35,0.79,0.89
64.5,39.6,41.31,0.79,0.89
64.6,39.6,41.28,0.79,0.9
64.7,39.6,41.24,0.79,0.9
64.8,39.6,41.19,0.79,0.9
64.9,39.6,41.15,0.79,0.9
65,39.6,41.11,0.79,0.9
65.1,39.6,41.06,0.79,0.9
65.2,39.6,41.01,0.79,0.91
65.3,39.6,40.96,0.79,0.91
65.4,39.6,40.9,0.79,0.91
65.5,39.6,40.85,0.79,0.91
65.6,39.6,40.79,0.79,0.91
65.7,39.6,40.73,0.79,0.92
65.8,39.6,40.67,0.79,0.92
65.9,39.6,40.61,0.79,0.92
66,39.6,40.54,0.79,0.92
66.1,39.6,40.47,0.79,0.92
58,39.7,41.64,0.69,0.81
58.1,39.7,41.65,0.69,0.81
58.2,39.7,41.65,0.7,0.81
58.3,39.7,41.66,0.7,0.82
58.4,39.7,41.67,0.7,0.82
58.5,39.7,41.67,0.7,0.82
58.6,39.7,41.68,0.71,0.82
58.7,39.7,41.69,0.71,0.82
58.8,39.7,41.69,0.71,0.82
58.9,39.7,41.7,0.71,0.82
59,39.7,41.71,0.72,0.82
59.1,39.7,41.72,0.72,0.82
59.2,39.7,41.72,0.72,0.82
59.3,39.7,41.73,0.73,0.83
59.4,39.7,41.74,0.73,0.83
59.5,39.7,41.75,0.73,0.83
59.6,39.7,41.75,0.73,0.83
59.7,39.7,41.76,0.74,0.83
59.8,39.7,41.77,0.74,0.83
59.9,39.7,41.78,0.74,0.83
60,39.7,41.78,0.74,0.83
60.1,39.7,41.79,0.75,0.83
60.2,39.7,41.8,0.75,0.83
60.3,39.7,41.8,0.75,0.84
60.4,39.7,41.81,0.75,0.84
60.5,39.7,41.81,0.76,0.84
60.6,39.7,41.82,0.76,0.84
60.7,39.7,41.82,0.76,0.84
60.8,39.7,41.83,0.76,0.84
60.9,39.7,41.83,0.77,0.84
61,39.7,41.83,0.77,0.84
61.1,39.7,41.84,0.77,0.85
61.2,39.7,41.84,0.77,0.85
61.3,39.7,41.84,0.77,0.85
61.4,39.7,41.84,0.78,0.85
61.5,39.7,41.84,0.78,0.85
61.6,39.7,41.84,0.78,0.85
61.7,39.7,41.84,0.78,0.85
61.8,39.7,41.84,0.78,0.86
61.9,39.7,41.83,0.79,0.86
62,39.7,41.83,0.79,0.86
62.1,39.7,41.82,0.79,0.86
62.2,39.7,41.82,0.79,0.86
62.3,39.7,41.81,0.79,0.86
62.4,39.7,41.8,0.79,0.86
62.5,39.7,41.79,0.79,0.87
62.6,39.7,41.78,0.8,0.87
62.7,39.7,41.77,0.8,0.87
62.8,39.7,41.76,0.8,0.87
62.9,39.7,41.75,0.8,0.87
63,39.7,41.73,0.8,0.87
63.1,39.7,41.72,0.8,0.87
63.2,39.7,41.7,0.8,0.88
63.3,39.7,41.68,0.8,0.88
63.4,39.7,41.66,0.8,0.88
63.5,39.7,41.64,0.8,0.88
63.6,39.7,41.62,0.81,0.88
63.7,39.7,41.59,0.81,0.88
63.8,39.7,41.57,0.81,0.89
63.9,39.7,41.54,0.81,0.89
64,39.7,41.51,0.81,0.89
64.1,39.7,41.48,0.81,0.89
64.2,39.7,41.45,0.81,0.89
64.3,39.7,41.42,0.81,0.89
64.4,39.7,41.38,0.81,0.9
64.5,39.7,41.35,0.81,0.9
64.6,39.7,41.31,0.81,0.9
64.7,39.7,41.27,0.81,0.9
64.8,39.7,41.23,0.81,0.9
64.9,39.7,41.18,0.81,0.9
65,39.7,41.14,0.81,0.91
65.1,39.7,41.09,0.81,0.91
65.2,39.7,41.04,0.81,0.91
65.3,39.7,40.99,0.81,0.91
65.4,39.7,40.94,0.81,0.91
65.5,39.7,40.88,0.8,0.92
65.6,39.7,40.82,0.8,0.92
65.7,39.7,40.76,0.8,0.92
65.8,39.7,40.7,0.8,0.92
65.9,39.7,40.64,0.8,0.92
66,39.7,40.57,0.8,0.92
66.1,39.7,40.51,0.8,0.93
58,39.8,41.67,0.71,0.82
58.1,39.8,41.68,0.71,0.82
58.2,39.8,41.68,0.71,0.82
58.3,39.8,41.69,0.72,0.82
58.4,39.8,41.7,0.72,0.82
58.5,39.8,41.7,0.72,0.82
58.6,39.8,41.71,0.72,0.82
58.7,39.8,41.72,0.73,0.82
58.8,39.8,41.72,0.73,0.82
58.9,39.8,41.73,0.73,0.83
59,39.8,41.74,0.74,0.83
59.1,39.8,41.75,0.74,0.83
59.2,39.8,41.75,0.74,0.83
59.3,39.8,41.76,0.74,0.83
59.4,39.8,41.77,0.75,0.83
59.5,39.8,41.78,0.75,0.83
59.6,39.8,41.79,0.75,0.83
59.7,39.8,41.79,0.75,0.83
59.8,39.8,41.8,0.76,0.83
59.9,39.8,41.81,0.76,0.84
60,39.8,41.81,0.76,0.84
60.1,39.8,41.82,0.77,0.84
60.2,39.8,41.83,0.77,0.84
60.3,39.8,41.83,0.77,0.84
60.4,39.8,41.84,0.77,0.84
60.5,39.8,41.84,0.78,0.84
60.6,39.8,41.85,0.78,0.84
60.7,39.8,41.85,0.78,0.85
60.8,39.8,41.86,0.78,0.85
60.9,39.8,41.86,0.78,0.85
61,39.8,41.87,0.79,0.85
61.1,39.8,41.87,0.79,0.85
61.2,39.8,41.87,0.79,0.85
61.3,39.8,41.87,0.79,0.85
61.4,39.8,41.87,0.79,0.85
61.5,39.8,41.87,0.8,0.86
61.6,39.8,41.87,0.8,0.86
61.7,39.8,41.87,0.8,0.86
61.8,39.8,41.87,0.8,0.86
61.9,39.8,41.86,0.8,0.86
62,39.8,41.86,0.81,0.86
62.1,39.8,41.86,0.81,0.86
62.2,39.8,41.85,0.81,0.86
62.3,39.8,41.84,0.81,0.87
62.4,39.8,41.83,0.81,0.87
62.5,39.8,41.83,0.81,0.87
62.6,39.8,41.82,0.81,0.87
62.7,39.8,41.8,0.81,0.87
62.8,39.8,41.79,0.82,0.87
62.9,39.8,41.78,0.82,0.87
63,39.8,41.76,0.82,0.88
63.1,39.8,41.75,0.82,0.88
63.2,39.8,41.73,0.82,0.88
63.3,39.8,41.71,0.82,0.88
63.4,39.8,41.69,0.82,0.88
63.5,39.8,41.67,0.82,0.88
63.6,39.8,41.65,0.82,0.89
63.7,39.8,41.63,0.82,0.89
63.8,39.8,41.6,0.82,0.89
63.9,39.8,41.57,0.82,0.89
64,39.8,41.55,0.82,0.89
64.1,39.8,41.52,0.82,0.89
64.2,39.8,41.48,0.82,0.9
64.3,39.8,41.45,0.82,0.9
64.4,39.8,41.42,0.82,0.9
64.5,39.8,41.38,0.82,0.9
64.6,39.8,41.34,0.82,0.9
64.7,39.8,41.3,0.82,0.9
64.8,39.8,41.26,0.82,0.91
64.9,39.8,41.22,0.82,0.91
65,39.8,41.17,0.82,0.91
65.1,39.8,41.12,0.82,0.91
65.2,39.8,41.08,0.82,0.91
65.3,39.8,41.02,0.82,0.91
65.4,39.8,40.97,0.82,0.92
65.5,39.8,40.92,0.82,0.92
65.6,39.8,40.86,0.82,0.92
65.7,39.8,40.8,0.82,0.92
65.8,39.8,40.74,0.82,0.92
65.9,39.8,40.67,0.82,0.93
66,39.8,40.61,0.81,0.93
66.1,39.8,40.54,0.81,0.93
58,39.9,41.71,0.73,0.82
58.1,39.9,41.71,0.73,0.82
58.2,39.9,41.72,0.73,0.82
58.3,39.9,41.72,0.73,0.82
58.4,39.9,41.73,0.74,0.83
58.5,39.9,41.73,0.74,0.83
58.6,39.9,41.74,0.74,0.83
58.7,39.9,41.75,0.75,0.83
58.8,39.9,41.76,0.75,0.83
58.9,39.9,41.76,0.75,0.83
59,39.9,41.77,0.75,0.83
59.1,39.9,41.78,0.76,0.83
59.2,39.9,41.79,0.76,0.83
59.3,39.9,41.79,0.76,0.83
59.4,39.9,41.8,0.77,0.83
59.5,39.9,41.81,0.77,0.84
59.6,39.9,41.82,0.77,0.84
59.7,39.9,41.82,0.77,0.84
59.8,39.9,41.83,0.78,0.84
59.9,39.9,41.84,0.78,0.84
60,39.9,41.85,0.78,0.84
60.1,39.9,41.85,0.78,0.84
60.2,39.9,41.86,0.79,0.84
60.3,39.9,41.87,0.79,0.84
60.4,39.9,41.87,0.79,0.85
60.5,39.9,41.88,0.79,0.85
60.6,39.9,41.88,0.8,0.85
60.7,39.9,41.89,0.8,0.85
60.8,39.9,41.89,0.8,0.85
60.9,39.9,41.89,0.8,0.85
61,39.9,41.9,0.81,0.85
61.1,39.9,41.9,0.81,0.85
61.2,39.9,41.9,0.81,0.86
61.3,39.9,41.9,0.81,0.86
61.4,39.9,41.9,0.81,0.86
61.5,39.9,41.9,0.82,0.86
61.6,39.9,41.9,0.82,0.86
61.7,39.9,41.9,0.82,0.86
61.8,39.9,41.9,0.82,0.86
61.9,39.9,41.9,0.82,0.86
62,39.9,41.89,0.82,0.87
62.1,39.9,41.89,0.83,0.87
62.2,39.9,41.88,0.83,0.87
62.3,39.9,41.87,0.83,0.87
62.4,39.9,41.87,0.83,0.87
62.5,39.9,41.86,0.83,0.87
62.6,39.9,41.85,0.83,0.87
62.7,39.9,41.84,0.83,0.88
62.8,39.9,41.82,0.83,0.88
62.9,39.9,41.81,0.83,0.88
63,39.9,41.8,0.84,0.88
63.1,39.9,41.78,0.84,0.88
63.2,39.9,41.76,0.84,0.88
63.3,39.9,41.75,0.84,0.88
63.4,39.9,41.73,0.84,0.89
63.5,39.9,41.71,0.84,0.89
63.6,39.9,41.68,0.84,0.89
63.7,39.9,41.66,0.84,0.89
63.8,39.9,41.63,0.84,0.89
63.9,39.9,41.61,0.84,0.89
64,39.9,41.58,0.84,0.9
64.1,39.9,41.55,0.84,0.9
64.2,39.9,41.52,0.84,0.9
64.3,39.9,41.48,0.84,0.9
64.4,39.9,41.45,0.84,0.9
64.5,39.9,41.41,0.84,0.9
64.6,39.9,41.38,0.84,0.91
64.7,39.9,41.34,0.84,0.91
64.8,39.9,41.29,0.84,0.91
64.9,39.9,41.25,0.84,0.91
65,39.9,41.21,0.84,0.91
65.1,39.9,41.16,0.84,0.91
65.2,39.9,41.11,0.84,0.92
65.3,39.9,41.06,0.84,0.92
65.4,39.9,41,0.84,0.92
65.5,39.9,40.95,0.83,0.92
65.6,39.9,40.89,0.83,0.92
65.7,39.9,40.83,0.83,0.93
65.8,39.9,40.77,0.83,0.93
65.9,39.9,40.71,0.83,0.93
66,39.9,40.64,0.83,0.93
66.1,39.9,40.57,0.83,0.93
58,40,41.74,0.74,0.83
58.1,40,41.74,0.75,0.83
58.2,40,41.75,0.75,0.83
58.3,40,41.75,0.75,0.83
58.4,40,41.76,0.76,0.83
58.5,40,41.77,0.76,0.83
58.6,40,41.77,0.76,0.83
58.7,40,41.78,0.76,0.83
58.8,40,41.79,0.77,0.83
58.9,40,41.79,0.77,0.83
59,40,41.8,0.77,0.84
59.1,40,41.81,0.78,0.84
59.2,40,41.82,0.78,0.84
59.3,40,41.83,0.78,0.84
59.4,40,41.83,0.78,0.84
59.5,40,41.84,0.79,0.84
59.6,40,41.85,0.79,0.84
59.7,40,41.86,0.79,0.84
59.8,40,41.86,0.8,0.84
59.9,40,41.87,0.8,0.84
60,40,41.88,0.8,0.85
60.1,40,41.88,0.8,0.85
60.2,40,41.89,0.81,0.85
60.3,40,41.9,0.81,0.85
60.4,40,41.9,0.81,0.85
60.5,40,41.91,0.81,0.85
60.6,40,41.91,0.82,0.85
60.7,40,41.92,0.82,0.85
60.8,40,41.92,0.82,0.85
60.9,40,41.93,0.82,0.86
61,40,41.93,0.82,0.86
61.1,40,41.93,0.83,0.86
61.2,40,41.93,0.83,0.86
61.3,40,41.94,0.83,0.86
61.4,40,41.94,0.83,0.86
61.5,40,41.94,0.83,0.86
61.6,40,41.94,0.84,0.86
61.7,40,41.93,0.84,0.87
61.8,40,41.93,0.84,0.87
61.9,40,41.93,0.84,0.87
62,40,41.92,0.84,0.87
62.1,40,41.92,0.84,0.87
62.2,40,41.91,0.85,0.87
62.3,40,41.91,0.85,0.87
62.4,40,41.9,0.85,0.88
62.5,40,41.89,0.85,0.88
62.6,40,41.88,0.85,0.88
62.7,40,41.87,0.85,0.88
62.8,40,41.86,0.85,0.88
62.9,40,41.84,0.85,0.88
63,40,41.83,0.85,0.88
63.1,40,41.81,0.85,0.89
63.2,40,41.8,0.86,0.89
63.3,40,41.78,0.86,0.89
63.4,40,41.76,0.86,0.89
63.5,40,41.74,0.86,0.89
63.6,40,41.72,0.86,0.89
63.7,40,41.69,0.86,0.89
63.8,40,41.67,0.86,0.9
63.9,40,41.64,0.86,0.9
64,40,41.61,0.86,0.9
64.1,40,41.58,0.86,0.9
64.2,40,41.55,0.86,0.9
64.3,40,41.52,0.86,0.9
64.4,40,41.48,0.86,0.91
64.5,40,41.45,0.86,0.91
64.6,40,41.41,0.86,0.91
64.7,40,41.37,0.86,0.91
64.8,40,41.33,0.86,0.91
64.9,40,41.28,0.85,0.91
65,40,41.24,0.85,0.92
65.1,40,41.19,0.85,0.92
65.2,40,41.14,0.85,0.92
65.3,40,41.09,0.85,0.92
65.4,40,41.04,0.85,0.92
65.5,40,40.98,0.85,0.93
65.6,40,40.93,0.85,0.93
65.7,40,40.87,0.85,0.93
65.8,40,40.81,0.85,0.93
65.9,40,40.74,0.84,0.93
66,40,40.68,0.84,0.93
66.1,40,40.61,0.84,0.94
58,40.1,41.77,0.76,0.83
58.1,40.1,41.77,0.77,0.83
58.2,40.1,41.78,0.77,0.83
58.3,40.1,41.79,0.77,0.83
58.4,40.1,41.79,0.78,0.83
58.5,40.1,41.8,0.78,0.84
58.6,40.1,41.8,0.78,0.84
58.7,40.1,41.81,0.78,0.84
58.8,40.1,41.82,0.79,0.84
58.9,40.1,41.83,0.79,0.84
59,40.1,41.83,0.79,0.84
59.1,40.1,41.84,0.8,0.84
59.2,40.1,41.85,0.8,0.84
59.3,40.1,41.86,0.8,0.84
59.4,40.1,41.86,0.8,0.84
59.5,40.1,41.87,0.81,0.84
59.6,40.1,41.88,0.81,0.85
59.7,40.1,41.89,0.81,0.85
59.8,40.1,41.9,0.82,0.85
59.9,40.1,41.9,0.82,0.85
60,40.1,41.91,0.82,0.85
60.1,40.1,41.92,0.82,0.85
60.2,40.1,41.92,0.83,0.85
60.3,40.1,41.93,0.83,0.85
60.4,40.1,41.93,0.83,0.85
60.5,40.1,41.94,0.83,0.86
60.6,40.1,41.95,0.84,0.86
60.7,40.1,41.95,0.84,0.86
60.8,40.1,41.95,0.84,0.86
60.9,40.1,41.96,0.84,0.86
61,40.1,41.96,0.84,0.86
61.1,40.1,41.96,0.85,0.86
61.2,40.1,41.97,0.85,0.86
61.3,40.1,41.97,0.85,0.86
61.4,40.1,41.97,0.85,0.87
61.5,40.1,41.97,0.85,0.87
61.6,40.1,41.97,0.86,0.87
61.7,40.1,41.97,0.86,0.87
61.8,40.1,41.96,0.86,0.87
61.9,40.1,41.96,0.86,0.87
62,40.1,41.96,0.86,0.87
62.1,40.1,41.95,0.86,0.88
62.2,40.1,41.95,0.86,0.88
62.3,40.1,41.94,0.87,0.88
62.4,40.1,41.93,0.87,0.88
62.5,40.1,41.92,0.87,0.88
62.6,40.1,41.91,0.87,0.88
62.7,40.1,41.9,0.87,0.88
62.8,40.1,41.89,0.87,0.88
62.9,40.1,41.88,0.87,0.89
63,40.1,41.86,0.87,0.89
63.1,40.1,41.85,0.87,0.89
63.2,40.1,41.83,0.87,0.89
63.3,40.1,41.81,0.87,0.89
63.4,40.1,41.79,0.87,0.89
63.5,40.1,41.77,0.88,0.9
63.6,40.1,41.75,0.88,0.9
63.7,40.1,41.73,0.88,0.9
63.8,40.1,41.7,0.88,0.9
63.9,40.1,41.67,0.88,0.9
64,40.1,41.65,0.88,0.9
64.1,40.1,41.62,0.88,0.9
64.2,40.1,41.58,0.88,0.91
64.3,40.1,41.55,0.87,0.91
64.4,40.1,41.52,0.87,0.91
64.5,40.1,41.48,0.87,0.91
64.6,40.1,41.44,0.87,0.91
64.7,40.1,41.4,0.87,0.91
64.8,40.1,41.36,0.87,0.92
64.9,40.1,41.32,0.87,0.92
65,40.1,41.27,0.87,0.92
65.1,40.1,41.23,0.87,0.92
65.2,40.1,41.18,0.87,0.92
65.3,40.1,41.13,0.87,0.92
65.4,40.1,41.07,0.87,0.93
65.5,40.1,41.02,0.87,0.93
65.6,40.1,40.96,0.86,0.93
65.7,40.1,40.9,0.86,0.93
65.8,40.1,40.84,0.86,0.93
65.9,40.1,40.78,0.86,0.94
66,40.1,40.71,0.86,0.94
66.1,40.1,40.64,0.86,0.94
58,40.2,41.8,0.78,0.84
58.1,40.2,41.81,0.79,0.84
58.2,40.2,41.81,0.79,0.84
58.3,40.2,41.82,0.79,0.84
58.4,40.2,41.82,0.79,0.84
58.5,40.2,41.83,0.8,0.84
58.6,40.2,41.84,0.8,0.84
58.7,40.2,41.84,0.8,0.84
58.8,40.2,41.85,0.81,0.84
58.9,40.2,41.86,0.81,0.84
59,40.2,41.87,0.81,0.84
59.1,40.2,41.87,0.82,0.85
59.2,40.2,41.88,0.82,0.85
59.3,40.2,41.89,0.82,0.85
59.4,40.2,41.9,0.82,0.85
59.5,40.2,41.9,0.83,0.85
59.6,40.2,41.91,0.83,0.85
59.7,40.2,41.92,0.83,0.85
59.8,40.2,41.93,0.84,0.85
59.9,40.2,41.93,0.84,0.85
60,40.2,41.94,0.84,0.85
60.1,40.2,41.95,0.84,0.86
60.2,40.2,41.95,0.85,0.86
60.3,40.2,41.96,0.85,0.86
60.4,40.2,41.97,0.85,0.86
60.5,40.2,41.97,0.85,0.86
60.6,40.2,41.98,0.86,0.86
60.7,40.2,41.98,0.86,0.86
60.8,40.2,41.99,0.86,0.86
60.9,40.2,41.99,0.86,0.86
61,40.2,41.99,0.86,0.87
61.1,40.2,42,0.87,0.87
61.2,40.2,42,0.87,0.87
61.3,40.2,42,0.87,0.87
61.4,40.2,42,0.87,0.87
61.5,40.2,42,0.87,0.87
61.6,40.2,42,0.88,0.87
61.7,40.2,42,0.88,0.87
61.8,40.2,42,0.88,0.88
61.9,40.2,41.99,0.88,0.88
62,40.2,41.99,0.88,0.88
62.1,40.2,41.98,0.88,0.88
62.2,40.2,41.98,0.88,0.88
62.3,40.2,41.97,0.89,0.88
62.4,40.2,41.96,0.89,0.88
62.5,40.2,41.96,0.89,0.88
62.6,40.2,41.95,0.89,0.89
62.7,40.2,41.94,0.89,0.89
62.8,40.2,41.92,0.89,0.89
62.9,40.2,41.91,0.89,0.89
63,40.2,41.9,0.89,0.89
63.1,40.2,41.88,0.89,0.89
63.2,40.2,41.86,0.89,0.89
63.3,40.2,41.85,0.89,0.9
63.4,40.2,41.83,0.89,0.9
63.5,40.2,41.8,0.89,0.9
63.6,40.2,41.78,0.89,0.9
63.7,40.2,41.76,0.89,0.9
63.8,40.2,41.73,0.89,0.9
63.9,40.2,41.71,0.89,0.91
64,40.2,41.68,0.89,0.91
64.1,40.2,41.65,0.89,0.91
64.2,40.2,41.62,0.89,0.91
64.3,40.2,41.59,0.89,0.91
64.4,40.2,41.55,0.89,0.91
64.5,40.2,41.51,0.89,0.91
64.6,40.2,41.48,0.89,0.92
64.7,40.2,41.44,0.89,0.92
64.8,40.2,41.4,0.89,0.92
64.9,40.2,41.35,0.89,0.92
65,40.2,41.31,0.89,0.92
65.1,40.2,41.26,0.89,0.92
65.2,40.2,41.21,0.89,0.93
65.3,40.2,41.16,0.88,0.93
65.4,40.2,41.11,0.88,0.93
65.5,40.2,41.05,0.88,0.93
65.6,40.2,40.99,0.88,0.93
65.7,40.2,40.94,0.88,0.94
65.8,40.2,40.87,0.88,0.94
65.9,40.2,40.81,0.88,0.94
66,40.2,40.75,0.87,0.94
66.1,40.2,40.68,0.87,0.94
58,40.3,41.83,0.8,0.84
58.1,40.3,41.84,0.81,0.84
58.2,40.3,41.84,0.81,0.84
58.3,40.3,41.85,0.81,0.84
58.4,40.3,41.86,0.81,0.84
58.5,40.3,41.86,0.82,0.84
58.6,40.3,41.87,0.82,0.85
58.7,40.3,41.88,0.82,0.85
58.8,40.3,41.88,0.83,0.85
58.9,40.3,41.89,0.83,0.85
59,40.3,41.9,0.83,0.85
59.1,40.3,41.91,0.84,0.85
59.2,40.3,41.91,0.84,0.85
59.3,40.3,41.92,0.84,0.85
59.4,40.3,41.93,0.84,0.85
59.5,40.3,41.94,0.85,0.85
59.6,40.3,41.94,0.85,0.85
59.7,40.3,41.95,0.85,0.86
59.8,40.3,41.96,0.86,0.86
59.9,40.3,41.97,0.86,0.86
60,40.3,41.97,0.86,0.86
60.1,40.3,41.98,0.86,0.86
60.2,40.3,41.99,0.87,0.86
60.3,40.3,41.99,0.87,0.86
60.4,40.3,42,0.87,0.86
60.5,40.3,42.01,0.87,0.86
60.6,40.3,42.01,0.88,0.87
60.7,40.3,42.01,0.88,0.87
60.8,40.3,42.02,0.88,0.87
60.9,40.3,42.02,0.88,0.87
61,40.3,42.03,0.88,0.87
61.1,40.3,42.03,0.89,0.87
61.2,40.3,42.03,0.89,0.87
61.3,40.3,42.03,0.89,0.87
61.4,40.3,42.03,0.89,0.87
61.5,40.3,42.03,0.89,0.88
61.6,40.3,42.03,0.9,0.88
61.7,40.3,42.03,0.9,0.88
61.8,40.3,42.03,0.9,0.88
61.9,40.3,42.03,0.9,0.88
62,40.3,42.02,0.9,0.88
62.1,40.3,42.02,0.9,0.88
62.2,40.3,42.01,0.9,0.88
62.3,40.3,42.01,0.91,0.89
62.4,40.3,42,0.91,0.89
62.5,40.3,41.99,0.91,0.89
62.6,40.3,41.98,0.91,0.89
62.7,40.3,41.97,0.91,0.89
62.8,40.3,41.96,0.91,0.89
62.9,40.3,41.94,0.91,0.89
63,40.3,41.93,0.91,0.9
63.1,40.3,41.91,0.91,0.9
63.2,40.3,41.9,0.91,0.9
63.3,40.3,41.88,0.91,0.9
63.4,40.3,41.86,0.91,0.9
63.5,40.3,41.84,0.91,0.9
63.6,40.3,41.82,0.91,0.9
63.7,40.3,41.79,0.91,0.91
63.8,40.3,41.77,0.91,0.91
63.9,40.3,41.74,0.91,0.91
64,40.3,41.71,0.91,0.91
64.1,40.3,41.68,0.91,0.91
64.2,40.3,41.65,0.91,0.91
64.3,40.3,41.62,0.91,0.92
64.4,40.3,41.58,0.91,0.92
64.5,40.3,41.55,0.91,0.92
64.6,40.3,41.51,0.91,0.92
64.7,40.3,41.47,0.91,0.92
64.8,40.3,41.43,0.91,0.92
64.9,40.3,41.39,0.91,0.93
65,40.3,41.34,0.91,0.93
65.1,40.3,41.29,0.9,0.93
65.2,40.3,41.24,0.9,0.93
65.3,40.3,41.19,0.9,0.93
65.4,40.3,41.14,0.9,0.93
65.5,40.3,41.09,0.9,0.94
65.6,40.3,41.03,0.9,0.94
65.7,40.3,40.97,0.9,0.94
65.8,40.3,40.91,0.89,0.94
65.9,40.3,40.85,0.89,0.94
66,40.3,40.78,0.89,0.94
66.1,40.3,40.71,0.89,0.95
58,40.4,41.86,0.82,0.85
58.1,40.4,41.87,0.83,0.85
58.2,40.4,41.88,0.83,0.85
58.3,40.4,41.88,0.83,0.85
58.4,40.4,41.89,0.84,0.85
58.5,40.4,41.89,0.84,0.85
58.6,40.4,41.9,0.84,0.85
58.7,40.4,41.91,0.84,0.85
58.8,40.4,41.92,0.85,0.85
58.9,40.4,41.92,0.85,0.85
59,40.4,41.93,0.85,0.85
59.1,40.4,41.94,0.86,0.85
59.2,40.4,41.95,0.86,0.86
59.3,40.4,41.95,0.86,0.86
59.4,40.4,41.96,0.87,0.86
59.5,40.4,41.97,0.87,0.86
59.6,40.4,41.98,0.87,0.86
59.7,40.4,41.98,0.87,0.86
59.8,40.4,41.99,0.88,0.86
59.9,40.4,42,0.88,0.86
60,40.4,42.01,0.88,0.86
60.1,40.4,42.01,0.88,0.86
60.2,40.4,42.02,0.89,0.87
60.3,40.4,42.03,0.89,0.87
60.4,40.4,42.03,0.89,0.87
60.5,40.4,42.04,0.89,0.87
60.6,40.4,42.04,0.9,0.87
60.7,40.4,42.05,0.9,0.87
60.8,40.4,42.05,0.9,0.87
60.9,40.4,42.06,0.9,0.87
61,40.4,42.06,0.91,0.87
61.1,40.4,42.06,0.91,0.88
61.2,40.4,42.06,0.91,0.88
61.3,40.4,42.07,0.91,0.88
61.4,40.4,42.07,0.91,0.88
61.5,40.4,42.07,0.91,0.88
61.6,40.4,42.07,0.92,0.88
61.7,40.4,42.06,0.92,0.88
61.8,40.4,42.06,0.92,0.88
61.9,40.4,42.06,0.92,0.88
62,40.4,42.06,0.92,0.89
62.1,40.4,42.05,0.92,0.89
62.2,40.4,42.04,0.92,0.89
62.3,40.4,42.04,0.93,0.89
62.4,40.4,42.03,0.93,0.89
62.5,40.4,42.02,0.93,0.89
62.6,40.4,42.01,0.93,0.89
62.7,40.4,42,0.93,0.9
62.8,40.4,41.99,0.93,0.9
62.9,40.4,41.98,0.93,0.9
63,40.4,41.96,0.93,0.9
63.1,40.4,41.95,0.93,0.9
63.2,40.4,41.93,0.93,0.9
63.3,40.4,41.91,0.93,0.9
63.4,40.4,41.89,0.93,0.91
63.5,40.4,41.87,0.93,0.91
63.6,40.4,41.85,0.93,0.91
63.7,40.4,41.83,0.93,0.91
63.8,40.4,41.8,0.93,0.91
63.9,40.4,41.77,0.93,0.91
64,40.4,41.75,0.93,0.91
64.1,40.4,41.72,0.93,0.92
64.2,40.4,41.69,0.93,0.92
64.3,40.4,41.65,0.93,0.92
64.4,40.4,41.62,0.93,0.92
64.5,40.4,41.58,0.93,0.92
64.6,40.4,41.54,0.93,0.92
64.7,40.4,41.5,0.93,0.93
64.8,40.4,41.46,0.93,0.93
64.9,40.4,41.42,0.92,0.93
65,40.4,41.38,0.92,0.93
65.1,40.4,41.33,0.92,0.93
65.2,40.4,41.28,0.92,0.93
65.3,40.4,41.23,0.92,0.94
65.4,40.4,41.18,0.92,0.94
65.5,40.4,41.12,0.92,0.94
65.6,40.4,41.06,0.91,0.94
65.7,40.4,41,0.91,0.94
65.8,40.4,40.94,0.91,0.94
65.9,40.4,40.88,0.91,0.95
66,40.4,40.81,0.91,0.95
66.1,40.4,40.75,0.9,0.95
58,40.5,41.9,0.84,0.85
58.1,40.5,41.9,0.85,0.85
58.2,40.5,41.91,0.85,0.85
58.3,40.5,41.91,0.85,0.85
58.4,40.5,41.92,0.86,0.85
58.5,40.5,41.93,0.86,0.85
58.6,40.5,41.93,0.86,0.85
58.7,40.5,41.94,0.87,0.86
58.8,40.5,41.95,0.87,0.86
58.9,40.5,41.96,0.87,0.86
59,40.5,41.96,0.87,0.86
59.1,40.5,41.97,0.88,0.86
59.2,40.5,41.98,0.88,0.86
59.3,40.5,41.99,0.88,0.86
59.4,40.5,41.99,0.89,0.86
59.5,40.5,42,0.89,0.86
59.6,40.5,42.01,0.89,0.86
59.7,40.5,42.02,0.9,0.86
59.8,40.5,42.02,0.9,0.87
59.9,40.5,42.03,0.9,0.87
60,40.5,42.04,0.9,0.87
60.1,40.5,42.05,0.91,0.87
60.2,40.5,42.05,0.91,0.87
60.3,40.5,42.06,0.91,0.87
60.4,40.5,42.06,0.91,0.87
60.5,40.5,42.07,0.92,0.87
60.6,40.5,42.08,0.92,0.87
60.7,40.5,42.08,0.92,0.87
60.8,40.5,42.08,0.92,0.88
60.9,40.5,42.09,0.92,0.88
61,40.5,42.09,0.93,0.88
61.1,40.5,42.09,0.93,0.88
61.2,40.5,42.1,0.93,0.88
61.3,40.5,42.1,0.93,0.88
61.4,40.5,42.1,0.93,0.88
61.5,40.5,42.1,0.94,0.88
61.6,40.5,42.1,0.94,0.89
61.7,40.5,42.1,0.94,0.89
61.8,40.5,42.09,0.94,0.89
61.9,40.5,42.09,0.94,0.89
62,40.5,42.09,0.94,0.89
62.1,40.5,42.08,0.94,0.89
62.2,40.5,42.08,0.95,0.89
62.3,40.5,42.07,0.95,0.89
62.4,40.5,42.06,0.95,0.9
62.5,40.5,42.06,0.95,0.9
62.6,40.5,42.05,0.95,0.9
62.7,40.5,42.03,0.95,0.9
62.8,40.5,42.02,0.95,0.9
62.9,40.5,42.01,0.95,0.9
63,40.5,42,0.95,0.9
63.1,40.5,41.98,0.95,0.9
63.2,40.5,41.96,0.95,0.91
63.3,40.5,41.95,0.95,0.91
63.4,40.5,41.93,0.95,0.91
63.5,40.5,41.91,0.95,0.91
63.6,40.5,41.88,0.95,0.91
63.7,40.5,41.86,0.95,0.91
63.8,40.5,41.83,0.95,0.92
63.9,40.5,41.81,0.95,0.92
64,40.5,41.78,0.95,0.92
64.1,40.5,41.75,0.95,0.92
64.2,40.5,41.72,0.95,0.92
64.3,40.5,41.69,0.95,0.92
64.4,40.5,41.65,0.95,0.92
64.5,40.5,41.62,0.95,0.93
64.6,40.5,41.58,0.95,0.93
64.7,40.5,41.54,0.94,0.93
64.8,40.5,41.5,0.94,0.93
64.9,40.5,41.45,0.94,0.93
65,40.5,41.41,0.94,0.93
65.1,40.5,41.36,0.94,0.94
65.2,40.5,41.31,0.94,0.94
65.3,40.5,41.26,0.94,0.94
65.4,40.5,41.21,0.93,0.94
65.5,40.5,41.16,0.93,0.94
65.6,40.5,41.1,0.93,0.94
65.7,40.5,41.04,0.93,0.95
65.8,40.5,40.98,0.93,0.95
65.9,40.5,40.92,0.93,0.95
66,40.5,40.85,0.92,0.95
66.1,40.5,40.78,0.92,0.95
58,40.6,41.93,0.86,0.86
58.1,40.6,41.93,0.87,0.86
58.2,40.6,41.94,0.87,0.86
58.3,40.6,41.95,0.87,0.86
58.4,40.6,41.95,0.88,0.86
58.5,40.6,41.96,0.88,0.86
58.6,40.6,41.97,0.88,0.86
58.7,40.6,41.97,0.89,0.86
58.8,40.6,41.98,0.89,0.86
58.9,40.6,41.99,0.89,0.86
59,40.6,42,0.9,0.86
59.1,40.6,42,0.9,0.86
59.2,40.6,42.01,0.9,0.86
59.3,40.6,42.02,0.91,0.87
59.4,40.6,42.03,0.91,0.87
59.5,40.6,42.03,0.91,0.87
59.6,40.6,42.04,0.91,0.87
59.7,40.6,42.05,0.92,0.87
59.8,40.6,42.06,0.92,0.87
59.9,40.6,42.06,0.92,0.87
60,40.6,42.07,0.93,0.87
60.1,40.6,42.08,0.93,0.87
60.2,40.6,42.08,0.93,0.87
60.3,40.6,42.09,0.93,0.88
60.4,40.6,42.1,0.94,0.88
60.5,40.6,42.1,0.94,0.88
60.6,40.6,42.11,0.94,0.88
60.7,40.6,42.11,0.94,0.88
60.8,40.6,42.12,0.94,0.88
60.9,40.6,42.12,0.95,0.88
61,40.6,42.12,0.95,0.88
61.1,40.6,42.13,0.95,0.88
61.2,40.6,42.13,0.95,0.88
61.3,40.6,42.13,0.95,0.89
61.4,40.6,42.13,0.96,0.89
61.5,40.6,42.13,0.96,0.89
61.6,40.6,42.13,0.96,0.89
61.7,40.6,42.13,0.96,0.89
61.8,40.6,42.13,0.96,0.89
61.9,40.6,42.13,0.96,0.89
62,40.6,42.12,0.97,0.89
62.1,40.6,42.12,0.97,0.9
62.2,40.6,42.11,0.97,0.9
62.3,40.6,42.1,0.97,0.9
62.4,40.6,42.1,0.97,0.9
62.5,40.6,42.09,0.97,0.9
62.6,40.6,42.08,0.97,0.9
62.7,40.6,42.07,0.97,0.9
62.8,40.6,42.06,0.97,0.9
62.9,40.6,42.04,0.97,0.91
63,40.6,42.03,0.97,0.91
63.1,40.6,42.01,0.97,0.91
63.2,40.6,42,0.97,0.91
63.3,40.6,41.98,0.97,0.91
63.4,40.6,41.96,0.97,0.91
63.5,40.6,41.94,0.97,0.91
63.6,40.6,41.92,0.97,0.92
63.7,40.6,41.89,0.97,0.92
63.8,40.6,41.87,0.97,0.92
63.9,40.6,41.84,0.97,0.92
64,40.6,41.81,0.97,0.92
64.1,40.6,41.78,0.97,0.92
64.2,40.6,41.75,0.97,0.92
64.3,40.6,41.72,0.97,0.93
64.4,40.6,41.69,0.97,0.93
64.5,40.6,41.65,0.97,0.93
64.6,40.6,41.61,0.97,0.93
64.7,40.6,41.57,0.96,0.93
64.8,40.6,41.53,0.96,0.93
64.9,40.6,41.49,0.96,0.94
65,40.6,41.44,0.96,0.94
65.1,40.6,41.4,0.96,0.94
65.2,40.6,41.35,0.96,0.94
65.3,40.6,41.3,0.95,0.94
65.4,40.6,41.24,0.95,0.94
65.5,40.6,41.19,0.95,0.95
65.6,40.6,41.13,0.95,0.95
65.7,40.6,41.07,0.95,0.95
65.8,40.6,41.01,0.94,0.95
65.9,40.6,40.95,0.94,0.95
66,40.6,40.89,0.94,0.95
66.1,40.6,40.82,0.94,0.96
58,40.7,41.96,0.89,0.86
58.1,40.7,41.97,0.89,0.86
58.2,40.7,41.97,0.89,0.86
58.3,40.7,41.98,0.9,0.86
58.4,40.7,41.99,0.9,0.86
58.5,40.7,41.99,0.9,0.86
58.6,40.7,42,0.91,0.86
58.7,40.7,42.01,0.91,0.87
58.8,40.7,42.01,0.91,0.87
58.9,40.7,42.02,0.92,0.87
59,40.7,42.03,0.92,0.87
59.1,40.7,42.04,0.92,0.87
59.2,40.7,42.04,0.92,0.87
59.3,40.7,42.05,0.93,0.87
59.4,40.7,42.06,0.93,0.87
59.5,40.7,42.07,0.93,0.87
59.6,40.7,42.07,0.94,0.87
59.7,40.7,42.08,0.94,0.87
59.8,40.7,42.09,0.94,0.87
59.9,40.7,42.1,0.95,0.88
60,40.7,42.1,0.95,0.88
60.1,40.7,42.11,0.95,0.88
60.2,40.7,42.12,0.95,0.88
60.3,40.7,42.12,0.96,0.88
60.4,40.7,42.13,0.96,0.88
60.5,40.7,42.14,0.96,0.88
60.6,40.7,42.14,0.96,0.88
60.7,40.7,42.15,0.96,0.88
60.8,40.7,42.15,0.97,0.88
60.9,40.7,42.15,0.97,0.89
61,40.7,42.16,0.97,0.89
61.1,40.7,42.16,0.97,0.89
61.2,40.7,42.16,0.98,0.89
61.3,40.7,42.16,0.98,0.89
61.4,40.7,42.16,0.98,0.89
61.5,40.7,42.17,0.98,0.89
61.6,40.7,42.16,0.98,0.89
61.7,40.7,42.16,0.98,0.89
61.8,40.7,42.16,0.98,0.9
61.9,40.7,42.16,0.99,0.9
62,40.7,42.15,0.99,0.9
62.1,40.7,42.15,0.99,0.9
62.2,40.7,42.14,0.99,0.9
62.3,40.7,42.14,0.99,0.9
62.4,40.7,42.13,0.99,0.9
62.5,40.7,42.12,0.99,0.9
62.6,40.7,42.11,0.99,0.91
62.7,40.7,42.1,0.99,0.91
62.8,40.7,42.09,0.99,0.91
62.9,40.7,42.08,0.99,0.91
63,40.7,42.06,0.99,0.91
63.1,40.7,42.05,0.99,0.91
63.2,40.7,42.03,0.99,0.91
63.3,40.7,42.01,0.99,0.92
63.4,40.7,41.99,0.99,0.92
63.5,40.7,41.97,0.99,0.92
63.6,40.7,41.95,0.99,0.92
63.7,40.7,41.93,0.99,0.92
63.8,40.7,41.9,0.99,0.92
63.9,40.7,41.88,0.99,0.92
64,40.7,41.85,0.99,0.93
64.1,40.7,41.82,0.99,0.93
64.2,40.7,41.79,0.99,0.93
64.3,40.7,41.76,0.99,0.93
64.4,40.7,41.72,0.99,0.93
64.5,40.7,41.68,0.99,0.93
64.6,40.7,41.65,0.98,0.93
64.7,40.7,41.61,0.98,0.94
64.8,40.7,41.57,0.98,0.94
64.9,40.7,41.52,0.98,0.94
65,40.7,41.48,0.98,0.94
65.1,40.7,41.43,0.98,0.94
65.2,40.7,41.38,0.97,0.94
65.3,40.7,41.33,0.97,0.95
65.4,40.7,41.28,0.97,0.95
65.5,40.7,41.23,0.97,0.95
65.6,40.7,41.17,0.97,0.95
65.7,40.7,41.11,0.96,0.95
65.8,40.7,41.05,0.96,0.95
65.9,40.7,40.99,0.96,0.96
66,40.7,40.92,0.96,0.96
66.1,40.7,40.85,0.95,0.96
58,40.8,42,0.91,0.86
58.1,40.8,42,0.91,0.87
58.2,40.8,42.01,0.91,0.87
58.3,40.8,42.01,0.92,0.87
58.4,40.8,42.02,0.92,0.87
58.5,40.8,42.02,0.92,0.87
58.6,40.8,42.03,0.93,0.87
58.7,40.8,42.04,0.93,0.87
58.8,40.8,42.05,0.93,0.87
58.9,40.8,42.05,0.94,0.87
59,40.8,42.06,0.94,0.87
59.1,40.8,42.07,0.94,0.87
59.2,40.8,42.08,0.95,0.87
59.3,40.8,42.08,0.95,0.87
59.4,40.8,42.09,0.95,0.88
59.5,40.8,42.1,0.96,0.88
59.6,40.8,42.11,0.96,0.88
59.7,40.8,42.12,0.96,0.88
59.8,40.8,42.12,0.97,0.88
59.9,40.8,42.13,0.97,0.88
60,40.8,42.14,0.97,0.88
60.1,40.8,42.14,0.97,0.88
60.2,40.8,42.15,0.98,0.88
60.3,40.8,42.16,0.98,0.88
60.4,40.8,42.16,0.98,0.89
60.5,40.8,42.17,0.98,0.89
60.6,40.8,42.17,0.99,0.89
60.7,40.8,42.18,0.99,0.89
60.8,40.8,42.18,0.99,0.89
60.9,40.8,42.19,0.99,0.89
61,40.8,42.19,0.99,0.89
61.1,40.8,42.19,1,0.89
61.2,40.8,42.2,1,0.89
61.3,40.8,42.2,1,0.89
61.4,40.8,42.2,1,0.9
61.5,40.8,42.2,1,0.9
61.6,40.8,42.2,1,0.9
61.7,40.8,42.2,1.01,0.9
61.8,40.8,42.19,1.01,0.9
61.9,40.8,42.19,1.01,0.9
62,40.8,42.19,1.01,0.9
62.1,40.8,42.18,1.01,0.9
62.2,40.8,42.18,1.01,0.91
62.3,40.8,42.17,1.01,0.91
62.4,40.8,42.16,1.01,0.91
62.5,40.8,42.16,1.01,0.91
62.6,40.8,42.15,1.01,0.91
62.7,40.8,42.14,1.01,0.91
62.8,40.8,42.12,1.02,0.91
62.9,40.8,42.11,1.02,0.91
63,40.8,42.1,1.02,0.92
63.1,40.8,42.08,1.02,0.92
63.2,40.8,42.06,1.02,0.92
63.3,40.8,42.05,1.02,0.92
63.4,40.8,42.03,1.02,0.92
63.5,40.8,42.01,1.01,0.92
63.6,40.8,41.98,1.01,0.92
63.7,40.8,41.96,1.01,0.93
63.8,40.8,41.94,1.01,0.93
63.9,40.8,41.91,1.01,0.93
64,40.8,41.88,1.01,0.93
64.1,40.8,41.85,1.01,0.93
64.2,40.8,41.82,1.01,0.93
64.3,40.8,41.79,1.01,0.93
64.4,40.8,41.76,1.01,0.94
64.5,40.8,41.72,1.01,0.94
64.6,40.8,41.68,1,0.94
64.7,40.8,41.64,1,0.94
64.8,40.8,41.6,1,0.94
64.9,40.8,41.56,1,0.94
65,40.8,41.51,1,0.95
65.1,40.8,41.47,1,0.95
65.2,40.8,41.42,0.99,0.95
65.3,40.8,41.37,0.99,0.95
65.4,40.8,41.31,0.99,0.95
65.5,40.8,41.26,0.99,0.95
65.6,40.8,41.2,0.99,0.96
65.7,40.8,41.14,0.98,0.96
65.8,40.8,41.08,0.98,0.96
65.9,40.8,41.02,0.98,0.96
66,40.8,40.96,0.98,0.96
66.1,40.8,40.89,0.97,0.96
58,40.9,42.03,0.93,0.87
58.1,40.9,42.03,0.93,0.87
58.2,40.9,42.04,0.94,0.87
58.3,40.9,42.04,0.94,0.87
58.4,40.9,42.05,0.94,0.87
58.5,40.9,42.06,0.95,0.87
58.6,40.9,42.06,0.95,0.87
58.7,40.9,42.07,0.95,0.87
58.8,40.9,42.08,0.96,0.88
58.9,40.9,42.09,0.96,0.88
59,40.9,42.09,0.96,0.88
59.1,40.9,42.1,0.97,0.88
59.2,40.9,42.11,0.97,0.88
59.3,40.9,42.12,0.97,0.88
59.4,40.9,42.13,0.98,0.88
59.5,40.9,42.13,0.98,0.88
59.6,40.9,42.14,0.98,0.88
59.7,40.9,42.15,0.99,0.88
59.8,40.9,42.16,0.99,0.88
59.9,40.9,42.16,0.99,0.88
60,40.9,42.17,0.99,0.89
60.1,40.9,42.18,1,0.89
60.2,40.9,42.18,1,0.89
60.3,40.9,42.19,1,0.89
60.4,40.9,42.2,1,0.89
60.5,40.9,42.2,1.01,0.89
60.6,40.9,42.21,1.01,0.89
60.7,40.9,42.21,1.01,0.89
60.8,40.9,42.22,1.01,0.89
60.9,40.9,42.22,1.02,0.89
61,40.9,42.22,1.02,0.9
61.1,40.9,42.23,1.02,0.9
61.2,40.9,42.23,1.02,0.9
61.3,40.9,42.23,1.02,0.9
61.4,40.9,42.23,1.02,0.9
61.5,40.9,42.23,1.03,0.9
61.6,40.9,42.23,1.03,0.9
61.7,40.9,42.23,1.03,0.9
61.8,40.9,42.23,1.03,0.9
61.9,40.9,42.23,1.03,0.91
62,40.9,42.22,1.03,0.91
62.1,40.9,42.22,1.03,0.91
62.2,40.9,42.21,1.03,0.91
62.3,40.9,42.2,1.03,0.91
62.4,40.9,42.2,1.04,0.91
62.5,40.9,42.19,1.04,0.91
62.6,40.9,42.18,1.04,0.91
62.7,40.9,42.17,1.04,0.92
62.8,40.9,42.16,1.04,0.92
62.9,40.9,42.14,1.04,0.92
63,40.9,42.13,1.04,0.92
63.1,40.9,42.11,1.04,0.92
63.2,40.9,42.1,1.04,0.92
63.3,40.9,42.08,1.04,0.92
63.4,40.9,42.06,1.04,0.93
63.5,40.9,42.04,1.04,0.93
63.6,40.9,42.02,1.04,0.93
63.7,40.9,42,1.04,0.93
63.8,40.9,41.97,1.03,0.93
63.9,40.9,41.94,1.03,0.93
64,40.9,41.92,1.03,0.93
64.1,40.9,41.89,1.03,0.94
64.2,40.9,41.86,1.03,0.94
64.3,40.9,41.82,1.03,0.94
64.4,40.9,41.79,1.03,0.94
64.5,40.9,41.75,1.03,0.94
64.6,40.9,41.72,1.02,0.94
64.7,40.9,41.68,1.02,0.94
64.8,40.9,41.64,1.02,0.95
64.9,40.9,41.59,1.02,0.95
65,40.9,41.55,1.02,0.95
65.1,40.9,41.5,1.02,0.95
65.2,40.9,41.45,1.01,0.95
65.3,40.9,41.4,1.01,0.95
65.4,40.9,41.35,1.01,0.96
65.5,40.9,41.3,1.01,0.96
65.6,40.9,41.24,1,0.96
65.7,40.9,41.18,1,0.96
65.8,40.9,41.12,1,0.96
65.9,40.9,41.06,1,0.96
66,40.9,40.99,0.99,0.97
66.1,40.9,40.92,0.99,0.97
58,41,42.06,0.95,0.87
58.1,41,42.07,0.96,0.88
58.2,41,42.07,0.96,0.88
58.3,41,42.08,0.96,0.88
58.4,41,42.08,0.97,0.88
58.5,41,42.09,0.97,0.88
58.6,41,42.1,0.97,0.88
58.7,41,42.1,0.98,0.88
58.8,41,42.11,0.98,0.88
58.9,41,42.12,0.98,0.88
59,41,42.13,0.99,0.88
59.1,41,42.13,0.99,0.88
59.2,41,42.14,0.99,0.88
59.3,41,42.15,1,0.88
59.4,41,42.16,1,0.89
59.5,41,42.17,1,0.89
59.6,41,42.17,1.01,0.89
59.7,41,42.18,1.01,0.89
59.8,41,42.19,1.01,0.89
59.9,41,42.2,1.01,0.89
60,41,42.2,1.02,0.89
60.1,41,42.21,1.02,0.89
60.2,41,42.22,1.02,0.89
60.3,41,42.22,1.03,0.89
60.4,41,42.23,1.03,0.89
60.5,41,42.24,1.03,0.9
60.6,41,42.24,1.03,0.9
60.7,41,42.25,1.03,0.9
60.8,41,42.25,1.04,0.9
60.9,41,42.25,1.04,0.9
61,41,42.26,1.04,0.9
61.1,41,42.26,1.04,0.9
61.2,41,42.26,1.04,0.9
61.3,41,42.26,1.05,0.9
61.4,41,42.26,1.05,0.9
61.5,41,42.27,1.05,0.91
61.6,41,42.26,1.05,0.91
61.7,41,42.26,1.05,0.91
61.8,41,42.26,1.05,0.91
61.9,41,42.26,1.05,0.91
62,41,42.26,1.06,0.91
62.1,41,42.25,1.06,0.91
62.2,41,42.25,1.06,0.91
62.3,41,42.24,1.06,0.92
62.4,41,42.23,1.06,0.92
62.5,41,42.22,1.06,0.92
62.6,41,42.21,1.06,0.92
62.7,41,42.2,1.06,0.92
62.8,41,42.19,1.06,0.92
62.9,41,42.18,1.06,0.92
63,41,42.16,1.06,0.92
63.1,41,42.15,1.06,0.93
63.2,41,42.13,1.06,0.93
63.3,41,42.11,1.06,0.93
63.4,41,42.1,1.06,0.93
63.5,41,42.08,1.06,0.93
63.6,41,42.05,1.06,0.93
63.7,41,42.03,1.06,0.93
63.8,41,42.01,1.06,0.93
63.9,41,41.98,1.06,0.94
64,41,41.95,1.05,0.94
64.1,41,41.92,1.05,0.94
64.2,41,41.89,1.05,0.94
64.3,41,41.86,1.05,0.94
64.4,41,41.82,1.05,0.94
64.5,41,41.79,1.05,0.95
64.6,41,41.75,1.05,0.95
64.7,41,41.71,1.04,0.95
64.8,41,41.67,1.04,0.95
64.9,41,41.63,1.04,0.95
65,41,41.58,1.04,0.95
65.1,41,41.54,1.04,0.95
65.2,41,41.49,1.03,0.96
65.3,41,41.44,1.03,0.96
65.4,41,41.38,1.03,0.96
65.5,41,41.33,1.03,0.96
65.6,41,41.27,1.02,0.96
65.7,41,41.22,1.02,0.96
65.8,41,41.15,1.02,0.97
65.9,41,41.09,1.01,0.97
66,41,41.03,1.01,0.97
66.1,41,40.96,1.01,0.97
58,41.1,42.09,0.98,0.88
58.1,41.1,42.1,0.98,0.88
58.2,41.1,42.11,0.98,0.88
58.3,41.1,42.11,0.99,0.88
58.4,41.1,42.12,0.99,0.88
58.5,41.1,42.12,0.99,0.88
58.6,41.1,42.13,1,0.88
58.7,41.1,42.14,1,0.88
58.8,41.1,42.15,1,0.89
58.9,41.1,42.15,1.01,0.89
59,41.1,42.16,1.01,0.89
59.1,41.1,42.17,1.01,0.89
59.2,41.1,42.18,1.02,0.89
59.3,41.1,42.18,1.02,0.89
59.4,41.1,42.19,1.02,0.89
59.5,41.1,42.2,1.03,0.89
59.6,41.1,42.21,1.03,0.89
59.7,41.1,42.21,1.03,0.89
59.8,41.1,42.22,1.04,0.89
59.9,41.1,42.23,1.04,0.89
60,41.1,42.24,1.04,0.9
60.1,41.1,42.24,1.04,0.9
60.2,41.1,42.25,1.05,0.9
60.3,41.1,42.26,1.05,0.9
60.4,41.1,42.26,1.05,0.9
60.5,41.1,42.27,1.05,0.9
60.6,41.1,42.27,1.06,0.9
60.7,41.1,42.28,1.06,0.9
60.8,41.1,42.28,1.06,0.9
60.9,41.1,42.29,1.06,0.9
61,41.1,42.29,1.06,0.9
61.1,41.1,42.29,1.07,0.91
61.2,41.1,42.3,1.07,0.91
61.3,41.1,42.3,1.07,0.91
61.4,41.1,42.3,1.07,0.91
61.5,41.1,42.3,1.07,0.91
61.6,41.1,42.3,1.07,0.91
61.7,41.1,42.3,1.08,0.91
61.8,41.1,42.3,1.08,0.91
61.9,41.1,42.29,1.08,0.91
62,41.1,42.29,1.08,0.92
62.1,41.1,42.28,1.08,0.92
62.2,41.1,42.28,1.08,0.92
62.3,41.1,42.27,1.08,0.92
62.4,41.1,42.27,1.08,0.92
62.5,41.1,42.26,1.08,0.92
62.6,41.1,42.25,1.08,0.92
62.7,41.1,42.24,1.08,0.92
62.8,41.1,42.23,1.08,0.93
62.9,41.1,42.21,1.08,0.93
63,41.1,42.2,1.08,0.93
63.1,41.1,42.18,1.08,0.93
63.2,41.1,42.17,1.08,0.93
63.3,41.1,42.15,1.08,0.93
63.4,41.1,42.13,1.08,0.93
63.5,41.1,42.11,1.08,0.93
63.6,41.1,42.09,1.08,0.94
63.7,41.1,42.06,1.08,0.94
63.8,41.1,42.04,1.08,0.94
63.9,41.1,42.01,1.08,0.94
64,41.1,41.99,1.08,0.94
64.1,41.1,41.96,1.07,0.94
64.2,41.1,41.93,1.07,0.94
64.3,41.1,41.89,1.07,0.95
64.4,41.1,41.86,1.07,0.95
64.5,41.1,41.82,1.07,0.95
64.6,41.1,41.79,1.07,0.95
64.7,41.1,41.75,1.06,0.95
64.8,41.1,41.71,1.06,0.95
64.9,41.1,41.66,1.06,0.96
65,41.1,41.62,1.06,0.96
65.1,41.1,41.57,1.06,0.96
65.2,41.1,41.52,1.05,0.96
65.3,41.1,41.47,1.05,0.96
65.4,41.1,41.42,1.05,0.96
65.5,41.1,41.37,1.05,0.96
65.6,41.1,41.31,1.04,0.97
65.7,41.1,41.25,1.04,0.97
65.8,41.1,41.19,1.04,0.97
65.9,41.1,41.13,1.03,0.97
66,41.1,41.06,1.03,0.97
66.1,41.1,41,1.03,0.97
58,41.2,42.13,1,0.89
58.1,41.2,42.13,1,0.89
58.2,41.2,42.14,1.01,0.89
58.3,41.2,42.14,1.01,0.89
58.4,41.2,42.15,1.01,0.89
58.5,41.2,42.16,1.02,0.89
58.6,41.2,42.16,1.02,0.89
58.7,41.2,42.17,1.02,0.89
58.8,41.2,42.18,1.03,0.89
58.9,41.2,42.19,1.03,0.89
59,41.2,42.19,1.04,0.89
59.1,41.2,42.2,1.04,0.89
59.2,41.2,42.21,1.04,0.89
59.3,41.2,42.22,1.04,0.89
59.4,41.2,42.22,1.05,0.9
59.5,41.2,42.23,1.05,0.9
59.6,41.2,42.24,1.05,0.9
59.7,41.2,42.25,1.06,0.9
59.8,41.2,42.26,1.06,0.9
59.9,41.2,42.26,1.06,0.9
60,41.2,42.27,1.07,0.9
60.1,41.2,42.28,1.07,0.9
60.2,41.2,42.28,1.07,0.9
60.3,41.2,42.29,1.07,0.9
60.4,41.2,42.3,1.08,0.9
60.5,41.2,42.3,1.08,0.9
60.6,41.2,42.31,1.08,0.91
60.7,41.2,42.31,1.08,0.91
60.8,41.2,42.32,1.09,0.91
60.9,41.2,42.32,1.09,0.91
61,41.2,42.32,1.09,0.91
61.1,41.2,42.33,1.09,0.91
61.2,41.2,42.33,1.09,0.91
61.3,41.2,42.33,1.09,0.91
61.4,41.2,42.33,1.1,0.91
61.5,41.2,42.33,1.1,0.91
61.6,41.2,42.33,1.1,0.92
61.7,41.2,42.33,1.1,0.92
61.8,41.2,42.33,1.1,0.92
61.9,41.2,42.33,1.1,0.92
62,41.2,42.32,1.1,0.92
62.1,41.2,42.32,1.1,0.92
62.2,41.2,42.31,1.1,0.92
62.3,41.2,42.31,1.11,0.92
62.4,41.2,42.3,1.11,0.93
62.5,41.2,42.29,1.11,0.93
62.6,41.2,42.28,1.11,0.93
62.7,41.2,42.27,1.11,0.93
62.8,41.2,42.26,1.11,0.93
62.9,41.2,42.25,1.11,0.93
63,41.2,42.23,1.11,0.93
63.1,41.2,42.22,1.11,0.93
63.2,41.2,42.2,1.11,0.94
63.3,41.2,42.18,1.11,0.94
63.4,41.2,42.16,1.1,0.94
63.5,41.2,42.14,1.1,0.94
63.6,41.2,42.12,1.1,0.94
63.7,41.2,42.1,1.1,0.94
63.8,41.2,42.07,1.1,0.94
63.9,41.2,42.05,1.1,0.94
64,41.2,42.02,1.1,0.95
64.1,41.2,41.99,1.1,0.95
64.2,41.2,41.96,1.1,0.95
64.3,41.2,41.93,1.09,0.95
64.4,41.2,41.89,1.09,0.95
64.5,41.2,41.86,1.09,0.95
64.6,41.2,41.82,1.09,0.95
64.7,41.2,41.78,1.09,0.96
64.8,41.2,41.74,1.08,0.96
64.9,41.2,41.7,1.08,0.96
65,41.2,41.65,1.08,0.96
65.1,41.2,41.61,1.08,0.96
65.2,41.2,41.56,1.07,0.96
65.3,41.2,41.51,1.07,0.97
65.4,41.2,41.46,1.07,0.97
65.5,41.2,41.4,1.07,0.97
65.6,41.2,41.34,1.06,0.97
65.7,41.2,41.29,1.06,0.97
65.8,41.2,41.23,1.06,0.97
65.9,41.2,41.16,1.05,0.97
66,41.2,41.1,1.05,0.98
66.1,41.2,41.03,1.05,0.98
58,41.3,42.16,1.02,0.89
58.1,41.3,42.17,1.03,0.89
58.2,41.3,42.17,1.03,0.89
58.3,41.3,42.18,1.03,0.89
58.4,41.3,42.18,1.04,0.89
58.5,41.3,42.19,1.04,0.89
58.6,41.3,42.2,1.05,0.89
58.7,41.3,42.2,1.05,0.89
58.8,41.3,42.21,1.05,0.9
58.9,41.3,42.22,1.06,0.9
59,41.3,42.23,1.06,0.9
59.1,41.3,42.23,1.06,0.9
59.2,41.3,42.24,1.07,0.9
59.3,41.3,42.25,1.07,0.9
59.4,41.3,42.26,1.07,0.9
59.5,41.3,42.27,1.08,0.9
59.6,41.3,42.27,1.08,0.9
59.7,41.3,42.28,1.08,0.9
59.8,41.3,42.29,1.09,0.9
59.9,41.3,42.3,1.09,0.9
60,41.3,42.3,1.09,0.9
60.1,41.3,42.31,1.09,0.91
60.2,41.3,42.32,1.1,0.91
60.3,41.3,42.32,1.1,0.91
60.4,41.3,42.33,1.1,0.91
60.5,41.3,42.34,1.1,0.91
60.6,41.3,42.34,1.11,0.91
60.7,41.3,42.35,1.11,0.91
60.8,41.3,42.35,1.11,0.91
60.9,41.3,42.35,1.11,0.91
61,41.3,42.36,1.11,0.91
61.1,41.3,42.36,1.12,0.92
61.2,41.3,42.36,1.12,0.92
61.3,41.3,42.36,1.12,0.92
61.4,41.3,42.37,1.12,0.92
61.5,41.3,42.37,1.12,0.92
61.6,41.3,42.37,1.12,0.92
61.7,41.3,42.36,1.12,0.92
61.8,41.3,42.36,1.13,0.92
61.9,41.3,42.36,1.13,0.92
62,41.3,42.36,1.13,0.92
62.1,41.3,42.35,1.13,0.93
62.2,41.3,42.35,1.13,0.93
62.3,41.3,42.34,1.13,0.93
62.4,41.3,42.33,1.13,0.93
62.5,41.3,42.32,1.13,0.93
62.6,41.3,42.32,1.13,0.93
62.7,41.3,42.31,1.13,0.93
62.8,41.3,42.29,1.13,0.93
62.9,41.3,42.28,1.13,0.94
63,41.3,42.27,1.13,0.94
63.1,41.3,42.25,1.13,0.94
63.2,41.3,42.24,1.13,0.94
63.3,41.3,42.22,1.13,0.94
63.4,41.3,42.2,1.13,0.94
63.5,41.3,42.18,1.13,0.94
63.6,41.3,42.16,1.13,0.94
63.7,41.3,42.13,1.13,0.95
63.8,41.3,42.11,1.12,0.95
63.9,41.3,42.08,1.12,0.95
64,41.3,42.06,1.12,0.95
64.1,41.3,42.03,1.12,0.95
64.2,41.3,42,1.12,0.95
64.3,41.3,41.96,1.12,0.95
64.4,41.3,41.93,1.11,0.96
64.5,41.3,41.89,1.11,0.96
64.6,41.3,41.86,1.11,0.96
64.7,41.3,41.82,1.11,0.96
64.8,41.3,41.78,1.11,0.96
64.9,41.3,41.73,1.1,0.96
65,41.3,41.69,1.1,0.96
65.1,41.3,41.64,1.1,0.97
65.2,41.3,41.59,1.1,0.97
65.3,41.3,41.54,1.09,0.97
65.4,41.3,41.49,1.09,0.97
65.5,41.3,41.44,1.09,0.97
65.6,41.3,41.38,1.08,0.97
65.7,41.3,41.32,1.08,0.98
65.8,41.3,41.26,1.08,0.98
65.9,41.3,41.2,1.07,0.98
66,41.3,41.13,1.07,0.98
66.1,41.3,41.07,1.07,0.98
58,41.4,42.19,1.05,0.9
58.1,41.4,42.2,1.05,0.9
58.2,41.4,42.21,1.06,0.9
58.3,41.4,42.21,1.06,0.9
58.4,41.4,42.22,1.06,0.9
58.5,41.4,42.22,1.07,0.9
58.6,41.4,42.23,1.07,0.9
58.7,41.4,42.24,1.07,0.9
58.8,41.4,42.25,1.08,0.9
58.9,41.4,42.25,1.08,0.9
59,41.4,42.26,1.08,0.9
59.1,41.4,42.27,1.09,0.9
59.2,41.4,42.28,1.09,0.9
59.3,41.4,42.28,1.09,0.9
59.4,41.4,42.29,1.1,0.9
59.5,41.4,42.3,1.1,0.91
59.6,41.4,42.31,1.1,0.91
59.7,41.4,42.31,1.11,0.91
59.8,41.4,42.32,1.11,0.91
59.9,41.4,42.33,1.11,0.91
60,41.4,42.34,1.12,0.91
60.1,41.4,42.34,1.12,0.91
60.2,41.4,42.35,1.12,0.91
60.3,41.4,42.36,1.12,0.91
60.4,41.4,42.36,1.13,0.91
60.5,41.4,42.37,1.13,0.91
60.6,41.4,42.37,1.13,0.92
60.7,41.4,42.38,1.13,0.92
60.8,41.4,42.38,1.14,0.92
60.9,41.4,42.39,1.14,0.92
61,41.4,42.39,1.14,0.92
61.1,41.4,42.39,1.14,0.92
61.2,41.4,42.4,1.14,0.92
61.3,41.4,42.4,1.14,0.92
61.4,41.4,42.4,1.15,0.92
61.5,41.4,42.4,1.15,0.92
61.6,41.4,42.4,1.15,0.92
61.7,41.4,42.4,1.15,0.93
61.8,41.4,42.4,1.15,0.93
61.9,41.4,42.39,1.15,0.93
62,41.4,42.39,1.15,0.93
62.1,41.4,42.39,1.15,0.93
62.2,41.4,42.38,1.15,0.93
62.3,41.4,42.37,1.15,0.93
62.4,41.4,42.37,1.16,0.93
62.5,41.4,42.36,1.16,0.94
62.6,41.4,42.35,1.16,0.94
62.7,41.4,42.34,1.16,0.94
62.8,41.4,42.33,1.16,0.94
62.9,41.4,42.32,1.16,0.94
63,41.4,42.3,1.15,0.94
63.1,41.4,42.29,1.15,0.94
63.2,41.4,42.27,1.15,0.94
63.3,41.4,42.25,1.15,0.94
63.4,41.4,42.23,1.15,0.95
63.5,41.4,42.21,1.15,0.95
63.6,41.4,42.19,1.15,0.95
63.7,41.4,42.17,1.15,0.95
63.8,41.4,42.14,1.15,0.95
63.9,41.4,42.12,1.15,0.95
64,41.4,42.09,1.14,0.95
64.1,41.4,42.06,1.14,0.96
64.2,41.4,42.03,1.14,0.96
64.3,41.4,42,1.14,0.96
64.4,41.4,41.96,1.14,0.96
64.5,41.4,41.93,1.14,0.96
64.6,41.4,41.89,1.13,0.96
64.7,41.4,41.85,1.13,0.96
64.8,41.4,41.81,1.13,0.97
64.9,41.4,41.77,1.13,0.97
65,41.4,41.72,1.12,0.97
65.1,41.4,41.68,1.12,0.97
65.2,41.4,41.63,1.12,0.97
65.3,41.4,41.58,1.11,0.97
65.4,41.4,41.53,1.11,0.97
65.5,41.4,41.47,1.11,0.98
65.6,41.4,41.42,1.1,0.98
65.7,41.4,41.36,1.1,0.98
65.8,41.4,41.3,1.1,0.98
65.9,41.4,41.23,1.09,0.98
66,41.4,41.17,1.09,0.98
66.1,41.4,41.1,1.09,0.99
58,41.5,42.23,1.07,0.9
58.1,41.5,42.23,1.08,0.9
58.2,41.5,42.24,1.08,0.9
58.3,41.5,42.24,1.08,0.9
58.4,41.5,42.25,1.09,0.9
58.5,41.5,42.26,1.09,0.9
58.6,41.5,42.26,1.1,0.9
58.7,41.5,42.27,1.1,0.9
58.8,41.5,42.28,1.1,0.91
58.9,41.5,42.29,1.11,0.91
59,41.5,42.29,1.11,0.91
59.1,41.5,42.3,1.11,0.91
59.2,41.5,42.31,1.12,0.91
59.3,41.5,42.32,1.12,0.91
59.4,41.5,42.33,1.12,0.91
59.5,41.5,42.33,1.13,0.91
59.6,41.5,42.34,1.13,0.91
59.7,41.5,42.35,1.13,0.91
59.8,41.5,42.36,1.14,0.91
59.9,41.5,42.36,1.14,0.91
60,41.5,42.37,1.14,0.91
60.1,41.5,42.38,1.14,0.92
60.2,41.5,42.38,1.15,0.92
60.3,41.5,42.39,1.15,0.92
60.4,41.5,42.4,1.15,0.92
60.5,41.5,42.4,1.15,0.92
60.6,41.5,42.41,1.16,0.92
60.7,41.5,42.41,1.16,0.92
60.8,41.5,42.42,1.16,0.92
60.9,41.5,42.42,1.16,0.92
61,41.5,42.43,1.17,0.92
61.1,41.5,42.43,1.17,0.92
61.2,41.5,42.43,1.17,0.93
61.3,41.5,42.43,1.17,0.93
61.4,41.5,42.43,1.17,0.93
61.5,41.5,42.43,1.17,0.93
61.6,41.5,42.43,1.17,0.93
61.7,41.5,42.43,1.18,0.93
61.8,41.5,42.43,1.18,0.93
61.9,41.5,42.43,1.18,0.93
62,41.5,42.42,1.18,0.93
62.1,41.5,42.42,1.18,0.93
62.2,41.5,42.42,1.18,0.94
62.3,41.5,42.41,1.18,0.94
62.4,41.5,42.4,1.18,0.94
62.5,41.5,42.39,1.18,0.94
62.6,41.5,42.38,1.18,0.94
62.7,41.5,42.37,1.18,0.94
62.8,41.5,42.36,1.18,0.94
62.9,41.5,42.35,1.18,0.94
63,41.5,42.34,1.18,0.95
63.1,41.5,42.32,1.18,0.95
63.2,41.5,42.3,1.18,0.95
63.3,41.5,42.29,1.18,0.95
63.4,41.5,42.27,1.18,0.95
63.5,41.5,42.25,1.18,0.95
63.6,41.5,42.23,1.17,0.95
63.7,41.5,42.2,1.17,0.95
63.8,41.5,42.18,1.17,0.96
63.9,41.5,42.15,1.17,0.96
64,41.5,42.12,1.17,0.96
64.1,41.5,42.1,1.17,0.96
64.2,41.5,42.07,1.16,0.96
64.3,41.5,42.03,1.16,0.96
64.4,41.5,42,1.16,0.96
64.5,41.5,41.96,1.16,0.97
64.6,41.5,41.93,1.16,0.97
64.7,41.5,41.89,1.15,0.97
64.8,41.5,41.85,1.15,0.97
64.9,41.5,41.8,1.15,0.97
65,41.5,41.76,1.14,0.97
65.1,41.5,41.71,1.14,0.97
65.2,41.5,41.66,1.14,0.98
65.3,41.5,41.61,1.14,0.98
65.4,41.5,41.56,1.13,0.98
65.5,41.5,41.51,1.13,0.98
65.6,41.5,41.45,1.13,0.98
65.7,41.5,41.39,1.12,0.98
65.8,41.5,41.33,1.12,0.98
65.9,41.5,41.27,1.11,0.99
66,41.5,41.21,1.11,0.99
66.1,41.5,41.14,1.11,0.99
58,41.6,42.26,1.1,0.91
58.1,41.6,42.27,1.1,0.91
58.2,41.6,42.27,1.11,0.91
58.3,41.6,42.28,1.11,0.91
58.4,41.6,42.28,1.11,0.91
58.5,41.6,42.29,1.12,0.91
58.6,41.6,42.3,1.12,0.91
58.7,41.6,42.31,1.12,0.91
58.8,41.6,42.31,1.13,0.91
58.9,41.6,42.32,1.13,0.91
59,41.6,42.33,1.14,0.91
59.1,41.6,42.34,1.14,0.91
59.2,41.6,42.34,1.14,0.91
59.3,41.6,42.35,1.15,0.91
59.4,41.6,42.36,1.15,0.91
59.5,41.6,42.37,1.15,0.92
59.6,41.6,42.37,1.16,0.92
59.7,41.6,42.38,1.16,0.92
59.8,41.6,42.39,1.16,0.92
59.9,41.6,42.4,1.16,0.92
60,41.6,42.4,1.17,0.92
60.1,41.6,42.41,1.17,0.92
60.2,41.6,42.42,1.17,0.92
60.3,41.6,42.42,1.18,0.92
60.4,41.6,42.43,1.18,0.92
60.5,41.6,42.44,1.18,0.92
60.6,41.6,42.44,1.18,0.92
60.7,41.6,42.45,1.19,0.93
60.8,41.6,42.45,1.19,0.93
60.9,41.6,42.46,1.19,0.93
61,41.6,42.46,1.19,0.93
61.1,41.6,42.46,1.19,0.93
61.2,41.6,42.46,1.19,0.93
61.3,41.6,42.47,1.2,0.93
61.4,41.6,42.47,1.2,0.93
61.5,41.6,42.47,1.2,0.93
61.6,41.6,42.47,1.2,0.93
61.7,41.6,42.47,1.2,0.94
61.8,41.6,42.47,1.2,0.94
61.9,41.6,42.46,1.2,0.94
62,41.6,42.46,1.2,0.94
62.1,41.6,42.45,1.2,0.94
62.2,41.6,42.45,1.21,0.94
62.3,41.6,42.44,1.21,0.94
62.4,41.6,42.44,1.21,0.94
62.5,41.6,42.43,1.21,0.94
62.6,41.6,42.42,1.21,0.95
62.7,41.6,42.41,1.21,0.95
62.8,41.6,42.4,1.21,0.95
62.9,41.6,42.38,1.21,0.95
63,41.6,42.37,1.2,0.95
63.1,41.6,42.36,1.2,0.95
63.2,41.6,42.34,1.2,0.95
63.3,41.6,42.32,1.2,0.95
63.4,41.6,42.3,1.2,0.95
63.5,41.6,42.28,1.2,0.96
63.6,41.6,42.26,1.2,0.96
63.7,41.6,42.24,1.2,0.96
63.8,41.6,42.21,1.2,0.96
63.9,41.6,42.19,1.19,0.96
64,41.6,42.16,1.19,0.96
64.1,41.6,42.13,1.19,0.96
64.2,41.6,42.1,1.19,0.97
64.3,41.6,42.07,1.19,0.97
64.4,41.6,42.03,1.18,0.97
64.5,41.6,42,1.18,0.97
64.6,41.6,41.96,1.18,0.97
64.7,41.6,41.92,1.18,0.97
64.8,41.6,41.88,1.17,0.97
64.9,41.6,41.84,1.17,0.98
65,41.6,41.79,1.17,0.98
65.1,41.6,41.75,1.16,0.98
65.2,41.6,41.7,1.16,0.98
65.3,41.6,41.65,1.16,0.98
65.4,41.6,41.6,1.15,0.98
65.5,41.6,41.54,1.15,0.98
65.6,41.6,41.49,1.15,0.99
65.7,41.6,41.43,1.14,0.99
65.8,41.6,41.37,1.14,0.99
65.9,41.6,41.31,1.14,0.99
66,41.6,41.24,1.13,0.99
66.1,41.6,41.18,1.13,0.99
58,41.7,42.3,1.12,0.91
58.1,41.7,42.3,1.13,0.91
58.2,41.7,42.31,1.13,0.91
58.3,41.7,42.31,1.13,0.91
58.4,41.7,42.32,1.14,0.91
58.5,41.7,42.32,1.14,0.91
58.6,41.7,42.33,1.15,0.91
58.7,41.7,42.34,1.15,0.92
58.8,41.7,42.35,1.15,0.92
58.9,41.7,42.35,1.16,0.92
59,41.7,42.36,1.16,0.92
59.1,41.7,42.37,1.17,0.92
59.2,41.7,42.38,1.17,0.92
59.3,41.7,42.38,1.17,0.92
59.4,41.7,42.39,1.18,0.92
59.5,41.7,42.4,1.18,0.92
59.6,41.7,42.41,1.18,0.92
59.7,41.7,42.42,1.19,0.92
59.8,41.7,42.42,1.19,0.92
59.9,41.7,42.43,1.19,0.92
60,41.7,42.44,1.19,0.92
60.1,41.7,42.45,1.2,0.93
60.2,41.7,42.45,1.2,0.93
60.3,41.7,42.46,1.2,0.93
60.4,41.7,42.46,1.2,0.93
60.5,41.7,42.47,1.21,0.93
60.6,41.7,42.48,1.21,0.93
60.7,41.7,42.48,1.21,0.93
60.8,41.7,42.49,1.21,0.93
60.9,41.7,42.49,1.22,0.93
61,41.7,42.49,1.22,0.93
61.1,41.7,42.5,1.22,0.93
61.2,41.7,42.5,1.22,0.94
61.3,41.7,42.5,1.22,0.94
61.4,41.7,42.5,1.22,0.94
61.5,41.7,42.5,1.23,0.94
61.6,41.7,42.5,1.23,0.94
61.7,41.7,42.5,1.23,0.94
61.8,41.7,42.5,1.23,0.94
61.9,41.7,42.5,1.23,0.94
62,41.7,42.49,1.23,0.94
62.1,41.7,42.49,1.23,0.94
62.2,41.7,42.48,1.23,0.95
62.3,41.7,42.48,1.23,0.95
62.4,41.7,42.47,1.23,0.95
62.5,41.7,42.46,1.23,0.95
62.6,41.7,42.45,1.23,0.95
62.7,41.7,42.44,1.23,0.95
62.8,41.7,42.43,1.23,0.95
62.9,41.7,42.42,1.23,0.95
63,41.7,42.4,1.23,0.95
63.1,41.7,42.39,1.23,0.96
63.2,41.7,42.37,1.23,0.96
63.3,41.7,42.36,1.23,0.96
63.4,41.7,42.34,1.23,0.96
63.5,41.7,42.32,1.23,0.96
63.6,41.7,42.3,1.22,0.96
63.7,41.7,42.27,1.22,0.96
63.8,41.7,42.25,1.22,0.96
63.9,41.7,42.22,1.22,0.97
64,41.7,42.19,1.22,0.97
64.1,41.7,42.17,1.21,0.97
64.2,41.7,42.14,1.21,0.97
64.3,41.7,42.1,1.21,0.97
64.4,41.7,42.07,1.21,0.97
64.5,41.7,42.03,1.21,0.97
64.6,41.7,42,1.2,0.98
64.7,41.7,41.96,1.2,0.98
64.8,41.7,41.92,1.2,0.98
64.9,41.7,41.87,1.19,0.98
65,41.7,41.83,1.19,0.98
65.1,41.7,41.78,1.19,0.98
65.2,41.7,41.74,1.18,0.98
65.3,41.7,41.69,1.18,0.99
65.4,41.7,41.63,1.18,0.99
65.5,41.7,41.58,1.17,0.99
65.6,41.7,41.52,1.17,0.99
65.7,41.7,41.47,1.16,0.99
65.8,41.7,41.41,1.16,0.99
65.9,41.7,41.34,1.16,0.99
66,41.7,41.28,1.15,1
66.1,41.7,41.21,1.15,1
58,41.8,42.33,1.15,0.92
58.1,41.8,42.33,1.15,0.92
58.2,41.8,42.34,1.16,0.92
58.3,41.8,42.35,1.16,0.92
58.4,41.8,42.35,1.16,0.92
58.5,41.8,42.36,1.17,0.92
58.6,41.8,42.37,1.17,0.92
58.7,41.8,42.37,1.18,0.92
58.8,41.8,42.38,1.18,0.92
58.9,41.8,42.39,1.18,0.92
59,41.8,42.4,1.19,0.92
59.1,41.8,42.4,1.19,0.92
59.2,41.8,42.41,1.2,0.92
59.3,41.8,42.42,1.2,0.92
59.4,41.8,42.43,1.2,0.93
59.5,41.8,42.43,1.21,0.93
59.6,41.8,42.44,1.21,0.93
59.7,41.8,42.45,1.21,0.93
59.8,41.8,42.46,1.22,0.93
59.9,41.8,42.47,1.22,0.93
60,41.8,42.47,1.22,0.93
60.1,41.8,42.48,1.22,0.93
60.2,41.8,42.49,1.23,0.93
60.3,41.8,42.49,1.23,0.93
60.4,41.8,42.5,1.23,0.93
60.5,41.8,42.5,1.23,0.93
60.6,41.8,42.51,1.24,0.93
60.7,41.8,42.52,1.24,0.94
60.8,41.8,42.52,1.24,0.94
60.9,41.8,42.52,1.24,0.94
61,41.8,42.53,1.24,0.94
61.1,41.8,42.53,1.25,0.94
61.2,41.8,42.53,1.25,0.94
61.3,41.8,42.53,1.25,0.94
61.4,41.8,42.54,1.25,0.94
61.5,41.8,42.54,1.25,0.94
61.6,41.8,42.54,1.25,0.94
61.7,41.8,42.54,1.25,0.94
61.8,41.8,42.53,1.26,0.95
61.9,41.8,42.53,1.26,0.95
62,41.8,42.53,1.26,0.95
62.1,41.8,42.52,1.26,0.95
62.2,41.8,42.52,1.26,0.95
62.3,41.8,42.51,1.26,0.95
62.4,41.8,42.5,1.26,0.95
62.5,41.8,42.5,1.26,0.95
62.6,41.8,42.49,1.26,0.95
62.7,41.8,42.48,1.26,0.96
62.8,41.8,42.47,1.26,0.96
62.9,41.8,42.45,1.26,0.96
63,41.8,42.44,1.26,0.96
63.1,41.8,42.42,1.26,0.96
63.2,41.8,42.41,1.25,0.96
63.3,41.8,42.39,1.25,0.96
63.4,41.8,42.37,1.25,0.96
63.5,41.8,42.35,1.25,0.96
63.6,41.8,42.33,1.25,0.97
63.7,41.8,42.31,1.25,0.97
63.8,41.8,42.28,1.25,0.97
63.9,41.8,42.26,1.24,0.97
64,41.8,42.23,1.24,0.97
64.1,41.8,42.2,1.24,0.97
64.2,41.8,42.17,1.24,0.97
64.3,41.8,42.14,1.23,0.98
64.4,41.8,42.1,1.23,0.98
64.5,41.8,42.07,1.23,0.98
64.6,41.8,42.03,1.23,0.98
64.7,41.8,41.99,1.22,0.98
64.8,41.8,41.95,1.22,0.98
64.9,41.8,41.91,1.22,0.98
65,41.8,41.87,1.21,0.98
65.1,41.8,41.82,1.21,0.99
65.2,41.8,41.77,1.21,0.99
65.3,41.8,41.72,1.2,0.99
65.4,41.8,41.67,1.2,0.99
65.5,41.8,41.62,1.2,0.99
65.6,41.8,41.56,1.19,0.99
65.7,41.8,41.5,1.19,1
65.8,41.8,41.44,1.18,1
65.9,41.8,41.38,1.18,1
66,41.8,41.31,1.17,1
66.1,41.8,41.25,1.17,1
58,41.9,42.36,1.17,0.92
58.1,41.9,42.37,1.18,0.92
58.2,41.9,42.37,1.18,0.92
58.3,41.9,42.38,1.19,0.92
58.4,41.9,42.39,1.19,0.92
58.5,41.9,42.39,1.2,0.92
58.6,41.9,42.4,1.2,0.93
58.7,41.9,42.41,1.2,0.93
58.8,41.9,42.41,1.21,0.93
58.9,41.9,42.42,1.21,0.93
59,41.9,42.43,1.22,0.93
59.1,41.9,42.44,1.22,0.93
59.2,41.9,42.44,1.22,0.93
59.3,41.9,42.45,1.23,0.93
59.4,41.9,42.46,1.23,0.93
59.5,41.9,42.47,1.23,0.93
59.6,41.9,42.48,1.24,0.93
59.7,41.9,42.48,1.24,0.93
59.8,41.9,42.49,1.24,0.93
59.9,41.9,42.5,1.25,0.93
60,41.9,42.51,1.25,0.93
60.1,41.9,42.51,1.25,0.94
60.2,41.9,42.52,1.25,0.94
60.3,41.9,42.53,1.26,0.94
60.4,41.9,42.53,1.26,0.94
60.5,41.9,42.54,1.26,0.94
60.6,41.9,42.54,1.26,0.94
60.7,41.9,42.55,1.27,0.94
60.8,41.9,42.55,1.27,0.94
60.9,41.9,42.56,1.27,0.94
61,41.9,42.56,1.27,0.94
61.1,41.9,42.56,1.27,0.94
61.2,41.9,42.57,1.28,0.94
61.3,41.9,42.57,1.28,0.95
61.4,41.9,42.57,1.28,0.95
61.5,41.9,42.57,1.28,0.95
61.6,41.9,42.57,1.28,0.95
61.7,41.9,42.57,1.28,0.95
61.8,41.9,42.57,1.28,0.95
61.9,41.9,42.57,1.28,0.95
62,41.9,42.56,1.28,0.95
62.1,41.9,42.56,1.28,0.95
62.2,41.9,42.55,1.28,0.95
62.3,41.9,42.55,1.28,0.96
62.4,41.9,42.54,1.28,0.96
62.5,41.9,42.53,1.28,0.96
62.6,41.9,42.52,1.28,0.96
62.7,41.9,42.51,1.28,0.96
62.8,41.9,42.5,1.28,0.96
62.9,41.9,42.49,1.28,0.96
63,41.9,42.47,1.28,0.96
63.1,41.9,42.46,1.28,0.96
63.2,41.9,42.44,1.28,0.97
63.3,41.9,42.43,1.28,0.97
63.4,41.9,42.41,1.28,0.97
63.5,41.9,42.39,1.28,0.97
63.6,41.9,42.37,1.27,0.97
63.7,41.9,42.34,1.27,0.97
63.8,41.9,42.32,1.27,0.97
63.9,41.9,42.29,1.27,0.97
64,41.9,42.27,1.27,0.98
64.1,41.9,42.24,1.26,0.98
64.2,41.9,42.21,1.26,0.98
64.3,41.9,42.17,1.26,0.98
64.4,41.9,42.14,1.26,0.98
64.5,41.9,42.1,1.25,0.98
64.6,41.9,42.07,1.25,0.98
64.7,41.9,42.03,1.25,0.98
64.8,41.9,41.99,1.24,0.99
64.9,41.9,41.95,1.24,0.99
65,41.9,41.9,1.24,0.99
65.1,41.9,41.86,1.23,0.99
65.2,41.9,41.81,1.23,0.99
65.3,41.9,41.76,1.23,0.99
65.4,41.9,41.71,1.22,0.99
65.5,41.9,41.65,1.22,1
65.6,41.9,41.6,1.21,1
65.7,41.9,41.54,1.21,1
65.8,41.9,41.48,1.2,1
65.9,41.9,41.42,1.2,1
66,41.9,41.35,1.2,1
66.1,41.9,41.28,1.19,1.01
58,42,42.4,1.2,0.93
58.1,42,42.4,1.21,0.93
58.2,42,42.41,1.21,0.93
58.3,42,42.41,1.21,0.93
58.4,42,42.42,1.22,0.93
58.5,42,42.43,1.22,0.93
58.6,42,42.43,1.23,0.93
58.7,42,42.44,1.23,0.93
58.8,42,42.45,1.23,0.93
58.9,42,42.46,1.24,0.93
59,42,42.46,1.24,0.93
59.1,42,42.47,1.25,0.93
59.2,42,42.48,1.25,0.93
59.3,42,42.49,1.25,0.93
59.4,42,42.49,1.26,0.94
59.5,42,42.5,1.26,0.94
59.6,42,42.51,1.26,0.94
59.7,42,42.52,1.27,0.94
59.8,42,42.53,1.27,0.94
59.9,42,42.53,1.27,0.94
60,42,42.54,1.28,0.94
60.1,42,42.55,1.28,0.94
60.2,42,42.55,1.28,0.94
60.3,42,42.56,1.28,0.94
60.4,42,42.57,1.29,0.94
60.5,42,42.57,1.29,0.94
60.6,42,42.58,1.29,0.94
60.7,42,42.58,1.29,0.95
60.8,42,42.59,1.3,0.95
60.9,42,42.59,1.3,0.95
61,42,42.6,1.3,0.95
61.1,42,42.6,1.3,0.95
61.2,42,42.6,1.3,0.95
61.3,42,42.6,1.3,0.95
61.4,42,42.6,1.31,0.95
61.5,42,42.61,1.31,0.95
61.6,42,42.61,1.31,0.95
61.7,42,42.6,1.31,0.95
61.8,42,42.6,1.31,0.96
61.9,42,42.6,1.31,0.96
62,42,42.6,1.31,0.96
62.1,42,42.59,1.31,0.96
62.2,42,42.59,1.31,0.96
62.3,42,42.58,1.31,0.96
62.4,42,42.57,1.31,0.96
62.5,42,42.57,1.31,0.96
62.6,42,42.56,1.31,0.96
62.7,42,42.55,1.31,0.96
62.8,42,42.54,1.31,0.97
62.9,42,42.52,1.31,0.97
63,42,42.51,1.31,0.97
63.1,42,42.49,1.31,0.97
63.2,42,42.48,1.31,0.97
63.3,42,42.46,1.31,0.97
63.4,42,42.44,1.3,0.97
63.5,42,42.42,1.3,0.97
63.6,42,42.4,1.3,0.97
63.7,42,42.38,1.3,0.98
63.8,42,42.35,1.3,0.98
63.9,42,42.33,1.29,0.98
64,42,42.3,1.29,0.98
64.1,42,42.27,1.29,0.98
64.2,42,42.24,1.29,0.98
64.3,42,42.21,1.28,0.98
64.4,42,42.18,1.28,0.99
64.5,42,42.14,1.28,0.99
64.6,42,42.1,1.28,0.99
64.7,42,42.06,1.27,0.99
64.8,42,42.02,1.27,0.99
64.9,42,41.98,1.27,0.99
65,42,41.94,1.26,0.99
65.1,42,41.89,1.26,0.99
65.2,42,41.84,1.25,1
65.3,42,41.79,1.25,1
65.4,42,41.74,1.25,1
65.5,42,41.69,1.24,1
65.6,42,41.63,1.24,1
65.7,42,41.57,1.23,1
65.8,42,41.51,1.23,1
65.9,42,41.45,1.22,1.01
66,42,41.39,1.22,1.01
66.1,42,41.32,1.21,1.01
58,42.1,42.43,1.23,0.93
58.1,42.1,42.44,1.23,0.93
58.2,42.1,42.44,1.24,0.93
58.3,42.1,42.45,1.24,0.93
58.4,42.1,42.45,1.25,0.93
58.5,42.1,42.46,1.25,0.94
58.6,42.1,42.47,1.25,0.94
58.7,42.1,42.47,1.26,0.94
58.8,42.1,42.48,1.26,0.94
58.9,42.1,42.49,1.27,0.94
59,42.1,42.5,1.27,0.94
59.1,42.1,42.5,1.27,0.94
59.2,42.1,42.51,1.28,0.94
59.3,42.1,42.52,1.28,0.94
59.4,42.1,42.53,1.28,0.94
59.5,42.1,42.54,1.29,0.94
59.6,42.1,42.54,1.29,0.94
59.7,42.1,42.55,1.29,0.94
59.8,42.1,42.56,1.3,0.94
59.9,42.1,42.57,1.3,0.94
60,42.1,42.57,1.3,0.94
60.1,42.1,42.58,1.31,0.95
60.2,42.1,42.59,1.31,0.95
60.3,42.1,42.6,1.31,0.95
60.4,42.1,42.6,1.32,0.95
60.5,42.1,42.61,1.32,0.95
60.6,42.1,42.61,1.32,0.95
60.7,42.1,42.62,1.32,0.95
60.8,42.1,42.62,1.32,0.95
60.9,42.1,42.63,1.33,0.95
61,42.1,42.63,1.33,0.95
61.1,42.1,42.63,1.33,0.95
61.2,42.1,42.64,1.33,0.95
61.3,42.1,42.64,1.33,0.96
61.4,42.1,42.64,1.33,0.96
61.5,42.1,42.64,1.34,0.96
61.6,42.1,42.64,1.34,0.96
61.7,42.1,42.64,1.34,0.96
61.8,42.1,42.64,1.34,0.96
61.9,42.1,42.63,1.34,0.96
62,42.1,42.63,1.34,0.96
62.1,42.1,42.63,1.34,0.96
62.2,42.1,42.62,1.34,0.96
62.3,42.1,42.62,1.34,0.96
62.4,42.1,42.61,1.34,0.97
62.5,42.1,42.6,1.34,0.97
62.6,42.1,42.59,1.34,0.97
62.7,42.1,42.58,1.34,0.97
62.8,42.1,42.57,1.34,0.97
62.9,42.1,42.56,1.34,0.97
63,42.1,42.54,1.34,0.97
63.1,42.1,42.53,1.34,0.97
63.2,42.1,42.51,1.33,0.97
63.3,42.1,42.5,1.33,0.98
63.4,42.1,42.48,1.33,0.98
63.5,42.1,42.46,1.33,0.98
63.6,42.1,42.44,1.33,0.98
63.7,42.1,42.41,1.33,0.98
63.8,42.1,42.39,1.32,0.98
63.9,42.1,42.36,1.32,0.98
64,42.1,42.34,1.32,0.98
64.1,42.1,42.31,1.32,0.99
64.2,42.1,42.28,1.31,0.99
64.3,42.1,42.24,1.31,0.99
64.4,42.1,42.21,1.31,0.99
64.5,42.1,42.18,1.3,0.99
64.6,42.1,42.14,1.3,0.99
64.7,42.1,42.1,1.3,0.99
64.8,42.1,42.06,1.29,0.99
64.9,42.1,42.02,1.29,1
65,42.1,41.97,1.29,1
65.1,42.1,41.93,1.28,1
65.2,42.1,41.88,1.28,1
65.3,42.1,41.83,1.27,1
65.4,42.1,41.78,1.27,1
65.5,42.1,41.72,1.26,1
65.6,42.1,41.67,1.26,1.01
65.7,42.1,41.61,1.26,1.01
65.8,42.1,41.55,1.25,1.01
65.9,42.1,41.49,1.25,1.01
66,42.1,41.42,1.24,1.01
66.1,42.1,41.36,1.24,1.01
58,42.2,42.47,1.25,0.94
58.1,42.2,42.47,1.26,0.94
58.2,42.2,42.48,1.26,0.94
58.3,42.2,42.48,1.27,0.94
58.4,42.2,42.49,1.27,0.94
58.5,42.2,42.49,1.28,0.94
58.6,42.2,42.5,1.28,0.94
58.7,42.2,42.51,1.29,0.94
58.8,42.2,42.52,1.29,0.94
58.9,42.2,42.52,1.29,0.94
59,42.2,42.53,1.3,0.94
59.1,42.2,42.54,1.3,0.94
59.2,42.2,42.55,1.31,0.94
59.3,42.2,42.55,1.31,0.95
59.4,42.2,42.56,1.31,0.95
59.5,42.2,42.57,1.32,0.95
59.6,42.2,42.58,1.32,0.95
59.7,42.2,42.59,1.32,0.95
59.8,42.2,42.59,1.33,0.95
59.9,42.2,42.6,1.33,0.95
60,42.2,42.61,1.33,0.95
60.1,42.2,42.62,1.34,0.95
60.2,42.2,42.62,1.34,0.95
60.3,42.2,42.63,1.34,0.95
60.4,42.2,42.64,1.34,0.95
60.5,42.2,42.64,1.35,0.95
60.6,42.2,42.65,1.35,0.95
60.7,42.2,42.65,1.35,0.96
60.8,42.2,42.66,1.35,0.96
60.9,42.2,42.66,1.35,0.96
61,42.2,42.66,1.36,0.96
61.1,42.2,42.67,1.36,0.96
61.2,42.2,42.67,1.36,0.96
61.3,42.2,42.67,1.36,0.96
61.4,42.2,42.67,1.36,0.96
61.5,42.2,42.67,1.36,0.96
61.6,42.2,42.67,1.36,0.96
61.7,42.2,42.67,1.37,0.96
61.8,42.2,42.67,1.37,0.96
61.9,42.2,42.67,1.37,0.97
62,42.2,42.67,1.37,0.97
62.1,42.2,42.66,1.37,0.97
62.2,42.2,42.66,1.37,0.97
62.3,42.2,42.65,1.37,0.97
62.4,42.2,42.64,1.37,0.97
62.5,42.2,42.64,1.37,0.97
62.6,42.2,42.63,1.37,0.97
62.7,42.2,42.62,1.37,0.97
62.8,42.2,42.6,1.37,0.97
62.9,42.2,42.59,1.36,0.98
63,42.2,42.58,1.36,0.98
63.1,42.2,42.56,1.36,0.98
63.2,42.2,42.55,1.36,0.98
63.3,42.2,42.53,1.36,0.98
63.4,42.2,42.51,1.36,0.98
63.5,42.2,42.49,1.36,0.98
63.6,42.2,42.47,1.35,0.98
63.7,42.2,42.45,1.35,0.99
63.8,42.2,42.42,1.35,0.99
63.9,42.2,42.4,1.35,0.99
64,42.2,42.37,1.34,0.99
64.1,42.2,42.34,1.34,0.99
64.2,42.2,42.31,1.34,0.99
64.3,42.2,42.28,1.34,0.99
64.4,42.2,42.25,1.33,0.99
64.5,42.2,42.21,1.33,1
64.6,42.2,42.17,1.33,1
64.7,42.2,42.14,1.32,1
64.8,42.2,42.1,1.32,1
64.9,42.2,42.05,1.31,1
65,42.2,42.01,1.31,1
65.1,42.2,41.96,1.31,1
65.2,42.2,41.92,1.3,1
65.3,42.2,41.87,1.3,1.01
65.4,42.2,41.81,1.29,1.01
65.5,42.2,41.76,1.29,1.01
65.6,42.2,41.7,1.28,1.01
65.7,42.2,41.65,1.28,1.01
65.8,42.2,41.59,1.27,1.01
65.9,42.2,41.52,1.27,1.01
66,42.2,41.46,1.26,1.02
66.1,42.2,41.39,1.26,1.02
58,42.3,42.5,1.28,0.94
58.1,42.3,42.5,1.29,0.94
58.2,42.3,42.51,1.29,0.94
58.3,42.3,42.52,1.3,0.95
58.4,42.3,42.52,1.3,0.95
58.5,42.3,42.53,1.3,0.95
58.6,42.3,42.54,1.31,0.95
58.7,42.3,42.54,1.31,0.95
58.8,42.3,42.55,1.32,0.95
58.9,42.3,42.56,1.32,0.95
59,42.3,42.57,1.33,0.95
59.1,42.3,42.57,1.33,0.95
59.2,42.3,42.58,1.33,0.95
59.3,42.3,42.59,1.34,0.95
59.4,42.3,42.6,1.34,0.95
59.5,42.3,42.6,1.34,0.95
59.6,42.3,42.61,1.35,0.95
59.7,42.3,42.62,1.35,0.95
59.8,42.3,42.63,1.36,0.95
59.9,42.3,42.64,1.36,0.95
60,42.3,42.64,1.36,0.96
60.1,42.3,42.65,1.36,0.96
60.2,42.3,42.66,1.37,0.96
60.3,42.3,42.66,1.37,0.96
60.4,42.3,42.67,1.37,0.96
60.5,42.3,42.68,1.38,0.96
60.6,42.3,42.68,1.38,0.96
60.7,42.3,42.69,1.38,0.96
60.8,42.3,42.69,1.38,0.96
60.9,42.3,42.7,1.38,0.96
61,42.3,42.7,1.39,0.96
61.1,42.3,42.7,1.39,0.96
61.2,42.3,42.7,1.39,0.96
61.3,42.3,42.71,1.39,0.97
61.4,42.3,42.71,1.39,0.97
61.5,42.3,42.71,1.39,0.97
61.6,42.3,42.71,1.39,0.97
61.7,42.3,42.71,1.39,0.97
61.8,42.3,42.71,1.4,0.97
61.9,42.3,42.7,1.4,0.97
62,42.3,42.7,1.4,0.97
62.1,42.3,42.7,1.4,0.97
62.2,42.3,42.69,1.4,0.97
62.3,42.3,42.69,1.4,0.97
62.4,42.3,42.68,1.4,0.98
62.5,42.3,42.67,1.4,0.98
62.6,42.3,42.66,1.4,0.98
62.7,42.3,42.65,1.39,0.98
62.8,42.3,42.64,1.39,0.98
62.9,42.3,42.63,1.39,0.98
63,42.3,42.61,1.39,0.98
63.1,42.3,42.6,1.39,0.98
63.2,42.3,42.58,1.39,0.98
63.3,42.3,42.57,1.39,0.99
63.4,42.3,42.55,1.39,0.99
63.5,42.3,42.53,1.38,0.99
63.6,42.3,42.51,1.38,0.99
63.7,42.3,42.48,1.38,0.99
63.8,42.3,42.46,1.38,0.99
63.9,42.3,42.43,1.37,0.99
64,42.3,42.41,1.37,0.99
64.1,42.3,42.38,1.37,0.99
64.2,42.3,42.35,1.37,1
64.3,42.3,42.32,1.36,1
64.4,42.3,42.28,1.36,1
64.5,42.3,42.25,1.36,1
64.6,42.3,42.21,1.35,1
64.7,42.3,42.17,1.35,1
64.8,42.3,42.13,1.34,1
64.9,42.3,42.09,1.34,1
65,42.3,42.05,1.34,1.01
65.1,42.3,42,1.33,1.01
65.2,42.3,41.95,1.33,1.01
65.3,42.3,41.9,1.32,1.01
65.4,42.3,41.85,1.32,1.01
65.5,42.3,41.8,1.31,1.01
65.6,42.3,41.74,1.31,1.01
65.7,42.3,41.68,1.3,1.02
65.8,42.3,41.62,1.3,1.02
65.9,42.3,41.56,1.29,1.02
66,42.3,41.5,1.29,1.02
66.1,42.3,41.43,1.28,1.02
58,42.4,42.53,1.31,0.95
58.1,42.4,42.54,1.31,0.95
58.2,42.4,42.54,1.32,0.95
58.3,42.4,42.55,1.32,0.95
58.4,42.4,42.56,1.33,0.95
58.5,42.4,42.56,1.33,0.95
58.6,42.4,42.57,1.34,0.95
58.7,42.4,42.58,1.34,0.95
58.8,42.4,42.58,1.35,0.95
58.9,42.4,42.59,1.35,0.95
59,42.4,42.6,1.35,0.95
59.1,42.4,42.61,1.36,0.95
59.2,42.4,42.62,1.36,0.96
59.3,42.4,42.62,1.37,0.96
59.4,42.4,42.63,1.37,0.96
59.5,42.4,42.64,1.37,0.96
59.6,42.4,42.65,1.38,0.96
59.7,42.4,42.65,1.38,0.96
59.8,42.4,42.66,1.38,0.96
59.9,42.4,42.67,1.39,0.96
60,42.4,42.68,1.39,0.96
60.1,42.4,42.68,1.39,0.96
60.2,42.4,42.69,1.4,0.96
60.3,42.4,42.7,1.4,0.96
60.4,42.4,42.7,1.4,0.96
60.5,42.4,42.71,1.4,0.96
60.6,42.4,42.72,1.41,0.96
60.7,42.4,42.72,1.41,0.97
60.8,42.4,42.73,1.41,0.97
60.9,42.4,42.73,1.41,0.97
61,42.4,42.73,1.41,0.97
61.1,42.4,42.74,1.42,0.97
61.2,42.4,42.74,1.42,0.97
61.3,42.4,42.74,1.42,0.97
61.4,42.4,42.74,1.42,0.97
61.5,42.4,42.74,1.42,0.97
61.6,42.4,42.74,1.42,0.97
61.7,42.4,42.74,1.42,0.97
61.8,42.4,42.74,1.42,0.97
61.9,42.4,42.74,1.42,0.98
62,42.4,42.74,1.42,0.98
62.1,42.4,42.73,1.43,0.98
62.2,42.4,42.73,1.43,0.98
62.3,42.4,42.72,1.43,0.98
62.4,42.4,42.71,1.42,0.98
62.5,42.4,42.71,1.42,0.98
62.6,42.4,42.7,1.42,0.98
62.7,42.4,42.69,1.42,0.98
62.8,42.4,42.67,1.42,0.98
62.9,42.4,42.66,1.42,0.99
63,42.4,42.65,1.42,0.99
63.1,42.4,42.63,1.42,0.99
63.2,42.4,42.62,1.42,0.99
63.3,42.4,42.6,1.42,0.99
63.4,42.4,42.58,1.41,0.99
63.5,42.4,42.56,1.41,0.99
63.6,42.4,42.54,1.41,0.99
63.7,42.4,42.52,1.41,0.99
63.8,42.4,42.49,1.4,1
63.9,42.4,42.47,1.4,1
64,42.4,42.44,1.4,1
64.1,42.4,42.41,1.4,1
64.2,42.4,42.38,1.39,1
64.3,42.4,42.35,1.39,1
64.4,42.4,42.32,1.39,1
64.5,42.4,42.28,1.38,1
64.6,42.4,42.25,1.38,1.01
64.7,42.4,42.21,1.37,1.01
64.8,42.4,42.17,1.37,1.01
64.9,42.4,42.13,1.37,1.01
65,42.4,42.08,1.36,1.01
65.1,42.4,42.04,1.36,1.01
65.2,42.4,41.99,1.35,1.01
65.3,42.4,41.94,1.35,1.01
65.4,42.4,41.89,1.34,1.02
65.5,42.4,41.83,1.34,1.02
65.6,42.4,41.78,1.33,1.02
65.7,42.4,41.72,1.33,1.02
65.8,42.4,41.66,1.32,1.02
65.9,42.4,41.6,1.32,1.02
66,42.4,41.53,1.31,1.02
66.1,42.4,41.47,1.3,1.03
58,42.5,42.57,1.34,0.96
58.1,42.5,42.57,1.34,0.96
58.2,42.5,42.58,1.35,0.96
58.3,42.5,42.58,1.35,0.96
58.4,42.5,42.59,1.36,0.96
58.5,42.5,42.6,1.36,0.96
58.6,42.5,42.6,1.37,0.96
58.7,42.5,42.61,1.37,0.96
58.8,42.5,42.62,1.38,0.96
58.9,42.5,42.63,1.38,0.96
59,42.5,42.63,1.38,0.96
59.1,42.5,42.64,1.39,0.96
59.2,42.5,42.65,1.39,0.96
59.3,42.5,42.66,1.4,0.96
59.4,42.5,42.67,1.4,0.96
59.5,42.5,42.67,1.4,0.96
59.6,42.5,42.68,1.41,0.96
59.7,42.5,42.69,1.41,0.96
59.8,42.5,42.7,1.41,0.96
59.9,42.5,42.7,1.42,0.97
60,42.5,42.71,1.42,0.97
60.1,42.5,42.72,1.42,0.97
60.2,42.5,42.73,1.43,0.97
60.3,42.5,42.73,1.43,0.97
60.4,42.5,42.74,1.43,0.97
60.5,42.5,42.74,1.43,0.97
60.6,42.5,42.75,1.44,0.97
60.7,42.5,42.76,1.44,0.97
60.8,42.5,42.76,1.44,0.97
60.9,42.5,42.76,1.44,0.97
61,42.5,42.77,1.44,0.97
61.1,42.5,42.77,1.45,0.97
61.2,42.5,42.77,1.45,0.97
61.3,42.5,42.78,1.45,0.98
61.4,42.5,42.78,1.45,0.98
61.5,42.5,42.78,1.45,0.98
61.6,42.5,42.78,1.45,0.98
61.7,42.5,42.78,1.45,0.98
61.8,42.5,42.78,1.45,0.98
61.9,42.5,42.77,1.45,0.98
62,42.5,42.77,1.45,0.98
62.1,42.5,42.77,1.45,0.98
62.2,42.5,42.76,1.45,0.98
62.3,42.5,42.75,1.45,0.98
62.4,42.5,42.75,1.45,0.99
62.5,42.5,42.74,1.45,0.99
62.6,42.5,42.73,1.45,0.99
62.7,42.5,42.72,1.45,0.99
62.8,42.5,42.71,1.45,0.99
62.9,42.5,42.7,1.45,0.99
63,42.5,42.68,1.45,0.99
63.1,42.5,42.67,1.45,0.99
63.2,42.5,42.65,1.45,0.99
63.3,42.5,42.64,1.44,0.99
63.4,42.5,42.62,1.44,1
63.5,42.5,42.6,1.44,1
63.6,42.5,42.58,1.44,1
63.7,42.5,42.55,1.43,1
63.8,42.5,42.53,1.43,1
63.9,42.5,42.5,1.43,1
64,42.5,42.48,1.43,1
64.1,42.5,42.45,1.42,1
64.2,42.5,42.42,1.42,1
64.3,42.5,42.39,1.42,1.01
64.4,42.5,42.35,1.41,1.01
64.5,42.5,42.32,1.41,1.01
64.6,42.5,42.28,1.4,1.01
64.7,42.5,42.24,1.4,1.01
64.8,42.5,42.2,1.4,1.01
64.9,42.5,42.16,1.39,1.01
65,42.5,42.12,1.39,1.02
65.1,42.5,42.07,1.38,1.02
65.2,42.5,42.02,1.38,1.02
65.3,42.5,41.97,1.37,1.02
65.4,42.5,41.92,1.37,1.02
65.5,42.5,41.87,1.36,1.02
65.6,42.5,41.81,1.36,1.02
65.7,42.5,41.76,1.35,1.02
65.8,42.5,41.7,1.35,1.03
65.9,42.5,41.63,1.34,1.03
66,42.5,41.57,1.33,1.03
66.1,42.5,41.5,1.33,1.03
58,42.6,42.6,1.37,0.96
58.1,42.6,42.61,1.37,0.96
58.2,42.6,42.61,1.38,0.96
58.3,42.6,42.62,1.38,0.96
58.4,42.6,42.63,1.39,0.96
58.5,42.6,42.63,1.39,0.96
58.6,42.6,42.64,1.4,0.96
58.7,42.6,42.65,1.4,0.96
58.8,42.6,42.65,1.4,0.96
58.9,42.6,42.66,1.41,0.96
59,42.6,42.67,1.41,0.97
59.1,42.6,42.68,1.42,0.97
59.2,42.6,42.68,1.42,0.97
59.3,42.6,42.69,1.43,0.97
59.4,42.6,42.7,1.43,0.97
59.5,42.6,42.71,1.43,0.97
59.6,42.6,42.72,1.44,0.97
59.7,42.6,42.72,1.44,0.97
59.8,42.6,42.73,1.44,0.97
59.9,42.6,42.74,1.45,0.97
60,42.6,42.75,1.45,0.97
60.1,42.6,42.75,1.45,0.97
60.2,42.6,42.76,1.46,0.97
60.3,42.6,42.77,1.46,0.97
60.4,42.6,42.77,1.46,0.97
60.5,42.6,42.78,1.46,0.97
60.6,42.6,42.78,1.47,0.98
60.7,42.6,42.79,1.47,0.98
60.8,42.6,42.79,1.47,0.98
60.9,42.6,42.8,1.47,0.98
61,42.6,42.8,1.47,0.98
61.1,42.6,42.81,1.48,0.98
61.2,42.6,42.81,1.48,0.98
61.3,42.6,42.81,1.48,0.98
61.4,42.6,42.81,1.48,0.98
61.5,42.6,42.81,1.48,0.98
61.6,42.6,42.81,1.48,0.98
61.7,42.6,42.81,1.48,0.98
61.8,42.6,42.81,1.48,0.98
61.9,42.6,42.81,1.48,0.99
62,42.6,42.8,1.48,0.99
62.1,42.6,42.8,1.48,0.99
62.2,42.6,42.8,1.48,0.99
62.3,42.6,42.79,1.48,0.99
62.4,42.6,42.78,1.48,0.99
62.5,42.6,42.78,1.48,0.99
62.6,42.6,42.77,1.48,0.99
62.7,42.6,42.76,1.48,0.99
62.8,42.6,42.74,1.48,0.99
62.9,42.6,42.73,1.48,1
63,42.6,42.72,1.48,1
63.1,42.6,42.7,1.48,1
63.2,42.6,42.69,1.47,1
63.3,42.6,42.67,1.47,1
63.4,42.6,42.65,1.47,1
63.5,42.6,42.63,1.47,1
63.6,42.6,42.61,1.47,1
63.7,42.6,42.59,1.46,1
63.8,42.6,42.57,1.46,1
63.9,42.6,42.54,1.46,1.01
64,42.6,42.51,1.45,1.01
64.1,42.6,42.48,1.45,1.01
64.2,42.6,42.45,1.45,1.01
64.3,42.6,42.42,1.44,1.01
64.4,42.6,42.39,1.44,1.01
64.5,42.6,42.35,1.44,1.01
64.6,42.6,42.32,1.43,1.01
64.7,42.6,42.28,1.43,1.02
64.8,42.6,42.24,1.42,1.02
64.9,42.6,42.2,1.42,1.02
65,42.6,42.15,1.41,1.02
65.1,42.6,42.11,1.41,1.02
65.2,42.6,42.06,1.4,1.02
65.3,42.6,42.01,1.4,1.02
65.4,42.6,41.96,1.39,1.02
65.5,42.6,41.91,1.39,1.03
65.6,42.6,41.85,1.38,1.03
65.7,42.6,41.79,1.38,1.03
65.8,42.6,41.73,1.37,1.03
65.9,42.6,41.67,1.37,1.03
66,42.6,41.61,1.36,1.03
66.1,42.6,41.54,1.35,1.03
58,42.7,42.64,1.4,0.97
58.1,42.7,42.64,1.4,0.97
58.2,42.7,42.65,1.41,0.97
58.3,42.7,42.65,1.41,0.97
58.4,42.7,42.66,1.42,0.97
58.5,42.7,42.67,1.42,0.97
58.6,42.7,42.67,1.42,0.97
58.7,42.7,42.68,1.43,0.97
58.8,42.7,42.69,1.43,0.97
58.9,42.7,42.7,1.44,0.97
59,42.7,42.7,1.44,0.97
59.1,42.7,42.71,1.45,0.97
59.2,42.7,42.72,1.45,0.97
59.3,42.7,42.73,1.45,0.97
59.4,42.7,42.73,1.46,0.97
59.5,42.7,42.74,1.46,0.97
59.6,42.7,42.75,1.47,0.97
59.7,42.7,42.76,1.47,0.97
59.8,42.7,42.77,1.47,0.98
59.9,42.7,42.77,1.48,0.98
60,42.7,42.78,1.48,0.98
60.1,42.7,42.79,1.48,0.98
60.2,42.7,42.79,1.49,0.98
60.3,42.7,42.8,1.49,0.98
60.4,42.7,42.81,1.49,0.98
60.5,42.7,42.81,1.49,0.98
60.6,42.7,42.82,1.5,0.98
60.7,42.7,42.82,1.5,0.98
60.8,42.7,42.83,1.5,0.98
60.9,42.7,42.83,1.5,0.98
61,42.7,42.84,1.5,0.98
61.1,42.7,42.84,1.51,0.98
61.2,42.7,42.84,1.51,0.98
61.3,42.7,42.85,1.51,0.99
61.4,42.7,42.85,1.51,0.99
61.5,42.7,42.85,1.51,0.99
61.6,42.7,42.85,1.51,0.99
61.7,42.7,42.85,1.51,0.99
61.8,42.7,42.85,1.51,0.99
61.9,42.7,42.84,1.51,0.99
62,42.7,42.84,1.51,0.99
62.1,42.7,42.84,1.51,0.99
62.2,42.7,42.83,1.51,0.99
62.3,42.7,42.82,1.51,0.99
62.4,42.7,42.82,1.51,1
62.5,42.7,42.81,1.51,1
62.6,42.7,42.8,1.51,1
62.7,42.7,42.79,1.51,1
62.8,42.7,42.78,1.51,1
62.9,42.7,42.77,1.51,1
63,42.7,42.75,1.51,1
63.1,42.7,42.74,1.5,1
63.2,42.7,42.72,1.5,1
63.3,42.7,42.71,1.5,1
63.4,42.7,42.69,1.5,1.01
63.5,42.7,42.67,1.5,1.01
63.6,42.7,42.65,1.49,1.01
63.7,42.7,42.63,1.49,1.01
63.8,42.7,42.6,1.49,1.01
63.9,42.7,42.58,1.49,1.01
64,42.7,42.55,1.48,1.01
64.1,42.7,42.52,1.48,1.01
64.2,42.7,42.49,1.48,1.01
64.3,42.7,42.46,1.47,1.02
64.4,42.7,42.43,1.47,1.02
64.5,42.7,42.39,1.46,1.02
64.6,42.7,42.35,1.46,1.02
64.7,42.7,42.32,1.45,1.02
64.8,42.7,42.28,1.45,1.02
64.9,42.7,42.23,1.45,1.02
65,42.7,42.19,1.44,1.02
65.1,42.7,42.14,1.44,1.03
65.2,42.7,42.1,1.43,1.03
65.3,42.7,42.05,1.43,1.03
65.4,42.7,42,1.42,1.03
65.5,42.7,41.94,1.41,1.03
65.6,42.7,41.89,1.41,1.03
65.7,42.7,41.83,1.4,1.03
65.8,42.7,41.77,1.4,1.03
65.9,42.7,41.71,1.39,1.04
66,42.7,41.64,1.38,1.04
66.1,42.7,41.58,1.38,1.04
58,42.8,42.67,1.42,0.97
58.1,42.8,42.68,1.43,0.97
58.2,42.8,42.68,1.43,0.97
58.3,42.8,42.69,1.44,0.97
58.4,42.8,42.69,1.44,0.97
58.5,42.8,42.7,1.45,0.97
58.6,42.8,42.71,1.45,0.97
58.7,42.8,42.71,1.46,0.97
58.8,42.8,42.72,1.46,0.98
58.9,42.8,42.73,1.47,0.98
59,42.8,42.74,1.47,0.98
59.1,42.8,42.74,1.48,0.98
59.2,42.8,42.75,1.48,0.98
59.3,42.8,42.76,1.49,0.98
59.4,42.8,42.77,1.49,0.98
59.5,42.8,42.78,1.49,0.98
59.6,42.8,42.78,1.5,0.98
59.7,42.8,42.79,1.5,0.98
59.8,42.8,42.8,1.5,0.98
59.9,42.8,42.81,1.51,0.98
60,42.8,42.82,1.51,0.98
60.1,42.8,42.82,1.51,0.98
60.2,42.8,42.83,1.52,0.98
60.3,42.8,42.84,1.52,0.98
60.4,42.8,42.84,1.52,0.98
60.5,42.8,42.85,1.52,0.98
60.6,42.8,42.85,1.53,0.99
60.7,42.8,42.86,1.53,0.99
60.8,42.8,42.86,1.53,0.99
60.9,42.8,42.87,1.53,0.99
61,42.8,42.87,1.54,0.99
61.1,42.8,42.88,1.54,0.99
61.2,42.8,42.88,1.54,0.99
61.3,42.8,42.88,1.54,0.99
61.4,42.8,42.88,1.54,0.99
61.5,42.8,42.88,1.54,0.99
61.6,42.8,42.88,1.54,0.99
61.7,42.8,42.88,1.54,0.99
61.8,42.8,42.88,1.54,0.99
61.9,42.8,42.88,1.54,1
62,42.8,42.87,1.54,1
62.1,42.8,42.87,1.54,1
62.2,42.8,42.87,1.54,1
62.3,42.8,42.86,1.54,1
62.4,42.8,42.85,1.54,1
62.5,42.8,42.85,1.54,1
62.6,42.8,42.84,1.54,1
62.7,42.8,42.83,1.54,1
62.8,42.8,42.82,1.54,1
62.9,42.8,42.8,1.54,1
63,42.8,42.79,1.54,1.01
63.1,42.8,42.78,1.53,1.01
63.2,42.8,42.76,1.53,1.01
63.3,42.8,42.74,1.53,1.01
63.4,42.8,42.72,1.53,1.01
63.5,42.8,42.7,1.53,1.01
63.6,42.8,42.68,1.52,1.01
63.7,42.8,42.66,1.52,1.01
63.8,42.8,42.64,1.52,1.01
63.9,42.8,42.61,1.51,1.02
64,42.8,42.58,1.51,1.02
64.1,42.8,42.56,1.51,1.02
64.2,42.8,42.53,1.5,1.02
64.3,42.8,42.49,1.5,1.02
64.4,42.8,42.46,1.5,1.02
64.5,42.8,42.43,1.49,1.02
64.6,42.8,42.39,1.49,1.02
64.7,42.8,42.35,1.48,1.02
64.8,42.8,42.31,1.48,1.03
64.9,42.8,42.27,1.47,1.03
65,42.8,42.23,1.47,1.03
65.1,42.8,42.18,1.46,1.03
65.2,42.8,42.13,1.46,1.03
65.3,42.8,42.08,1.45,1.03
65.4,42.8,42.03,1.45,1.03
65.5,42.8,41.98,1.44,1.03
65.6,42.8,41.92,1.43,1.04
65.7,42.8,41.86,1.43,1.04
65.8,42.8,41.81,1.42,1.04
65.9,42.8,41.74,1.42,1.04
66,42.8,41.68,1.41,1.04
66.1,42.8,41.61,1.4,1.04
58,42.9,42.71,1.45,0.98
58.1,42.9,42.71,1.46,0.98
58.2,42.9,42.72,1.46,0.98
58.3,42.9,42.72,1.47,0.98
58.4,42.9,42.73,1.47,0.98
58.5,42.9,42.74,1.48,0.98
58.6,42.9,42.74,1.48,0.98
58.7,42.9,42.75,1.49,0.98
58.8,42.9,42.76,1.49,0.98
58.9,42.9,42.76,1.5,0.98
59,42.9,42.77,1.5,0.98
59.1,42.9,42.78,1.51,0.98
59.2,42.9,42.79,1.51,0.98
59.3,42.9,42.8,1.52,0.98
59.4,42.9,42.8,1.52,0.98
59.5,42.9,42.81,1.52,0.98
59.6,42.9,42.82,1.53,0.98
59.7,42.9,42.83,1.53,0.99
59.8,42.9,42.83,1.53,0.99
59.9,42.9,42.84,1.54,0.99
60,42.9,42.85,1.54,0.99
60.1,42.9,42.86,1.54,0.99
60.2,42.9,42.86,1.55,0.99
60.3,42.9,42.87,1.55,0.99
60.4,42.9,42.88,1.55,0.99
60.5,42.9,42.88,1.56,0.99
60.6,42.9,42.89,1.56,0.99
60.7,42.9,42.89,1.56,0.99
60.8,42.9,42.9,1.56,0.99
60.9,42.9,42.9,1.56,0.99
61,42.9,42.91,1.57,0.99
61.1,42.9,42.91,1.57,0.99
61.2,42.9,42.91,1.57,1
61.3,42.9,42.91,1.57,1
61.4,42.9,42.92,1.57,1
61.5,42.9,42.92,1.57,1
61.6,42.9,42.92,1.57,1
61.7,42.9,42.92,1.57,1
61.8,42.9,42.91,1.57,1
61.9,42.9,42.91,1.57,1
62,42.9,42.91,1.58,1
62.1,42.9,42.91,1.57,1
62.2,42.9,42.9,1.57,1
62.3,42.9,42.89,1.57,1
62.4,42.9,42.89,1.57,1.01
62.5,42.9,42.88,1.57,1.01
62.6,42.9,42.87,1.57,1.01
62.7,42.9,42.86,1.57,1.01
62.8,42.9,42.85,1.57,1.01
62.9,42.9,42.84,1.57,1.01
63,42.9,42.82,1.57,1.01
63.1,42.9,42.81,1.56,1.01
63.2,42.9,42.79,1.56,1.01
63.3,42.9,42.78,1.56,1.01
63.4,42.9,42.76,1.56,1.01
63.5,42.9,42.74,1.56,1.02
63.6,42.9,42.72,1.55,1.02
63.7,42.9,42.7,1.55,1.02
63.8,42.9,42.67,1.55,1.02
63.9,42.9,42.65,1.54,1.02
64,42.9,42.62,1.54,1.02
64.1,42.9,42.59,1.54,1.02
64.2,42.9,42.56,1.53,1.02
64.3,42.9,42.53,1.53,1.02
64.4,42.9,42.5,1.52,1.03
64.5,42.9,42.46,1.52,1.03
64.6,42.9,42.43,1.51,1.03
64.7,42.9,42.39,1.51,1.03
64.8,42.9,42.35,1.51,1.03
64.9,42.9,42.31,1.5,1.03
65,42.9,42.26,1.49,1.03
65.1,42.9,42.22,1.49,1.03
65.2,42.9,42.17,1.48,1.04
65.3,42.9,42.12,1.48,1.04
65.4,42.9,42.07,1.47,1.04
65.5,42.9,42.01,1.47,1.04
65.6,42.9,41.96,1.46,1.04
65.7,42.9,41.9,1.45,1.04
65.8,42.9,41.84,1.45,1.04
65.9,42.9,41.78,1.44,1.04
66,42.9,41.72,1.43,1.05
66.1,42.9,41.65,1.43,1.05
58,43,42.74,1.48,0.98
58.1,43,42.75,1.49,0.98
58.2,43,42.75,1.49,0.98
58.3,43,42.76,1.5,0.98
58.4,43,42.76,1.5,0.99
58.5,43,42.77,1.51,0.99
58.6,43,42.78,1.51,0.99
58.7,43,42.78,1.52,0.99
58.8,43,42.79,1.52,0.99
58.9,43,42.8,1.53,0.99
59,43,42.81,1.53,0.99
59.1,43,42.81,1.54,0.99
59.2,43,42.82,1.54,0.99
59.3,43,42.83,1.55,0.99
59.4,43,42.84,1.55,0.99
59.5,43,42.85,1.55,0.99
59.6,43,42.85,1.56,0.99
59.7,43,42.86,1.56,0.99
59.8,43,42.87,1.57,0.99
59.9,43,42.88,1.57,0.99
60,43,42.88,1.57,0.99
60.1,43,42.89,1.58,0.99
60.2,43,42.9,1.58,0.99
60.3,43,42.91,1.58,0.99
60.4,43,42.91,1.58,1
60.5,43,42.92,1.59,1
60.6,43,42.92,1.59,1
60.7,43,42.93,1.59,1
60.8,43,42.93,1.59,1
60.9,43,42.94,1.6,1
61,43,42.94,1.6,1
61.1,43,42.94,1.6,1
61.2,43,42.95,1.6,1
61.3,43,42.95,1.6,1
61.4,43,42.95,1.6,1
61.5,43,42.95,1.6,1
61.6,43,42.95,1.6,1
61.7,43,42.95,1.61,1
61.8,43,42.95,1.61,1.01
61.9,43,42.95,1.61,1.01
62,43,42.94,1.61,1.01
62.1,43,42.94,1.61,1.01
62.2,43,42.94,1.61,1.01
62.3,43,42.93,1.61,1.01
62.4,43,42.92,1.6,1.01
62.5,43,42.92,1.6,1.01
62.6,43,42.91,1.6,1.01
62.7,43,42.9,1.6,1.01
62.8,43,42.89,1.6,1.01
62.9,43,42.87,1.6,1.01
63,43,42.86,1.6,1.02
63.1,43,42.85,1.59,1.02
63.2,43,42.83,1.59,1.02
63.3,43,42.81,1.59,1.02
63.4,43,42.79,1.59,1.02
63.5,43,42.78,1.58,1.02
63.6,43,42.75,1.58,1.02
63.7,43,42.73,1.58,1.02
63.8,43,42.71,1.58,1.02
63.9,43,42.68,1.57,1.02
64,43,42.66,1.57,1.03
64.1,43,42.63,1.56,1.03
64.2,43,42.6,1.56,1.03
64.3,43,42.57,1.56,1.03
64.4,43,42.53,1.55,1.03
64.5,43,42.5,1.55,1.03
64.6,43,42.46,1.54,1.03
64.7,43,42.42,1.54,1.03
64.8,43,42.38,1.53,1.04
64.9,43,42.34,1.53,1.04
65,43,42.3,1.52,1.04
65.1,43,42.25,1.52,1.04
65.2,43,42.2,1.51,1.04
65.3,43,42.16,1.51,1.04
65.4,43,42.1,1.5,1.04
65.5,43,42.05,1.49,1.04
65.6,43,42,1.49,1.05
65.7,43,41.94,1.48,1.05
65.8,43,41.88,1.47,1.05
65.9,43,41.82,1.47,1.05
66,43,41.75,1.46,1.05
66.1,43,41.69,1.45,1.05
58,43.1,42.77,1.51,0.99
58.1,43.1,42.78,1.52,0.99
58.2,43.1,42.79,1.52,0.99
58.3,43.1,42.79,1.53,0.99
58.4,43.1,42.8,1.53,0.99
58.5,43.1,42.8,1.54,0.99
58.6,43.1,42.81,1.54,0.99
58.7,43.1,42.82,1.55,0.99
58.8,43.1,42.83,1.55,0.99
58.9,43.1,42.83,1.56,0.99
59,43.1,42.84,1.56,0.99
59.1,43.1,42.85,1.57,0.99
59.2,43.1,42.86,1.57,0.99
59.3,43.1,42.86,1.58,0.99
59.4,43.1,42.87,1.58,1
59.5,43.1,42.88,1.59,1
59.6,43.1,42.89,1.59,1
59.7,43.1,42.9,1.59,1
59.8,43.1,42.9,1.6,1
59.9,43.1,42.91,1.6,1
60,43.1,42.92,1.6,1
60.1,43.1,42.93,1.61,1
60.2,43.1,42.93,1.61,1
60.3,43.1,42.94,1.61,1
60.4,43.1,42.95,1.62,1
60.5,43.1,42.95,1.62,1
60.6,43.1,42.96,1.62,1
60.7,43.1,42.96,1.62,1
60.8,43.1,42.97,1.63,1
60.9,43.1,42.97,1.63,1
61,43.1,42.98,1.63,1
61.1,43.1,42.98,1.63,1.01
61.2,43.1,42.98,1.63,1.01
61.3,43.1,42.98,1.63,1.01
61.4,43.1,42.99,1.63,1.01
61.5,43.1,42.99,1.64,1.01
61.6,43.1,42.99,1.64,1.01
61.7,43.1,42.99,1.64,1.01
61.8,43.1,42.98,1.64,1.01
61.9,43.1,42.98,1.64,1.01
62,43.1,42.98,1.64,1.01
62.1,43.1,42.98,1.64,1.01
62.2,43.1,42.97,1.64,1.01
62.3,43.1,42.96,1.64,1.01
62.4,43.1,42.96,1.64,1.02
62.5,43.1,42.95,1.63,1.02
62.6,43.1,42.94,1.63,1.02
62.7,43.1,42.93,1.63,1.02
62.8,43.1,42.92,1.63,1.02
62.9,43.1,42.91,1.63,1.02
63,43.1,42.9,1.63,1.02
63.1,43.1,42.88,1.63,1.02
63.2,43.1,42.87,1.62,1.02
63.3,43.1,42.85,1.62,1.02
63.4,43.1,42.83,1.62,1.02
63.5,43.1,42.81,1.62,1.03
63.6,43.1,42.79,1.61,1.03
63.7,43.1,42.77,1.61,1.03
63.8,43.1,42.74,1.61,1.03
63.9,43.1,42.72,1.6,1.03
64,43.1,42.69,1.6,1.03
64.1,43.1,42.66,1.59,1.03
64.2,43.1,42.63,1.59,1.03
64.3,43.1,42.6,1.59,1.03
64.4,43.1,42.57,1.58,1.04
64.5,43.1,42.53,1.58,1.04
64.6,43.1,42.5,1.57,1.04
64.7,43.1,42.46,1.57,1.04
64.8,43.1,42.42,1.56,1.04
64.9,43.1,42.38,1.56,1.04
65,43.1,42.33,1.55,1.04
65.1,43.1,42.29,1.54,1.04
65.2,43.1,42.24,1.54,1.04
65.3,43.1,42.19,1.53,1.05
65.4,43.1,42.14,1.53,1.05
65.5,43.1,42.09,1.52,1.05
65.6,43.1,42.03,1.51,1.05
65.7,43.1,41.97,1.51,1.05
65.8,43.1,41.92,1.5,1.05
65.9,43.1,41.85,1.49,1.05
66,43.1,41.79,1.49,1.06
66.1,43.1,41.72,1.48,1.06
58,43.2,42.81,1.54,1
58.1,43.2,42.81,1.55,1
58.2,43.2,42.82,1.55,1
58.3,43.2,42.83,1.56,1
58.4,43.2,42.83,1.57,1
58.5,43.2,42.84,1.57,1
58.6,43.2,42.85,1.58,1
58.7,43.2,42.85,1.58,1
58.8,43.2,42.86,1.59,1
58.9,43.2,42.87,1.59,1
59,43.2,42.88,1.6,1
59.1,43.2,42.88,1.6,1
59.2,43.2,42.89,1.6,1
59.3,43.2,42.9,1.61,1
59.4,43.2,42.91,1.61,1
59.5,43.2,42.91,1.62,1
59.6,43.2,42.92,1.62,1
59.7,43.2,42.93,1.62,1
59.8,43.2,42.94,1.63,1
59.9,43.2,42.95,1.63,1
60,43.2,42.95,1.64,1
60.1,43.2,42.96,1.64,1
60.2,43.2,42.97,1.64,1
60.3,43.2,42.97,1.64,1.01
60.4,43.2,42.98,1.65,1.01
60.5,43.2,42.99,1.65,1.01
60.6,43.2,42.99,1.65,1.01
60.7,43.2,43,1.66,1.01
60.8,43.2,43,1.66,1.01
60.9,43.2,43.01,1.66,1.01
61,43.2,43.01,1.66,1.01
61.1,43.2,43.01,1.66,1.01
61.2,43.2,43.02,1.66,1.01
61.3,43.2,43.02,1.67,1.01
61.4,43.2,43.02,1.67,1.01
61.5,43.2,43.02,1.67,1.01
61.6,43.2,43.02,1.67,1.01
61.7,43.2,43.02,1.67,1.01
61.8,43.2,43.02,1.67,1.02
61.9,43.2,43.02,1.67,1.02
62,43.2,43.01,1.67,1.02
62.1,43.2,43.01,1.67,1.02
62.2,43.2,43.01,1.67,1.02
62.3,43.2,43,1.67,1.02
62.4,43.2,42.99,1.67,1.02
62.5,43.2,42.99,1.67,1.02
62.6,43.2,42.98,1.66,1.02
62.7,43.2,42.97,1.66,1.02
62.8,43.2,42.96,1.66,1.02
62.9,43.2,42.94,1.66,1.02
63,43.2,42.93,1.66,1.03
63.1,43.2,42.92,1.66,1.03
63.2,43.2,42.9,1.65,1.03
63.3,43.2,42.88,1.65,1.03
63.4,43.2,42.87,1.65,1.03
63.5,43.2,42.85,1.65,1.03
63.6,43.2,42.83,1.64,1.03
63.7,43.2,42.8,1.64,1.03
63.8,43.2,42.78,1.64,1.03
63.9,43.2,42.75,1.63,1.03
64,43.2,42.73,1.63,1.04
64.1,43.2,42.7,1.62,1.04
64.2,43.2,42.67,1.62,1.04
64.3,43.2,42.64,1.62,1.04
64.4,43.2,42.6,1.61,1.04
64.5,43.2,42.57,1.61,1.04
64.6,43.2,42.53,1.6,1.04
64.7,43.2,42.5,1.6,1.04
64.8,43.2,42.46,1.59,1.04
64.9,43.2,42.41,1.58,1.05
65,43.2,42.37,1.58,1.05
65.1,43.2,42.32,1.57,1.05
65.2,43.2,42.28,1.57,1.05
65.3,43.2,42.23,1.56,1.05
65.4,43.2,42.18,1.55,1.05
65.5,43.2,42.12,1.55,1.05
65.6,43.2,42.07,1.54,1.05
65.7,43.2,42.01,1.53,1.06
65.8,43.2,41.95,1.53,1.06
65.9,43.2,41.89,1.52,1.06
66,43.2,41.83,1.51,1.06
66.1,43.2,41.76,1.51,1.06
58,43.3,42.84,1.57,1
58.1,43.3,42.85,1.58,1
58.2,43.3,42.85,1.58,1
58.3,43.3,42.86,1.59,1
58.4,43.3,42.87,1.6,1
58.5,43.3,42.87,1.6,1
58.6,43.3,42.88,1.61,1
58.7,43.3,42.89,1.61,1
58.8,43.3,42.89,1.62,1
58.9,43.3,42.9,1.62,1
59,43.3,42.91,1.63,1
59.1,43.3,42.92,1.63,1.01
59.2,43.3,42.93,1.64,1.01
59.3,43.3,42.93,1.64,1.01
59.4,43.3,42.94,1.64,1.01
59.5,43.3,42.95,1.65,1.01
59.6,43.3,42.96,1.65,1.01
59.7,43.3,42.97,1.66,1.01
59.8,43.3,42.97,1.66,1.01
59.9,43.3,42.98,1.66,1.01
60,43.3,42.99,1.67,1.01
60.1,43.3,43,1.67,1.01
60.2,43.3,43,1.67,1.01
60.3,43.3,43.01,1.68,1.01
60.4,43.3,43.02,1.68,1.01
60.5,43.3,43.02,1.68,1.01
60.6,43.3,43.03,1.68,1.01
60.7,43.3,43.03,1.69,1.01
60.8,43.3,43.04,1.69,1.01
60.9,43.3,43.04,1.69,1.01
61,43.3,43.05,1.69,1.02
61.1,43.3,43.05,1.69,1.02
61.2,43.3,43.05,1.7,1.02
61.3,43.3,43.05,1.7,1.02
61.4,43.3,43.06,1.7,1.02
61.5,43.3,43.06,1.7,1.02
61.6,43.3,43.06,1.7,1.02
61.7,43.3,43.06,1.7,1.02
61.8,43.3,43.05,1.7,1.02
61.9,43.3,43.05,1.7,1.02
62,43.3,43.05,1.7,1.02
62.1,43.3,43.05,1.7,1.02
62.2,43.3,43.04,1.7,1.02
62.3,43.3,43.03,1.7,1.02
62.4,43.3,43.03,1.7,1.03
62.5,43.3,43.02,1.7,1.03
62.6,43.3,43.01,1.7,1.03
62.7,43.3,43,1.7,1.03
62.8,43.3,42.99,1.69,1.03
62.9,43.3,42.98,1.69,1.03
63,43.3,42.97,1.69,1.03
63.1,43.3,42.95,1.69,1.03
63.2,43.3,42.94,1.68,1.03
63.3,43.3,42.92,1.68,1.03
63.4,43.3,42.9,1.68,1.03
63.5,43.3,42.88,1.68,1.04
63.6,43.3,42.86,1.67,1.04
63.7,43.3,42.84,1.67,1.04
63.8,43.3,42.81,1.67,1.04
63.9,43.3,42.79,1.66,1.04
64,43.3,42.76,1.66,1.04
64.1,43.3,42.73,1.65,1.04
64.2,43.3,42.7,1.65,1.04
64.3,43.3,42.67,1.64,1.04
64.4,43.3,42.64,1.64,1.04
64.5,43.3,42.61,1.64,1.05
64.6,43.3,42.57,1.63,1.05
64.7,43.3,42.53,1.62,1.05
64.8,43.3,42.49,1.62,1.05
64.9,43.3,42.45,1.61,1.05
65,43.3,42.41,1.61,1.05
65.1,43.3,42.36,1.6,1.05
65.2,43.3,42.31,1.6,1.05
65.3,43.3,42.26,1.59,1.06
65.4,43.3,42.21,1.58,1.06
65.5,43.3,42.16,1.58,1.06
65.6,43.3,42.1,1.57,1.06
65.7,43.3,42.05,1.56,1.06
65.8,43.3,41.99,1.55,1.06
65.9,43.3,41.93,1.55,1.06
66,43.3,41.86,1.54,1.06
66.1,43.3,41.8,1.53,1.07
58,43.4,42.88,1.6,1.01
58.1,43.4,42.88,1.61,1.01
58.2,43.4,42.89,1.62,1.01
58.3,43.4,42.9,1.62,1.01
58.4,43.4,42.9,1.63,1.01
58.5,43.4,42.91,1.63,1.01
58.6,43.4,42.91,1.64,1.01
58.7,43.4,42.92,1.64,1.01
58.8,43.4,42.93,1.65,1.01
58.9,43.4,42.94,1.65,1.01
59,43.4,42.94,1.66,1.01
59.1,43.4,42.95,1.66,1.01
59.2,43.4,42.96,1.67,1.01
59.3,43.4,42.97,1.67,1.01
59.4,43.4,42.98,1.68,1.01
59.5,43.4,42.98,1.68,1.01
59.6,43.4,42.99,1.68,1.01
59.7,43.4,43,1.69,1.01
59.8,43.4,43.01,1.69,1.01
59.9,43.4,43.02,1.7,1.01
60,43.4,43.02,1.7,1.01
60.1,43.4,43.03,1.7,1.02
60.2,43.4,43.04,1.71,1.02
60.3,43.4,43.04,1.71,1.02
60.4,43.4,43.05,1.71,1.02
60.5,43.4,43.06,1.71,1.02
60.6,43.4,43.06,1.72,1.02
60.7,43.4,43.07,1.72,1.02
60.8,43.4,43.07,1.72,1.02
60.9,43.4,43.08,1.72,1.02
61,43.4,43.08,1.73,1.02
61.1,43.4,43.08,1.73,1.02
61.2,43.4,43.09,1.73,1.02
61.3,43.4,43.09,1.73,1.02
61.4,43.4,43.09,1.73,1.02
61.5,43.4,43.09,1.73,1.02
61.6,43.4,43.09,1.73,1.02
61.7,43.4,43.09,1.73,1.03
61.8,43.4,43.09,1.73,1.03
61.9,43.4,43.09,1.73,1.03
62,43.4,43.08,1.73,1.03
62.1,43.4,43.08,1.73,1.03
62.2,43.4,43.08,1.73,1.03
62.3,43.4,43.07,1.73,1.03
62.4,43.4,43.06,1.73,1.03
62.5,43.4,43.06,1.73,1.03
62.6,43.4,43.05,1.73,1.03
62.7,43.4,43.04,1.73,1.03
62.8,43.4,43.03,1.73,1.03
62.9,43.4,43.01,1.72,1.04
63,43.4,43,1.72,1.04
63.1,43.4,42.99,1.72,1.04
63.2,43.4,42.97,1.72,1.04
63.3,43.4,42.95,1.71,1.04
63.4,43.4,42.94,1.71,1.04
63.5,43.4,42.92,1.71,1.04
63.6,43.4,42.9,1.7,1.04
63.7,43.4,42.87,1.7,1.04
63.8,43.4,42.85,1.7,1.04
63.9,43.4,42.83,1.69,1.04
64,43.4,42.8,1.69,1.05
64.1,43.4,42.77,1.68,1.05
64.2,43.4,42.74,1.68,1.05
64.3,43.4,42.71,1.67,1.05
64.4,43.4,42.68,1.67,1.05
64.5,43.4,42.64,1.66,1.05
64.6,43.4,42.61,1.66,1.05
64.7,43.4,42.57,1.65,1.05
64.8,43.4,42.53,1.65,1.05
64.9,43.4,42.49,1.64,1.06
65,43.4,42.44,1.64,1.06
65.1,43.4,42.4,1.63,1.06
65.2,43.4,42.35,1.62,1.06
65.3,43.4,42.3,1.62,1.06
65.4,43.4,42.25,1.61,1.06
65.5,43.4,42.2,1.6,1.06
65.6,43.4,42.14,1.6,1.06
65.7,43.4,42.08,1.59,1.07
65.8,43.4,42.03,1.58,1.07
65.9,43.4,41.96,1.57,1.07
66,43.4,41.9,1.57,1.07
66.1,43.4,41.83,1.56,1.07
58,43.5,42.91,1.63,1.01
58.1,43.5,42.92,1.64,1.01
58.2,43.5,42.92,1.65,1.01
58.3,43.5,42.93,1.65,1.01
58.4,43.5,42.94,1.66,1.01
58.5,43.5,42.94,1.66,1.01
58.6,43.5,42.95,1.67,1.02
58.7,43.5,42.96,1.67,1.02
58.8,43.5,42.96,1.68,1.02
58.9,43.5,42.97,1.68,1.02
59,43.5,42.98,1.69,1.02
59.1,43.5,42.99,1.69,1.02
59.2,43.5,42.99,1.7,1.02
59.3,43.5,43,1.7,1.02
59.4,43.5,43.01,1.71,1.02
59.5,43.5,43.02,1.71,1.02
59.6,43.5,43.03,1.72,1.02
59.7,43.5,43.03,1.72,1.02
59.8,43.5,43.04,1.72,1.02
59.9,43.5,43.05,1.73,1.02
60,43.5,43.06,1.73,1.02
60.1,43.5,43.06,1.74,1.02
60.2,43.5,43.07,1.74,1.02
60.3,43.5,43.08,1.74,1.02
60.4,43.5,43.08,1.74,1.02
60.5,43.5,43.09,1.75,1.02
60.6,43.5,43.1,1.75,1.02
60.7,43.5,43.1,1.75,1.02
60.8,43.5,43.11,1.75,1.02
60.9,43.5,43.11,1.76,1.03
61,43.5,43.12,1.76,1.03
61.1,43.5,43.12,1.76,1.03
61.2,43.5,43.12,1.76,1.03
61.3,43.5,43.12,1.76,1.03
61.4,43.5,43.13,1.76,1.03
61.5,43.5,43.13,1.76,1.03
61.6,43.5,43.13,1.77,1.03
61.7,43.5,43.13,1.77,1.03
61.8,43.5,43.12,1.77,1.03
61.9,43.5,43.12,1.77,1.03
62,43.5,43.12,1.77,1.03
62.1,43.5,43.12,1.77,1.03
62.2,43.5,43.11,1.76,1.03
62.3,43.5,43.11,1.76,1.04
62.4,43.5,43.1,1.76,1.04
62.5,43.5,43.09,1.76,1.04
62.6,43.5,43.08,1.76,1.04
62.7,43.5,43.07,1.76,1.04
62.8,43.5,43.06,1.76,1.04
62.9,43.5,43.05,1.76,1.04
63,43.5,43.04,1.75,1.04
63.1,43.5,43.02,1.75,1.04
63.2,43.5,43.01,1.75,1.04
63.3,43.5,42.99,1.75,1.04
63.4,43.5,42.97,1.74,1.04
63.5,43.5,42.95,1.74,1.05
63.6,43.5,42.93,1.74,1.05
63.7,43.5,42.91,1.73,1.05
63.8,43.5,42.89,1.73,1.05
63.9,43.5,42.86,1.72,1.05
64,43.5,42.83,1.72,1.05
64.1,43.5,42.81,1.71,1.05
64.2,43.5,42.78,1.71,1.05
64.3,43.5,42.75,1.71,1.05
64.4,43.5,42.71,1.7,1.05
64.5,43.5,42.68,1.69,1.06
64.6,43.5,42.64,1.69,1.06
64.7,43.5,42.6,1.68,1.06
64.8,43.5,42.56,1.68,1.06
64.9,43.5,42.52,1.67,1.06
65,43.5,42.48,1.67,1.06
65.1,43.5,42.43,1.66,1.06
65.2,43.5,42.39,1.65,1.06
65.3,43.5,42.34,1.65,1.06
65.4,43.5,42.29,1.64,1.07
65.5,43.5,42.23,1.63,1.07
65.6,43.5,42.18,1.62,1.07
65.7,43.5,42.12,1.62,1.07
65.8,43.5,42.06,1.61,1.07
65.9,43.5,42,1.6,1.07
66,43.5,41.94,1.59,1.07
66.1,43.5,41.87,1.59,1.07
58,43.6,42.95,1.67,1.02
58.1,43.6,42.95,1.67,1.02
58.2,43.6,42.96,1.68,1.02
58.3,43.6,42.96,1.68,1.02
58.4,43.6,42.97,1.69,1.02
58.5,43.6,42.98,1.7,1.02
58.6,43.6,42.98,1.7,1.02
58.7,43.6,42.99,1.71,1.02
58.8,43.6,43,1.71,1.02
58.9,43.6,43.01,1.72,1.02
59,43.6,43.01,1.72,1.02
59.1,43.6,43.02,1.73,1.02
59.2,43.6,43.03,1.73,1.02
59.3,43.6,43.04,1.74,1.02
59.4,43.6,43.05,1.74,1.02
59.5,43.6,43.05,1.75,1.02
59.6,43.6,43.06,1.75,1.02
59.7,43.6,43.07,1.75,1.02
59.8,43.6,43.08,1.76,1.03
59.9,43.6,43.08,1.76,1.03
60,43.6,43.09,1.77,1.03
60.1,43.6,43.1,1.77,1.03
60.2,43.6,43.11,1.77,1.03
60.3,43.6,43.11,1.77,1.03
60.4,43.6,43.12,1.78,1.03
60.5,43.6,43.13,1.78,1.03
60.6,43.6,43.13,1.78,1.03
60.7,43.6,43.14,1.79,1.03
60.8,43.6,43.14,1.79,1.03
60.9,43.6,43.15,1.79,1.03
61,43.6,43.15,1.79,1.03
61.1,43.6,43.15,1.79,1.03
61.2,43.6,43.16,1.79,1.03
61.3,43.6,43.16,1.8,1.03
61.4,43.6,43.16,1.8,1.03
61.5,43.6,43.16,1.8,1.03
61.6,43.6,43.16,1.8,1.04
61.7,43.6,43.16,1.8,1.04
61.8,43.6,43.16,1.8,1.04
61.9,43.6,43.16,1.8,1.04
62,43.6,43.15,1.8,1.04
62.1,43.6,43.15,1.8,1.04
62.2,43.6,43.15,1.8,1.04
62.3,43.6,43.14,1.8,1.04
62.4,43.6,43.13,1.8,1.04
62.5,43.6,43.13,1.79,1.04
62.6,43.6,43.12,1.79,1.04
62.7,43.6,43.11,1.79,1.04
62.8,43.6,43.1,1.79,1.04
62.9,43.6,43.09,1.79,1.05
63,43.6,43.07,1.79,1.05
63.1,43.6,43.06,1.78,1.05
63.2,43.6,43.04,1.78,1.05
63.3,43.6,43.03,1.78,1.05
63.4,43.6,43.01,1.77,1.05
63.5,43.6,42.99,1.77,1.05
63.6,43.6,42.97,1.77,1.05
63.7,43.6,42.95,1.76,1.05
63.8,43.6,42.92,1.76,1.05
63.9,43.6,42.9,1.75,1.05
64,43.6,42.87,1.75,1.06
64.1,43.6,42.84,1.75,1.06
64.2,43.6,42.81,1.74,1.06
64.3,43.6,42.78,1.74,1.06
64.4,43.6,42.75,1.73,1.06
64.5,43.6,42.71,1.73,1.06
64.6,43.6,42.68,1.72,1.06
64.7,43.6,42.64,1.71,1.06
64.8,43.6,42.6,1.71,1.06
64.9,43.6,42.56,1.7,1.07
65,43.6,42.51,1.7,1.07
65.1,43.6,42.47,1.69,1.07
65.2,43.6,42.42,1.68,1.07
65.3,43.6,42.37,1.67,1.07
65.4,43.6,42.32,1.67,1.07
65.5,43.6,42.27,1.66,1.07
65.6,43.6,42.21,1.65,1.07
65.7,43.6,42.16,1.65,1.07
65.8,43.6,42.1,1.64,1.08
65.9,43.6,42.04,1.63,1.08
66,43.6,41.97,1.62,1.08
66.1,43.6,41.91,1.61,1.08
58,43.7,42.98,1.7,1.03
58.1,43.7,42.99,1.7,1.03
58.2,43.7,42.99,1.71,1.03
58.3,43.7,43,1.72,1.03
58.4,43.7,43.01,1.72,1.03
58.5,43.7,43.01,1.73,1.03
58.6,43.7,43.02,1.73,1.03
58.7,43.7,43.03,1.74,1.03
58.8,43.7,43.03,1.74,1.03
58.9,43.7,43.04,1.75,1.03
59,43.7,43.05,1.75,1.03
59.1,43.7,43.06,1.76,1.03
59.2,43.7,43.06,1.76,1.03
59.3,43.7,43.07,1.77,1.03
59.4,43.7,43.08,1.77,1.03
59.5,43.7,43.09,1.78,1.03
59.6,43.7,43.1,1.78,1.03
59.7,43.7,43.1,1.79,1.03
59.8,43.7,43.11,1.79,1.03
59.9,43.7,43.12,1.79,1.03
60,43.7,43.13,1.8,1.03
60.1,43.7,43.13,1.8,1.03
60.2,43.7,43.14,1.8,1.03
60.3,43.7,43.15,1.81,1.03
60.4,43.7,43.15,1.81,1.03
60.5,43.7,43.16,1.81,1.03
60.6,43.7,43.17,1.82,1.04
60.7,43.7,43.17,1.82,1.04
60.8,43.7,43.18,1.82,1.04
60.9,43.7,43.18,1.82,1.04
61,43.7,43.18,1.82,1.04
61.1,43.7,43.19,1.83,1.04
61.2,43.7,43.19,1.83,1.04
61.3,43.7,43.19,1.83,1.04
61.4,43.7,43.19,1.83,1.04
61.5,43.7,43.2,1.83,1.04
61.6,43.7,43.2,1.83,1.04
61.7,43.7,43.2,1.83,1.04
61.8,43.7,43.19,1.83,1.04
61.9,43.7,43.19,1.83,1.04
62,43.7,43.19,1.83,1.04
62.1,43.7,43.19,1.83,1.04
62.2,43.7,43.18,1.83,1.05
62.3,43.7,43.18,1.83,1.05
62.4,43.7,43.17,1.83,1.05
62.5,43.7,43.16,1.83,1.05
62.6,43.7,43.15,1.83,1.05
62.7,43.7,43.14,1.82,1.05
62.8,43.7,43.13,1.82,1.05
62.9,43.7,43.12,1.82,1.05
63,43.7,43.11,1.82,1.05
63.1,43.7,43.09,1.81,1.05
63.2,43.7,43.08,1.81,1.05
63.3,43.7,43.06,1.81,1.05
63.4,43.7,43.04,1.81,1.06
63.5,43.7,43.02,1.8,1.06
63.6,43.7,43,1.8,1.06
63.7,43.7,42.98,1.79,1.06
63.8,43.7,42.96,1.79,1.06
63.9,43.7,42.93,1.79,1.06
64,43.7,42.91,1.78,1.06
64.1,43.7,42.88,1.78,1.06
64.2,43.7,42.85,1.77,1.06
64.3,43.7,42.82,1.77,1.06
64.4,43.7,42.78,1.76,1.06
64.5,43.7,42.75,1.76,1.07
64.6,43.7,42.71,1.75,1.07
64.7,43.7,42.68,1.74,1.07
64.8,43.7,42.64,1.74,1.07
64.9,43.7,42.59,1.73,1.07
65,43.7,42.55,1.72,1.07
65.1,43.7,42.51,1.72,1.07
65.2,43.7,42.46,1.71,1.07
65.3,43.7,42.41,1.7,1.07
65.4,43.7,42.36,1.7,1.08
65.5,43.7,42.31,1.69,1.08
65.6,43.7,42.25,1.68,1.08
65.7,43.7,42.19,1.67,1.08
65.8,43.7,42.13,1.67,1.08
65.9,43.7,42.07,1.66,1.08
66,43.7,42.01,1.65,1.08
66.1,43.7,41.94,1.64,1.08
58,43.8,43.02,1.73,1.03
58.1,43.8,43.02,1.73,1.03
58.2,43.8,43.03,1.74,1.03
58.3,43.8,43.03,1.75,1.03
58.4,43.8,43.04,1.75,1.03
58.5,43.8,43.05,1.76,1.03
58.6,43.8,43.05,1.76,1.03
58.7,43.8,43.06,1.77,1.03
58.8,43.8,43.07,1.78,1.03
58.9,43.8,43.08,1.78,1.03
59,43.8,43.08,1.79,1.03
59.1,43.8,43.09,1.79,1.03
59.2,43.8,43.1,1.8,1.03
59.3,43.8,43.11,1.8,1.04
59.4,43.8,43.11,1.81,1.04
59.5,43.8,43.12,1.81,1.04
59.6,43.8,43.13,1.82,1.04
59.7,43.8,43.14,1.82,1.04
59.8,43.8,43.15,1.82,1.04
59.9,43.8,43.15,1.83,1.04
60,43.8,43.16,1.83,1.04
60.1,43.8,43.17,1.83,1.04
60.2,43.8,43.18,1.84,1.04
60.3,43.8,43.18,1.84,1.04
60.4,43.8,43.19,1.84,1.04
60.5,43.8,43.19,1.85,1.04
60.6,43.8,43.2,1.85,1.04
60.7,43.8,43.21,1.85,1.04
60.8,43.8,43.21,1.85,1.04
60.9,43.8,43.22,1.86,1.04
61,43.8,43.22,1.86,1.04
61.1,43.8,43.22,1.86,1.04
61.2,43.8,43.23,1.86,1.04
61.3,43.8,43.23,1.86,1.04
61.4,43.8,43.23,1.86,1.05
61.5,43.8,43.23,1.86,1.05
61.6,43.8,43.23,1.86,1.05
61.7,43.8,43.23,1.87,1.05
61.8,43.8,43.23,1.87,1.05
61.9,43.8,43.23,1.87,1.05
62,43.8,43.22,1.87,1.05
62.1,43.8,43.22,1.86,1.05
62.2,43.8,43.22,1.86,1.05
62.3,43.8,43.21,1.86,1.05
62.4,43.8,43.2,1.86,1.05
62.5,43.8,43.2,1.86,1.05
62.6,43.8,43.19,1.86,1.05
62.7,43.8,43.18,1.86,1.05
62.8,43.8,43.17,1.85,1.06
62.9,43.8,43.16,1.85,1.06
63,43.8,43.14,1.85,1.06
63.1,43.8,43.13,1.85,1.06
63.2,43.8,43.11,1.84,1.06
63.3,43.8,43.1,1.84,1.06
63.4,43.8,43.08,1.84,1.06
63.5,43.8,43.06,1.83,1.06
63.6,43.8,43.04,1.83,1.06
63.7,43.8,43.02,1.83,1.06
63.8,43.8,42.99,1.82,1.06
63.9,43.8,42.97,1.82,1.06
64,43.8,42.94,1.81,1.07
64.1,43.8,42.91,1.81,1.07
64.2,43.8,42.88,1.8,1.07
64.3,43.8,42.85,1.8,1.07
64.4,43.8,42.82,1.79,1.07
64.5,43.8,42.79,1.79,1.07
64.6,43.8,42.75,1.78,1.07
64.7,43.8,42.71,1.77,1.07
64.8,43.8,42.67,1.77,1.07
64.9,43.8,42.63,1.76,1.07
65,43.8,42.59,1.75,1.08
65.1,43.8,42.54,1.75,1.08
65.2,43.8,42.49,1.74,1.08
65.3,43.8,42.45,1.73,1.08
65.4,43.8,42.4,1.73,1.08
65.5,43.8,42.34,1.72,1.08
65.6,43.8,42.29,1.71,1.08
65.7,43.8,42.23,1.7,1.08
65.8,43.8,42.17,1.69,1.09
65.9,43.8,42.11,1.69,1.09
66,43.8,42.05,1.68,1.09
66.1,43.8,41.98,1.67,1.09
58,43.9,43.05,1.76,1.04
58.1,43.9,43.06,1.77,1.04
58.2,43.9,43.06,1.77,1.04
58.3,43.9,43.07,1.78,1.04
58.4,43.9,43.07,1.79,1.04
58.5,43.9,43.08,1.79,1.04
58.6,43.9,43.09,1.8,1.04
58.7,43.9,43.09,1.8,1.04
58.8,43.9,43.1,1.81,1.04
58.9,43.9,43.11,1.81,1.04
59,43.9,43.12,1.82,1.04
59.1,43.9,43.13,1.82,1.04
59.2,43.9,43.13,1.83,1.04
59.3,43.9,43.14,1.83,1.04
59.4,43.9,43.15,1.84,1.04
59.5,43.9,43.16,1.84,1.04
59.6,43.9,43.16,1.85,1.04
59.7,43.9,43.17,1.85,1.04
59.8,43.9,43.18,1.86,1.04
59.9,43.9,43.19,1.86,1.04
60,43.9,43.2,1.86,1.04
60.1,43.9,43.2,1.87,1.04
60.2,43.9,43.21,1.87,1.04
60.3,43.9,43.22,1.87,1.04
60.4,43.9,43.22,1.88,1.05
60.5,43.9,43.23,1.88,1.05
60.6,43.9,43.24,1.88,1.05
60.7,43.9,43.24,1.89,1.05
60.8,43.9,43.25,1.89,1.05
60.9,43.9,43.25,1.89,1.05
61,43.9,43.25,1.89,1.05
61.1,43.9,43.26,1.89,1.05
61.2,43.9,43.26,1.89,1.05
61.3,43.9,43.26,1.9,1.05
61.4,43.9,43.26,1.9,1.05
61.5,43.9,43.27,1.9,1.05
61.6,43.9,43.27,1.9,1.05
61.7,43.9,43.27,1.9,1.05
61.8,43.9,43.26,1.9,1.05
61.9,43.9,43.26,1.9,1.05
62,43.9,43.26,1.9,1.05
62.1,43.9,43.26,1.9,1.06
62.2,43.9,43.25,1.9,1.06
62.3,43.9,43.25,1.9,1.06
62.4,43.9,43.24,1.9,1.06
62.5,43.9,43.23,1.89,1.06
62.6,43.9,43.22,1.89,1.06
62.7,43.9,43.21,1.89,1.06
62.8,43.9,43.2,1.89,1.06
62.9,43.9,43.19,1.89,1.06
63,43.9,43.18,1.88,1.06
63.1,43.9,43.16,1.88,1.06
63.2,43.9,43.15,1.88,1.06
63.3,43.9,43.13,1.87,1.06
63.4,43.9,43.11,1.87,1.07
63.5,43.9,43.09,1.87,1.07
63.6,43.9,43.07,1.86,1.07
63.7,43.9,43.05,1.86,1.07
63.8,43.9,43.03,1.85,1.07
63.9,43.9,43,1.85,1.07
64,43.9,42.98,1.84,1.07
64.1,43.9,42.95,1.84,1.07
64.2,43.9,42.92,1.83,1.07
64.3,43.9,42.89,1.83,1.07
64.4,43.9,42.86,1.82,1.07
64.5,43.9,42.82,1.82,1.08
64.6,43.9,42.79,1.81,1.08
64.7,43.9,42.75,1.81,1.08
64.8,43.9,42.71,1.8,1.08
64.9,43.9,42.67,1.79,1.08
65,43.9,42.62,1.79,1.08
65.1,43.9,42.58,1.78,1.08
65.2,43.9,42.53,1.77,1.08
65.3,43.9,42.48,1.76,1.08
65.4,43.9,42.43,1.76,1.09
65.5,43.9,42.38,1.75,1.09
65.6,43.9,42.32,1.74,1.09
65.7,43.9,42.27,1.73,1.09
65.8,43.9,42.21,1.72,1.09
65.9,43.9,42.15,1.71,1.09
66,43.9,42.08,1.71,1.09
66.1,43.9,42.02,1.7,1.09
58,44,43.09,1.79,1.04
58.1,44,43.09,1.8,1.04
58.2,44,43.1,1.8,1.04
58.3,44,43.1,1.81,1.04
58.4,44,43.11,1.82,1.04
58.5,44,43.12,1.82,1.04
58.6,44,43.12,1.83,1.05
58.7,44,43.13,1.84,1.05
58.8,44,43.14,1.84,1.05
58.9,44,43.14,1.85,1.05
59,44,43.15,1.85,1.05
59.1,44,43.16,1.86,1.05
59.2,44,43.17,1.86,1.05
59.3,44,43.18,1.87,1.05
59.4,44,43.18,1.87,1.05
59.5,44,43.19,1.88,1.05
59.6,44,43.2,1.88,1.05
59.7,44,43.21,1.89,1.05
59.8,44,43.22,1.89,1.05
59.9,44,43.22,1.89,1.05
60,44,43.23,1.9,1.05
60.1,44,43.24,1.9,1.05
60.2,44,43.24,1.91,1.05
60.3,44,43.25,1.91,1.05
60.4,44,43.26,1.91,1.05
60.5,44,43.26,1.91,1.05
60.6,44,43.27,1.92,1.05
60.7,44,43.28,1.92,1.05
60.8,44,43.28,1.92,1.05
60.9,44,43.28,1.92,1.05
61,44,43.29,1.93,1.05
61.1,44,43.29,1.93,1.05
61.2,44,43.3,1.93,1.06
61.3,44,43.3,1.93,1.06
61.4,44,43.3,1.93,1.06
61.5,44,43.3,1.93,1.06
61.6,44,43.3,1.93,1.06
61.7,44,43.3,1.93,1.06
61.8,44,43.3,1.93,1.06
61.9,44,43.3,1.93,1.06
62,44,43.29,1.93,1.06
62.1,44,43.29,1.93,1.06
62.2,44,43.29,1.93,1.06
62.3,44,43.28,1.93,1.06
62.4,44,43.27,1.93,1.06
62.5,44,43.27,1.93,1.06
62.6,44,43.26,1.93,1.06
62.7,44,43.25,1.92,1.07
62.8,44,43.24,1.92,1.07
62.9,44,43.23,1.92,1.07
63,44,43.21,1.92,1.07
63.1,44,43.2,1.91,1.07
63.2,44,43.18,1.91,1.07
63.3,44,43.17,1.91,1.07
63.4,44,43.15,1.9,1.07
63.5,44,43.13,1.9,1.07
63.6,44,43.11,1.9,1.07
63.7,44,43.09,1.89,1.07
63.8,44,43.06,1.89,1.07
63.9,44,43.04,1.88,1.08
64,44,43.01,1.88,1.08
64.1,44,42.98,1.87,1.08
64.2,44,42.96,1.87,1.08
64.3,44,42.92,1.86,1.08
64.4,44,42.89,1.86,1.08
64.5,44,42.86,1.85,1.08
64.6,44,42.82,1.84,1.08
64.7,44,42.78,1.84,1.08
64.8,44,42.74,1.83,1.08
64.9,44,42.7,1.82,1.08
65,44,42.66,1.82,1.09
65.1,44,42.61,1.81,1.09
65.2,44,42.57,1.8,1.09
65.3,44,42.52,1.79,1.09
65.4,44,42.47,1.79,1.09
65.5,44,42.42,1.78,1.09
65.6,44,42.36,1.77,1.09
65.7,44,42.3,1.76,1.09
65.8,44,42.24,1.75,1.09
65.9,44,42.18,1.74,1.1
66,44,42.12,1.73,1.1
66.1,44,42.05,1.72,1.1
58,44.1,43.12,1.82,1.05
58.1,44.1,43.13,1.83,1.05
58.2,44.1,43.13,1.84,1.05
58.3,44.1,43.14,1.84,1.05
58.4,44.1,43.14,1.85,1.05
58.5,44.1,43.15,1.86,1.05
58.6,44.1,43.16,1.86,1.05
58.7,44.1,43.16,1.87,1.05
58.8,44.1,43.17,1.87,1.05
58.9,44.1,43.18,1.88,1.05
59,44.1,43.19,1.89,1.05
59.1,44.1,43.19,1.89,1.05
59.2,44.1,43.2,1.9,1.05
59.3,44.1,43.21,1.9,1.05
59.4,44.1,43.22,1.91,1.05
59.5,44.1,43.23,1.91,1.05
59.6,44.1,43.23,1.92,1.05
59.7,44.1,43.24,1.92,1.05
59.8,44.1,43.25,1.92,1.05
59.9,44.1,43.26,1.93,1.06
60,44.1,43.26,1.93,1.06
60.1,44.1,43.27,1.94,1.06
60.2,44.1,43.28,1.94,1.06
60.3,44.1,43.29,1.94,1.06
60.4,44.1,43.29,1.95,1.06
60.5,44.1,43.3,1.95,1.06
60.6,44.1,43.3,1.95,1.06
60.7,44.1,43.31,1.95,1.06
60.8,44.1,43.32,1.96,1.06
60.9,44.1,43.32,1.96,1.06
61,44.1,43.32,1.96,1.06
61.1,44.1,43.33,1.96,1.06
61.2,44.1,43.33,1.96,1.06
61.3,44.1,43.33,1.96,1.06
61.4,44.1,43.33,1.97,1.06
61.5,44.1,43.34,1.97,1.06
61.6,44.1,43.34,1.97,1.06
61.7,44.1,43.33,1.97,1.06
61.8,44.1,43.33,1.97,1.06
61.9,44.1,43.33,1.97,1.07
62,44.1,43.33,1.97,1.07
62.1,44.1,43.33,1.97,1.07
62.2,44.1,43.32,1.96,1.07
62.3,44.1,43.32,1.96,1.07
62.4,44.1,43.31,1.96,1.07
62.5,44.1,43.3,1.96,1.07
62.6,44.1,43.29,1.96,1.07
62.7,44.1,43.28,1.96,1.07
62.8,44.1,43.27,1.95,1.07
62.9,44.1,43.26,1.95,1.07
63,44.1,43.25,1.95,1.07
63.1,44.1,43.23,1.95,1.07
63.2,44.1,43.22,1.94,1.07
63.3,44.1,43.2,1.94,1.08
63.4,44.1,43.18,1.94,1.08
63.5,44.1,43.17,1.93,1.08
63.6,44.1,43.14,1.93,1.08
63.7,44.1,43.12,1.92,1.08
63.8,44.1,43.1,1.92,1.08
63.9,44.1,43.07,1.91,1.08
64,44.1,43.05,1.91,1.08
64.1,44.1,43.02,1.9,1.08
64.2,44.1,42.99,1.9,1.08
64.3,44.1,42.96,1.89,1.08
64.4,44.1,42.93,1.89,1.09
64.5,44.1,42.89,1.88,1.09
64.6,44.1,42.86,1.87,1.09
64.7,44.1,42.82,1.87,1.09
64.8,44.1,42.78,1.86,1.09
64.9,44.1,42.74,1.85,1.09
65,44.1,42.7,1.85,1.09
65.1,44.1,42.65,1.84,1.09
65.2,44.1,42.6,1.83,1.09
65.3,44.1,42.55,1.82,1.09
65.4,44.1,42.5,1.82,1.1
65.5,44.1,42.45,1.81,1.1
65.6,44.1,42.4,1.8,1.1
65.7,44.1,42.34,1.79,1.1
65.8,44.1,42.28,1.78,1.1
65.9,44.1,42.22,1.77,1.1
66,44.1,42.16,1.76,1.1
66.1,44.1,42.09,1.75,1.1
58,44.2,43.16,1.86,1.06
58.1,44.2,43.16,1.86,1.06
58.2,44.2,43.17,1.87,1.06
58.3,44.2,43.17,1.88,1.06
58.4,44.2,43.18,1.88,1.06
58.5,44.2,43.18,1.89,1.06
58.6,44.2,43.19,1.9,1.06
58.7,44.2,43.2,1.9,1.06
58.8,44.2,43.21,1.91,1.06
58.9,44.2,43.21,1.91,1.06
59,44.2,43.22,1.92,1.06
59.1,44.2,43.23,1.92,1.06
59.2,44.2,43.24,1.93,1.06
59.3,44.2,43.24,1.93,1.06
59.4,44.2,43.25,1.94,1.06
59.5,44.2,43.26,1.94,1.06
59.6,44.2,43.27,1.95,1.06
59.7,44.2,43.28,1.95,1.06
59.8,44.2,43.28,1.96,1.06
59.9,44.2,43.29,1.96,1.06
60,44.2,43.3,1.97,1.06
60.1,44.2,43.31,1.97,1.06
60.2,44.2,43.31,1.97,1.06
60.3,44.2,43.32,1.98,1.06
60.4,44.2,43.33,1.98,1.06
60.5,44.2,43.33,1.98,1.06
60.6,44.2,43.34,1.99,1.06
60.7,44.2,43.34,1.99,1.06
60.8,44.2,43.35,1.99,1.06
60.9,44.2,43.35,1.99,1.07
61,44.2,43.36,1.99,1.07
61.1,44.2,43.36,2,1.07
61.2,44.2,43.36,2,1.07
61.3,44.2,43.37,2,1.07
61.4,44.2,43.37,2,1.07
61.5,44.2,43.37,2,1.07
61.6,44.2,43.37,2,1.07
61.7,44.2,43.37,2,1.07
61.8,44.2,43.37,2,1.07
61.9,44.2,43.37,2,1.07
62,44.2,43.36,2,1.07
62.1,44.2,43.36,2,1.07
62.2,44.2,43.36,2,1.07
62.3,44.2,43.35,2,1.07
62.4,44.2,43.34,2,1.07
62.5,44.2,43.34,1.99,1.07
62.6,44.2,43.33,1.99,1.08
62.7,44.2,43.32,1.99,1.08
62.8,44.2,43.31,1.99,1.08
62.9,44.2,43.3,1.99,1.08
63,44.2,43.28,1.98,1.08
63.1,44.2,43.27,1.98,1.08
63.2,44.2,43.25,1.98,1.08
63.3,44.2,43.24,1.97,1.08
63.4,44.2,43.22,1.97,1.08
63.5,44.2,43.2,1.97,1.08
63.6,44.2,43.18,1.96,1.08
63.7,44.2,43.16,1.96,1.08
63.8,44.2,43.13,1.95,1.08
63.9,44.2,43.11,1.95,1.09
64,44.2,43.08,1.94,1.09
64.1,44.2,43.06,1.94,1.09
64.2,44.2,43.03,1.93,1.09
64.3,44.2,43,1.92,1.09
64.4,44.2,42.96,1.92,1.09
64.5,44.2,42.93,1.91,1.09
64.6,44.2,42.89,1.91,1.09
64.7,44.2,42.86,1.9,1.09
64.8,44.2,42.82,1.89,1.09
64.9,44.2,42.77,1.88,1.1
65,44.2,42.73,1.88,1.1
65.1,44.2,42.69,1.87,1.1
65.2,44.2,42.64,1.86,1.1
65.3,44.2,42.59,1.85,1.1
65.4,44.2,42.54,1.85,1.1
65.5,44.2,42.49,1.84,1.1
65.6,44.2,42.43,1.83,1.1
65.7,44.2,42.38,1.82,1.1
65.8,44.2,42.32,1.81,1.1
65.9,44.2,42.26,1.8,1.11
66,44.2,42.19,1.79,1.11
66.1,44.2,42.13,1.78,1.11
58,44.3,43.19,1.89,1.06
58.1,44.3,43.2,1.9,1.06
58.2,44.3,43.2,1.9,1.06
58.3,44.3,43.21,1.91,1.06
58.4,44.3,43.21,1.92,1.06
58.5,44.3,43.22,1.92,1.06
58.6,44.3,43.23,1.93,1.06
58.7,44.3,43.23,1.93,1.06
58.8,44.3,43.24,1.94,1.06
58.9,44.3,43.25,1.95,1.06
59,44.3,43.26,1.95,1.06
59.1,44.3,43.26,1.96,1.06
59.2,44.3,43.27,1.96,1.06
59.3,44.3,43.28,1.97,1.07
59.4,44.3,43.29,1.97,1.07
59.5,44.3,43.3,1.98,1.07
59.6,44.3,43.3,1.98,1.07
59.7,44.3,43.31,1.99,1.07
59.8,44.3,43.32,1.99,1.07
59.9,44.3,43.33,2,1.07
60,44.3,43.33,2,1.07
60.1,44.3,43.34,2,1.07
60.2,44.3,43.35,2.01,1.07
60.3,44.3,43.36,2.01,1.07
60.4,44.3,43.36,2.01,1.07
60.5,44.3,43.37,2.02,1.07
60.6,44.3,43.37,2.02,1.07
60.7,44.3,43.38,2.02,1.07
60.8,44.3,43.38,2.02,1.07
60.9,44.3,43.39,2.03,1.07
61,44.3,43.39,2.03,1.07
61.1,44.3,43.4,2.03,1.07
61.2,44.3,43.4,2.03,1.07
61.3,44.3,43.4,2.03,1.07
61.4,44.3,43.4,2.03,1.07
61.5,44.3,43.4,2.03,1.07
61.6,44.3,43.4,2.04,1.07
61.7,44.3,43.4,2.04,1.08
61.8,44.3,43.4,2.04,1.08
61.9,44.3,43.4,2.04,1.08
62,44.3,43.4,2.04,1.08
62.1,44.3,43.4,2.03,1.08
62.2,44.3,43.39,2.03,1.08
62.3,44.3,43.39,2.03,1.08
62.4,44.3,43.38,2.03,1.08
62.5,44.3,43.37,2.03,1.08
62.6,44.3,43.36,2.03,1.08
62.7,44.3,43.35,2.03,1.08
62.8,44.3,43.34,2.02,1.08
62.9,44.3,43.33,2.02,1.08
63,44.3,43.32,2.02,1.08
63.1,44.3,43.3,2.01,1.08
63.2,44.3,43.29,2.01,1.09
63.3,44.3,43.27,2.01,1.09
63.4,44.3,43.26,2,1.09
63.5,44.3,43.24,2,1.09
63.6,44.3,43.22,1.99,1.09
63.7,44.3,43.19,1.99,1.09
63.8,44.3,43.17,1.98,1.09
63.9,44.3,43.15,1.98,1.09
64,44.3,43.12,1.97,1.09
64.1,44.3,43.09,1.97,1.09
64.2,44.3,43.06,1.96,1.09
64.3,44.3,43.03,1.96,1.09
64.4,44.3,43,1.95,1.1
64.5,44.3,42.96,1.94,1.1
64.6,44.3,42.93,1.94,1.1
64.7,44.3,42.89,1.93,1.1
64.8,44.3,42.85,1.92,1.1
64.9,44.3,42.81,1.92,1.1
65,44.3,42.77,1.91,1.1
65.1,44.3,42.72,1.9,1.1
65.2,44.3,42.68,1.89,1.1
65.3,44.3,42.63,1.88,1.1
65.4,44.3,42.58,1.88,1.11
65.5,44.3,42.52,1.87,1.11
65.6,44.3,42.47,1.86,1.11
65.7,44.3,42.41,1.85,1.11
65.8,44.3,42.35,1.84,1.11
65.9,44.3,42.29,1.83,1.11
66,44.3,42.23,1.82,1.11
66.1,44.3,42.16,1.81,1.11
58,44.4,43.22,1.92,1.07
58.1,44.4,43.23,1.93,1.07
58.2,44.4,43.23,1.93,1.07
58.3,44.4,43.24,1.94,1.07
58.4,44.4,43.25,1.95,1.07
58.5,44.4,43.25,1.96,1.07
58.6,44.4,43.26,1.96,1.07
58.7,44.4,43.27,1.97,1.07
58.8,44.4,43.27,1.97,1.07
58.9,44.4,43.28,1.98,1.07
59,44.4,43.29,1.99,1.07
59.1,44.4,43.3,1.99,1.07
59.2,44.4,43.31,2,1.07
59.3,44.4,43.31,2,1.07
59.4,44.4,43.32,2.01,1.07
59.5,44.4,43.33,2.01,1.07
59.6,44.4,43.34,2.02,1.07
59.7,44.4,43.35,2.02,1.07
59.8,44.4,43.35,2.03,1.07
59.9,44.4,43.36,2.03,1.07
60,44.4,43.37,2.03,1.07
60.1,44.4,43.38,2.04,1.07
60.2,44.4,43.38,2.04,1.07
60.3,44.4,43.39,2.05,1.07
60.4,44.4,43.4,2.05,1.07
60.5,44.4,43.4,2.05,1.08
60.6,44.4,43.41,2.05,1.08
60.7,44.4,43.41,2.06,1.08
60.8,44.4,43.42,2.06,1.08
60.9,44.4,43.42,2.06,1.08
61,44.4,43.43,2.06,1.08
61.1,44.4,43.43,2.07,1.08
61.2,44.4,43.43,2.07,1.08
61.3,44.4,43.44,2.07,1.08
61.4,44.4,43.44,2.07,1.08
61.5,44.4,43.44,2.07,1.08
61.6,44.4,43.44,2.07,1.08
61.7,44.4,43.44,2.07,1.08
61.8,44.4,43.44,2.07,1.08
61.9,44.4,43.44,2.07,1.08
62,44.4,43.43,2.07,1.08
62.1,44.4,43.43,2.07,1.08
62.2,44.4,43.43,2.07,1.08
62.3,44.4,43.42,2.07,1.08
62.4,44.4,43.41,2.07,1.09
62.5,44.4,43.41,2.06,1.09
62.6,44.4,43.4,2.06,1.09
62.7,44.4,43.39,2.06,1.09
62.8,44.4,43.38,2.06,1.09
62.9,44.4,43.37,2.05,1.09
63,44.4,43.35,2.05,1.09
63.1,44.4,43.34,2.05,1.09
63.2,44.4,43.32,2.04,1.09
63.3,44.4,43.31,2.04,1.09
63.4,44.4,43.29,2.04,1.09
63.5,44.4,43.27,2.03,1.09
63.6,44.4,43.25,2.03,1.09
63.7,44.4,43.23,2.02,1.09
63.8,44.4,43.21,2.02,1.1
63.9,44.4,43.18,2.01,1.1
64,44.4,43.15,2.01,1.1
64.1,44.4,43.13,2,1.1
64.2,44.4,43.1,2,1.1
64.3,44.4,43.07,1.99,1.1
64.4,44.4,43.03,1.98,1.1
64.5,44.4,43,1.98,1.1
64.6,44.4,42.96,1.97,1.1
64.7,44.4,42.93,1.96,1.1
64.8,44.4,42.89,1.96,1.1
64.9,44.4,42.85,1.95,1.11
65,44.4,42.8,1.94,1.11
65.1,44.4,42.76,1.93,1.11
65.2,44.4,42.71,1.92,1.11
65.3,44.4,42.66,1.92,1.11
65.4,44.4,42.61,1.91,1.11
65.5,44.4,42.56,1.9,1.11
65.6,44.4,42.51,1.89,1.11
65.7,44.4,42.45,1.88,1.11
65.8,44.4,42.39,1.87,1.11
65.9,44.4,42.33,1.86,1.12
66,44.4,42.27,1.85,1.12
66.1,44.4,42.2,1.84,1.12
58,44.5,43.26,1.95,1.08
58.1,44.5,43.26,1.96,1.08
58.2,44.5,43.27,1.97,1.08
58.3,44.5,43.28,1.97,1.08
58.4,44.5,43.28,1.98,1.08
58.5,44.5,43.29,1.99,1.08
58.6,44.5,43.29,1.99,1.08
58.7,44.5,43.3,2,1.08
58.8,44.5,43.31,2.01,1.08
58.9,44.5,43.32,2.01,1.08
59,44.5,43.32,2.02,1.08
59.1,44.5,43.33,2.03,1.08
59.2,44.5,43.34,2.03,1.08
59.3,44.5,43.35,2.04,1.08
59.4,44.5,43.36,2.04,1.08
59.5,44.5,43.36,2.05,1.08
59.6,44.5,43.37,2.05,1.08
59.7,44.5,43.38,2.06,1.08
59.8,44.5,43.39,2.06,1.08
59.9,44.5,43.4,2.07,1.08
60,44.5,43.4,2.07,1.08
60.1,44.5,43.41,2.07,1.08
60.2,44.5,43.42,2.08,1.08
60.3,44.5,43.42,2.08,1.08
60.4,44.5,43.43,2.08,1.08
60.5,44.5,43.44,2.09,1.08
60.6,44.5,43.44,2.09,1.08
60.7,44.5,43.45,2.09,1.08
60.8,44.5,43.45,2.09,1.08
60.9,44.5,43.46,2.1,1.08
61,44.5,43.46,2.1,1.08
61.1,44.5,43.47,2.1,1.08
61.2,44.5,43.47,2.1,1.08
61.3,44.5,43.47,2.1,1.08
61.4,44.5,43.47,2.1,1.09
61.5,44.5,43.47,2.1,1.09
61.6,44.5,43.47,2.11,1.09
61.7,44.5,43.47,2.11,1.09
61.8,44.5,43.47,2.11,1.09
61.9,44.5,43.47,2.1,1.09
62,44.5,43.47,2.1,1.09
62.1,44.5,43.46,2.1,1.09
62.2,44.5,43.46,2.1,1.09
62.3,44.5,43.46,2.1,1.09
62.4,44.5,43.45,2.1,1.09
62.5,44.5,43.44,2.1,1.09
62.6,44.5,43.43,2.1,1.09
62.7,44.5,43.42,2.09,1.09
62.8,44.5,43.41,2.09,1.09
62.9,44.5,43.4,2.09,1.09
63,44.5,43.39,2.09,1.09
63.1,44.5,43.37,2.08,1.1
63.2,44.5,43.36,2.08,1.1
63.3,44.5,43.34,2.07,1.1
63.4,44.5,43.33,2.07,1.1
63.5,44.5,43.31,2.07,1.1
63.6,44.5,43.29,2.06,1.1
63.7,44.5,43.26,2.06,1.1
63.8,44.5,43.24,2.05,1.1
63.9,44.5,43.22,2.05,1.1
64,44.5,43.19,2.04,1.1
64.1,44.5,43.16,2.03,1.1
64.2,44.5,43.13,2.03,1.1
64.3,44.5,43.1,2.02,1.11
64.4,44.5,43.07,2.02,1.11
64.5,44.5,43.04,2.01,1.11
64.6,44.5,43,2,1.11
64.7,44.5,42.96,1.99,1.11
64.8,44.5,42.92,1.99,1.11
64.9,44.5,42.88,1.98,1.11
65,44.5,42.84,1.97,1.11
65.1,44.5,42.79,1.96,1.11
65.2,44.5,42.75,1.95,1.11
65.3,44.5,42.7,1.95,1.11
65.4,44.5,42.65,1.94,1.12
65.5,44.5,42.6,1.93,1.12
65.6,44.5,42.54,1.92,1.12
65.7,44.5,42.49,1.91,1.12
65.8,44.5,42.43,1.9,1.12
65.9,44.5,42.37,1.89,1.12
66,44.5,42.3,1.88,1.12
66.1,44.5,42.24,1.87,1.12
58,44.6,43.29,1.99,1.08
58.1,44.6,43.3,1.99,1.08
58.2,44.6,43.3,2,1.08
58.3,44.6,43.31,2.01,1.08
58.4,44.6,43.32,2.01,1.08
58.5,44.6,43.32,2.02,1.08
58.6,44.6,43.33,2.03,1.08
58.7,44.6,43.34,2.03,1.08
58.8,44.6,43.34,2.04,1.08
58.9,44.6,43.35,2.05,1.08
59,44.6,43.36,2.05,1.08
59.1,44.6,43.37,2.06,1.08
59.2,44.6,43.37,2.07,1.08
59.3,44.6,43.38,2.07,1.08
59.4,44.6,43.39,2.08,1.08
59.5,44.6,43.4,2.08,1.08
59.6,44.6,43.41,2.09,1.08
59.7,44.6,43.41,2.09,1.08
59.8,44.6,43.42,2.1,1.08
59.9,44.6,43.43,2.1,1.09
60,44.6,43.44,2.1,1.09
60.1,44.6,43.44,2.11,1.09
60.2,44.6,43.45,2.11,1.09
60.3,44.6,43.46,2.12,1.09
60.4,44.6,43.47,2.12,1.09
60.5,44.6,43.47,2.12,1.09
60.6,44.6,43.48,2.12,1.09
60.7,44.6,43.48,2.13,1.09
60.8,44.6,43.49,2.13,1.09
60.9,44.6,43.49,2.13,1.09
61,44.6,43.5,2.13,1.09
61.1,44.6,43.5,2.14,1.09
61.2,44.6,43.5,2.14,1.09
61.3,44.6,43.51,2.14,1.09
61.4,44.6,43.51,2.14,1.09
61.5,44.6,43.51,2.14,1.09
61.6,44.6,43.51,2.14,1.09
61.7,44.6,43.51,2.14,1.09
61.8,44.6,43.51,2.14,1.09
61.9,44.6,43.51,2.14,1.09
62,44.6,43.5,2.14,1.09
62.1,44.6,43.5,2.14,1.09
62.2,44.6,43.5,2.14,1.1
62.3,44.6,43.49,2.14,1.1
62.4,44.6,43.48,2.13,1.1
62.5,44.6,43.48,2.13,1.1
62.6,44.6,43.47,2.13,1.1
62.7,44.6,43.46,2.13,1.1
62.8,44.6,43.45,2.13,1.1
62.9,44.6,43.44,2.12,1.1
63,44.6,43.42,2.12,1.1
63.1,44.6,43.41,2.12,1.1
63.2,44.6,43.39,2.11,1.1
63.3,44.6,43.38,2.11,1.1
63.4,44.6,43.36,2.1,1.1
63.5,44.6,43.34,2.1,1.1
63.6,44.6,43.32,2.1,1.1
63.7,44.6,43.3,2.09,1.11
63.8,44.6,43.28,2.09,1.11
63.9,44.6,43.25,2.08,1.11
64,44.6,43.23,2.07,1.11
64.1,44.6,43.2,2.07,1.11
64.2,44.6,43.17,2.06,1.11
64.3,44.6,43.14,2.06,1.11
64.4,44.6,43.11,2.05,1.11
64.5,44.6,43.07,2.04,1.11
64.6,44.6,43.04,2.03,1.11
64.7,44.6,43,2.03,1.11
64.8,44.6,42.96,2.02,1.12
64.9,44.6,42.92,2.01,1.12
65,44.6,42.88,2,1.12
65.1,44.6,42.83,1.99,1.12
65.2,44.6,42.78,1.99,1.12
65.3,44.6,42.74,1.98,1.12
65.4,44.6,42.68,1.97,1.12
65.5,44.6,42.63,1.96,1.12
65.6,44.6,42.58,1.95,1.12
65.7,44.6,42.52,1.94,1.12
65.8,44.6,42.46,1.93,1.12
65.9,44.6,42.4,1.92,1.13
66,44.6,42.34,1.91,1.13
66.1,44.6,42.27,1.9,1.13
58,44.7,43.33,2.02,1.09
58.1,44.7,43.33,2.03,1.09
58.2,44.7,43.34,2.03,1.09
58.3,44.7,43.34,2.04,1.09
58.4,44.7,43.35,2.05,1.09
58.5,44.7,43.36,2.05,1.09
58.6,44.7,43.36,2.06,1.09
58.7,44.7,43.37,2.07,1.09
58.8,44.7,43.38,2.07,1.09
58.9,44.7,43.39,2.08,1.09
59,44.7,43.39,2.09,1.09
59.1,44.7,43.4,2.09,1.09
59.2,44.7,43.41,2.1,1.09
59.3,44.7,43.42,2.1,1.09
59.4,44.7,43.42,2.11,1.09
59.5,44.7,43.43,2.12,1.09
59.6,44.7,43.44,2.12,1.09
59.7,44.7,43.45,2.13,1.09
59.8,44.7,43.46,2.13,1.09
59.9,44.7,43.46,2.13,1.09
60,44.7,43.47,2.14,1.09
60.1,44.7,43.48,2.14,1.09
60.2,44.7,43.49,2.15,1.09
60.3,44.7,43.49,2.15,1.09
60.4,44.7,43.5,2.15,1.09
60.5,44.7,43.51,2.16,1.09
60.6,44.7,43.51,2.16,1.09
60.7,44.7,43.52,2.16,1.09
60.8,44.7,43.52,2.16,1.09
60.9,44.7,43.53,2.17,1.09
61,44.7,43.53,2.17,1.1
61.1,44.7,43.53,2.17,1.1
61.2,44.7,43.54,2.17,1.1
61.3,44.7,43.54,2.17,1.1
61.4,44.7,43.54,2.17,1.1
61.5,44.7,43.54,2.17,1.1
61.6,44.7,43.54,2.18,1.1
61.7,44.7,43.54,2.18,1.1
61.8,44.7,43.54,2.18,1.1
61.9,44.7,43.54,2.18,1.1
62,44.7,43.54,2.17,1.1
62.1,44.7,43.53,2.17,1.1
62.2,44.7,43.53,2.17,1.1
62.3,44.7,43.52,2.17,1.1
62.4,44.7,43.52,2.17,1.1
62.5,44.7,43.51,2.17,1.1
62.6,44.7,43.5,2.17,1.1
62.7,44.7,43.49,2.16,1.1
62.8,44.7,43.48,2.16,1.1
62.9,44.7,43.47,2.16,1.11
63,44.7,43.46,2.15,1.11
63.1,44.7,43.44,2.15,1.11
63.2,44.7,43.43,2.15,1.11
63.3,44.7,43.41,2.14,1.11
63.4,44.7,43.4,2.14,1.11
63.5,44.7,43.38,2.13,1.11
63.6,44.7,43.36,2.13,1.11
63.7,44.7,43.33,2.12,1.11
63.8,44.7,43.31,2.12,1.11
63.9,44.7,43.29,2.11,1.11
64,44.7,43.26,2.11,1.11
64.1,44.7,43.23,2.1,1.11
64.2,44.7,43.2,2.09,1.12
64.3,44.7,43.17,2.09,1.12
64.4,44.7,43.14,2.08,1.12
64.5,44.7,43.11,2.07,1.12
64.6,44.7,43.07,2.07,1.12
64.7,44.7,43.03,2.06,1.12
64.8,44.7,42.99,2.05,1.12
64.9,44.7,42.95,2.04,1.12
65,44.7,42.91,2.04,1.12
65.1,44.7,42.87,2.03,1.12
65.2,44.7,42.82,2.02,1.12
65.3,44.7,42.77,2.01,1.13
65.4,44.7,42.72,2,1.13
65.5,44.7,42.67,1.99,1.13
65.6,44.7,42.61,1.98,1.13
65.7,44.7,42.56,1.97,1.13
65.8,44.7,42.5,1.96,1.13
65.9,44.7,42.44,1.95,1.13
66,44.7,42.38,1.94,1.13
66.1,44.7,42.31,1.93,1.13
58,44.8,43.36,2.05,1.1
58.1,44.8,43.37,2.06,1.1
58.2,44.8,43.37,2.07,1.1
58.3,44.8,43.38,2.07,1.1
58.4,44.8,43.38,2.08,1.1
58.5,44.8,43.39,2.09,1.1
58.6,44.8,43.4,2.1,1.1
58.7,44.8,43.4,2.1,1.1
58.8,44.8,43.41,2.11,1.1
58.9,44.8,43.42,2.12,1.1
59,44.8,43.43,2.12,1.1
59.1,44.8,43.44,2.13,1.1
59.2,44.8,43.44,2.13,1.1
59.3,44.8,43.45,2.14,1.1
59.4,44.8,43.46,2.14,1.1
59.5,44.8,43.47,2.15,1.1
59.6,44.8,43.48,2.16,1.1
59.7,44.8,43.48,2.16,1.1
59.8,44.8,43.49,2.16,1.1
59.9,44.8,43.5,2.17,1.1
60,44.8,43.51,2.17,1.1
60.1,44.8,43.51,2.18,1.1
60.2,44.8,43.52,2.18,1.1
60.3,44.8,43.53,2.19,1.1
60.4,44.8,43.53,2.19,1.1
60.5,44.8,43.54,2.19,1.1
60.6,44.8,43.55,2.19,1.1
60.7,44.8,43.55,2.2,1.1
60.8,44.8,43.56,2.2,1.1
60.9,44.8,43.56,2.2,1.1
61,44.8,43.57,2.2,1.1
61.1,44.8,43.57,2.21,1.1
61.2,44.8,43.57,2.21,1.1
61.3,44.8,43.57,2.21,1.1
61.4,44.8,43.58,2.21,1.1
61.5,44.8,43.58,2.21,1.1
61.6,44.8,43.58,2.21,1.1
61.7,44.8,43.58,2.21,1.1
61.8,44.8,43.58,2.21,1.1
61.9,44.8,43.58,2.21,1.11
62,44.8,43.57,2.21,1.11
62.1,44.8,43.57,2.21,1.11
62.2,44.8,43.56,2.21,1.11
62.3,44.8,43.56,2.21,1.11
62.4,44.8,43.55,2.2,1.11
62.5,44.8,43.55,2.2,1.11
62.6,44.8,43.54,2.2,1.11
62.7,44.8,43.53,2.2,1.11
62.8,44.8,43.52,2.2,1.11
62.9,44.8,43.51,2.19,1.11
63,44.8,43.49,2.19,1.11
63.1,44.8,43.48,2.19,1.11
63.2,44.8,43.46,2.18,1.11
63.3,44.8,43.45,2.18,1.11
63.4,44.8,43.43,2.17,1.11
63.5,44.8,43.41,2.17,1.12
63.6,44.8,43.39,2.16,1.12
63.7,44.8,43.37,2.16,1.12
63.8,44.8,43.35,2.15,1.12
63.9,44.8,43.32,2.15,1.12
64,44.8,43.3,2.14,1.12
64.1,44.8,43.27,2.13,1.12
64.2,44.8,43.24,2.13,1.12
64.3,44.8,43.21,2.12,1.12
64.4,44.8,43.18,2.11,1.12
64.5,44.8,43.14,2.11,1.12
64.6,44.8,43.11,2.1,1.12
64.7,44.8,43.07,2.09,1.12
64.8,44.8,43.03,2.08,1.13
64.9,44.8,42.99,2.08,1.13
65,44.8,42.95,2.07,1.13
65.1,44.8,42.9,2.06,1.13
65.2,44.8,42.86,2.05,1.13
65.3,44.8,42.81,2.04,1.13
65.4,44.8,42.76,2.03,1.13
65.5,44.8,42.7,2.02,1.13
65.6,44.8,42.65,2.01,1.13
65.7,44.8,42.59,2,1.13
65.8,44.8,42.54,1.99,1.14
65.9,44.8,42.47,1.98,1.14
66,44.8,42.41,1.97,1.14
66.1,44.8,42.35,1.96,1.14
58,44.9,43.4,2.08,1.1
58.1,44.9,43.4,2.09,1.1
58.2,44.9,43.41,2.1,1.1
58.3,44.9,43.41,2.11,1.1
58.4,44.9,43.42,2.11,1.1
58.5,44.9,43.43,2.12,1.1
58.6,44.9,43.43,2.13,1.1
58.7,44.9,43.44,2.14,1.1
58.8,44.9,43.45,2.14,1.1
58.9,44.9,43.45,2.15,1.1
59,44.9,43.46,2.16,1.1
59.1,44.9,43.47,2.16,1.1
59.2,44.9,43.48,2.17,1.1
59.3,44.9,43.49,2.17,1.1
59.4,44.9,43.49,2.18,1.1
59.5,44.9,43.5,2.18,1.1
59.6,44.9,43.51,2.19,1.1
59.7,44.9,43.52,2.19,1.1
59.8,44.9,43.53,2.2,1.1
59.9,44.9,43.53,2.2,1.1
60,44.9,43.54,2.21,1.1
60.1,44.9,43.55,2.21,1.1
60.2,44.9,43.55,2.22,1.1
60.3,44.9,43.56,2.22,1.1
60.4,44.9,43.57,2.22,1.11
60.5,44.9,43.57,2.23,1.11
60.6,44.9,43.58,2.23,1.11
60.7,44.9,43.59,2.23,1.11
60.8,44.9,43.59,2.24,1.11
60.9,44.9,43.6,2.24,1.11
61,44.9,43.6,2.24,1.11
61.1,44.9,43.6,2.24,1.11
61.2,44.9,43.61,2.24,1.11
61.3,44.9,43.61,2.24,1.11
61.4,44.9,43.61,2.24,1.11
61.5,44.9,43.61,2.25,1.11
61.6,44.9,43.61,2.25,1.11
61.7,44.9,43.61,2.25,1.11
61.8,44.9,43.61,2.25,1.11
61.9,44.9,43.61,2.25,1.11
62,44.9,43.61,2.24,1.11
62.1,44.9,43.6,2.24,1.11
62.2,44.9,43.6,2.24,1.11
62.3,44.9,43.59,2.24,1.11
62.4,44.9,43.59,2.24,1.11
62.5,44.9,43.58,2.24,1.11
62.6,44.9,43.57,2.24,1.11
62.7,44.9,43.56,2.23,1.12
62.8,44.9,43.55,2.23,1.12
62.9,44.9,43.54,2.23,1.12
63,44.9,43.53,2.22,1.12
63.1,44.9,43.51,2.22,1.12
63.2,44.9,43.5,2.22,1.12
63.3,44.9,43.48,2.21,1.12
63.4,44.9,43.47,2.21,1.12
63.5,44.9,43.45,2.2,1.12
63.6,44.9,43.43,2.2,1.12
63.7,44.9,43.4,2.19,1.12
63.8,44.9,43.38,2.19,1.12
63.9,44.9,43.36,2.18,1.12
64,44.9,43.33,2.17,1.12
64.1,44.9,43.3,2.17,1.13
64.2,44.9,43.27,2.16,1.13
64.3,44.9,43.24,2.15,1.13
64.4,44.9,43.21,2.15,1.13
64.5,44.9,43.18,2.14,1.13
64.6,44.9,43.14,2.13,1.13
64.7,44.9,43.1,2.12,1.13
64.8,44.9,43.07,2.12,1.13
64.9,44.9,43.02,2.11,1.13
65,44.9,42.98,2.1,1.13
65.1,44.9,42.94,2.09,1.13
65.2,44.9,42.89,2.08,1.13
65.3,44.9,42.84,2.07,1.14
65.4,44.9,42.79,2.06,1.14
65.5,44.9,42.74,2.05,1.14
65.6,44.9,42.69,2.04,1.14
65.7,44.9,42.63,2.03,1.14
65.8,44.9,42.57,2.02,1.14
65.9,44.9,42.51,2.01,1.14
66,44.9,42.45,2,1.14
66.1,44.9,42.38,1.99,1.14
58,45,43.43,2.12,1.11
58.1,45,43.44,2.13,1.11
58.2,45,43.44,2.13,1.11
58.3,45,43.45,2.14,1.11
58.4,45,43.45,2.15,1.11
58.5,45,43.46,2.16,1.11
58.6,45,43.47,2.16,1.11
58.7,45,43.47,2.17,1.11
58.8,45,43.48,2.18,1.11
58.9,45,43.49,2.18,1.11
59,45,43.5,2.19,1.11
59.1,45,43.5,2.2,1.11
59.2,45,43.51,2.2,1.11
59.3,45,43.52,2.21,1.11
59.4,45,43.53,2.21,1.11
59.5,45,43.54,2.22,1.11
59.6,45,43.54,2.22,1.11
59.7,45,43.55,2.23,1.11
59.8,45,43.56,2.23,1.11
59.9,45,43.57,2.24,1.11
60,45,43.57,2.24,1.11
60.1,45,43.58,2.25,1.11
60.2,45,43.59,2.25,1.11
60.3,45,43.6,2.26,1.11
60.4,45,43.6,2.26,1.11
60.5,45,43.61,2.26,1.11
60.6,45,43.61,2.27,1.11
60.7,45,43.62,2.27,1.11
60.8,45,43.63,2.27,1.11
60.9,45,43.63,2.27,1.11
61,45,43.63,2.27,1.11
61.1,45,43.64,2.28,1.11
61.2,45,43.64,2.28,1.11
61.3,45,43.64,2.28,1.11
61.4,45,43.65,2.28,1.11
61.5,45,43.65,2.28,1.12
61.6,45,43.65,2.28,1.12
61.7,45,43.65,2.28,1.12
61.8,45,43.65,2.28,1.12
61.9,45,43.64,2.28,1.12
62,45,43.64,2.28,1.12
62.1,45,43.64,2.28,1.12
62.2,45,43.63,2.28,1.12
62.3,45,43.63,2.28,1.12
62.4,45,43.62,2.27,1.12
62.5,45,43.62,2.27,1.12
62.6,45,43.61,2.27,1.12
62.7,45,43.6,2.27,1.12
62.8,45,43.59,2.27,1.12
62.9,45,43.58,2.26,1.12
63,45,43.56,2.26,1.12
63.1,45,43.55,2.25,1.12
63.2,45,43.53,2.25,1.12
63.3,45,43.52,2.25,1.13
63.4,45,43.5,2.24,1.13
63.5,45,43.48,2.24,1.13
63.6,45,43.46,2.23,1.13
63.7,45,43.44,2.23,1.13
63.8,45,43.42,2.22,1.13
63.9,45,43.39,2.21,1.13
64,45,43.37,2.21,1.13
64.1,45,43.34,2.2,1.13
64.2,45,43.31,2.2,1.13
64.3,45,43.28,2.19,1.13
64.4,45,43.25,2.18,1.13
64.5,45,43.21,2.17,1.13
64.6,45,43.18,2.17,1.13
64.7,45,43.14,2.16,1.14
64.8,45,43.1,2.15,1.14
64.9,45,43.06,2.14,1.14
65,45,43.02,2.13,1.14
65.1,45,42.97,2.12,1.14
65.2,45,42.93,2.11,1.14
65.3,45,42.88,2.1,1.14
65.4,45,42.83,2.09,1.14
65.5,45,42.78,2.08,1.14
65.6,45,42.72,2.07,1.14
65.7,45,42.67,2.06,1.14
65.8,45,42.61,2.05,1.15
65.9,45,42.55,2.04,1.15
66,45,42.48,2.03,1.15
66.1,45,42.42,2.02,1.15
58,45.1,43.46,2.15,1.11
58.1,45.1,43.47,2.16,1.11
58.2,45.1,43.48,2.17,1.11
58.3,45.1,43.48,2.17,1.11
58.4,45.1,43.49,2.18,1.11
58.5,45.1,43.49,2.19,1.11
58.6,45.1,43.5,2.2,1.11
58.7,45.1,43.51,2.2,1.11
58.8,45.1,43.51,2.21,1.11
58.9,45.1,43.52,2.22,1.12
59,45.1,43.53,2.22,1.12
59.1,45.1,43.54,2.23,1.12
59.2,45.1,43.55,2.24,1.12
59.3,45.1,43.55,2.24,1.12
59.4,45.1,43.56,2.25,1.12
59.5,45.1,43.57,2.25,1.12
59.6,45.1,43.58,2.26,1.12
59.7,45.1,43.59,2.26,1.12
59.8,45.1,43.59,2.27,1.12
59.9,45.1,43.6,2.27,1.12
60,45.1,43.61,2.28,1.12
60.1,45.1,43.62,2.28,1.12
60.2,45.1,43.62,2.29,1.12
60.3,45.1,43.63,2.29,1.12
60.4,45.1,43.64,2.29,1.12
60.5,45.1,43.64,2.3,1.12
60.6,45.1,43.65,2.3,1.12
60.7,45.1,43.65,2.3,1.12
60.8,45.1,43.66,2.31,1.12
60.9,45.1,43.66,2.31,1.12
61,45.1,43.67,2.31,1.12
61.1,45.1,43.67,2.31,1.12
61.2,45.1,43.68,2.31,1.12
61.3,45.1,43.68,2.32,1.12
61.4,45.1,43.68,2.32,1.12
61.5,45.1,43.68,2.32,1.12
61.6,45.1,43.68,2.32,1.12
61.7,45.1,43.68,2.32,1.12
61.8,45.1,43.68,2.32,1.12
61.9,45.1,43.68,2.32,1.12
62,45.1,43.68,2.32,1.12
62.1,45.1,43.67,2.31,1.12
62.2,45.1,43.67,2.31,1.12
62.3,45.1,43.66,2.31,1.13
62.4,45.1,43.66,2.31,1.13
62.5,45.1,43.65,2.31,1.13
62.6,45.1,43.64,2.31,1.13
62.7,45.1,43.63,2.3,1.13
62.8,45.1,43.62,2.3,1.13
62.9,45.1,43.61,2.3,1.13
63,45.1,43.6,2.29,1.13
63.1,45.1,43.58,2.29,1.13
63.2,45.1,43.57,2.29,1.13
63.3,45.1,43.55,2.28,1.13
63.4,45.1,43.54,2.28,1.13
63.5,45.1,43.52,2.27,1.13
63.6,45.1,43.5,2.27,1.13
63.7,45.1,43.47,2.26,1.13
63.8,45.1,43.45,2.25,1.13
63.9,45.1,43.43,2.25,1.13
64,45.1,43.4,2.24,1.14
64.1,45.1,43.37,2.24,1.14
64.2,45.1,43.35,2.23,1.14
64.3,45.1,43.31,2.22,1.14
64.4,45.1,43.28,2.21,1.14
64.5,45.1,43.25,2.21,1.14
64.6,45.1,43.21,2.2,1.14
64.7,45.1,43.18,2.19,1.14
64.8,45.1,43.14,2.18,1.14
64.9,45.1,43.1,2.17,1.14
65,45.1,43.05,2.16,1.14
65.1,45.1,43.01,2.16,1.14
65.2,45.1,42.96,2.15,1.15
65.3,45.1,42.91,2.14,1.15
65.4,45.1,42.86,2.13,1.15
65.5,45.1,42.81,2.12,1.15
65.6,45.1,42.76,2.11,1.15
65.7,45.1,42.7,2.09,1.15
65.8,45.1,42.64,2.08,1.15
65.9,45.1,42.58,2.07,1.15
66,45.1,42.52,2.06,1.15
66.1,45.1,42.46,2.05,1.15
58,45.2,43.5,2.18,1.12
58.1,45.2,43.5,2.19,1.12
58.2,45.2,43.51,2.2,1.12
58.3,45.2,43.52,2.21,1.12
58.4,45.2,43.52,2.22,1.12
58.5,45.2,43.53,2.22,1.12
58.6,45.2,43.53,2.23,1.12
58.7,45.2,43.54,2.24,1.12
58.8,45.2,43.55,2.24,1.12
58.9,45.2,43.56,2.25,1.12
59,45.2,43.56,2.26,1.12
59.1,45.2,43.57,2.26,1.12
59.2,45.2,43.58,2.27,1.12
59.3,45.2,43.59,2.28,1.12
59.4,45.2,43.6,2.28,1.12
59.5,45.2,43.6,2.29,1.12
59.6,45.2,43.61,2.29,1.12
59.7,45.2,43.62,2.3,1.12
59.8,45.2,43.63,2.3,1.12
59.9,45.2,43.64,2.31,1.12
60,45.2,43.64,2.31,1.12
60.1,45.2,43.65,2.32,1.12
60.2,45.2,43.66,2.32,1.12
60.3,45.2,43.66,2.33,1.12
60.4,45.2,43.67,2.33,1.12
60.5,45.2,43.68,2.33,1.12
60.6,45.2,43.68,2.34,1.12
60.7,45.2,43.69,2.34,1.12
60.8,45.2,43.69,2.34,1.12
60.9,45.2,43.7,2.34,1.13
61,45.2,43.7,2.35,1.13
61.1,45.2,43.71,2.35,1.13
61.2,45.2,43.71,2.35,1.13
61.3,45.2,43.71,2.35,1.13
61.4,45.2,43.71,2.35,1.13
61.5,45.2,43.72,2.35,1.13
61.6,45.2,43.72,2.35,1.13
61.7,45.2,43.72,2.35,1.13
61.8,45.2,43.71,2.35,1.13
61.9,45.2,43.71,2.35,1.13
62,45.2,43.71,2.35,1.13
62.1,45.2,43.71,2.35,1.13
62.2,45.2,43.7,2.35,1.13
62.3,45.2,43.7,2.35,1.13
62.4,45.2,43.69,2.35,1.13
62.5,45.2,43.68,2.34,1.13
62.6,45.2,43.68,2.34,1.13
62.7,45.2,43.67,2.34,1.13
62.8,45.2,43.66,2.34,1.13
62.9,45.2,43.65,2.33,1.13
63,45.2,43.63,2.33,1.13
63.1,45.2,43.62,2.32,1.14
63.2,45.2,43.6,2.32,1.14
63.3,45.2,43.59,2.32,1.14
63.4,45.2,43.57,2.31,1.14
63.5,45.2,43.55,2.31,1.14
63.6,45.2,43.53,2.3,1.14
63.7,45.2,43.51,2.3,1.14
63.8,45.2,43.49,2.29,1.14
63.9,45.2,43.46,2.28,1.14
64,45.2,43.44,2.28,1.14
64.1,45.2,43.41,2.27,1.14
64.2,45.2,43.38,2.26,1.14
64.3,45.2,43.35,2.26,1.14
64.4,45.2,43.32,2.25,1.14
64.5,45.2,43.28,2.24,1.15
64.6,45.2,43.25,2.23,1.15
64.7,45.2,43.21,2.22,1.15
64.8,45.2,43.17,2.22,1.15
64.9,45.2,43.13,2.21,1.15
65,45.2,43.09,2.2,1.15
65.1,45.2,43.04,2.19,1.15
65.2,45.2,43,2.18,1.15
65.3,45.2,42.95,2.17,1.15
65.4,45.2,42.9,2.16,1.15
65.5,45.2,42.85,2.15,1.15
65.6,45.2,42.79,2.14,1.15
65.7,45.2,42.74,2.13,1.16
65.8,45.2,42.68,2.12,1.16
65.9,45.2,42.62,2.1,1.16
66,45.2,42.56,2.09,1.16
66.1,45.2,42.49,2.08,1.16
58,45.3,43.53,2.22,1.13
58.1,45.3,43.54,2.22,1.13
58.2,45.3,43.54,2.23,1.13
58.3,45.3,43.55,2.24,1.13
58.4,45.3,43.56,2.25,1.13
58.5,45.3,43.56,2.26,1.13
58.6,45.3,43.57,2.26,1.13
58.7,45.3,43.58,2.27,1.13
58.8,45.3,43.58,2.28,1.13
58.9,45.3,43.59,2.29,1.13
59,45.3,43.6,2.29,1.13
59.1,45.3,43.61,2.3,1.13
59.2,45.3,43.61,2.31,1.13
59.3,45.3,43.62,2.31,1.13
59.4,45.3,43.63,2.32,1.13
59.5,45.3,43.64,2.32,1.13
59.6,45.3,43.65,2.33,1.13
59.7,45.3,43.65,2.33,1.13
59.8,45.3,43.66,2.34,1.13
59.9,45.3,43.67,2.34,1.13
60,45.3,43.68,2.35,1.13
60.1,45.3,43.68,2.35,1.13
60.2,45.3,43.69,2.36,1.13
60.3,45.3,43.7,2.36,1.13
60.4,45.3,43.71,2.37,1.13
60.5,45.3,43.71,2.37,1.13
60.6,45.3,43.72,2.37,1.13
60.7,45.3,43.72,2.37,1.13
60.8,45.3,43.73,2.38,1.13
60.9,45.3,43.73,2.38,1.13
61,45.3,43.74,2.38,1.13
61.1,45.3,43.74,2.38,1.13
61.2,45.3,43.74,2.39,1.13
61.3,45.3,43.75,2.39,1.13
61.4,45.3,43.75,2.39,1.13
61.5,45.3,43.75,2.39,1.13
61.6,45.3,43.75,2.39,1.13
61.7,45.3,43.75,2.39,1.13
61.8,45.3,43.75,2.39,1.13
61.9,45.3,43.75,2.39,1.14
62,45.3,43.74,2.39,1.14
62.1,45.3,43.74,2.39,1.14
62.2,45.3,43.74,2.38,1.14
62.3,45.3,43.73,2.38,1.14
62.4,45.3,43.73,2.38,1.14
62.5,45.3,43.72,2.38,1.14
62.6,45.3,43.71,2.38,1.14
62.7,45.3,43.7,2.37,1.14
62.8,45.3,43.69,2.37,1.14
62.9,45.3,43.68,2.37,1.14
63,45.3,43.67,2.36,1.14
63.1,45.3,43.65,2.36,1.14
63.2,45.3,43.64,2.36,1.14
63.3,45.3,43.62,2.35,1.14
63.4,45.3,43.61,2.35,1.14
63.5,45.3,43.59,2.34,1.14
63.6,45.3,43.57,2.34,1.14
63.7,45.3,43.54,2.33,1.14
63.8,45.3,43.52,2.32,1.15
63.9,45.3,43.5,2.32,1.15
64,45.3,43.47,2.31,1.15
64.1,45.3,43.44,2.3,1.15
64.2,45.3,43.42,2.3,1.15
64.3,45.3,43.38,2.29,1.15
64.4,45.3,43.35,2.28,1.15
64.5,45.3,43.32,2.27,1.15
64.6,45.3,43.28,2.27,1.15
64.7,45.3,43.25,2.26,1.15
64.8,45.3,43.21,2.25,1.15
64.9,45.3,43.17,2.24,1.15
65,45.3,43.12,2.23,1.15
65.1,45.3,43.08,2.22,1.16
65.2,45.3,43.03,2.21,1.16
65.3,45.3,42.99,2.2,1.16
65.4,45.3,42.94,2.19,1.16
65.5,45.3,42.88,2.18,1.16
65.6,45.3,42.83,2.17,1.16
65.7,45.3,42.77,2.16,1.16
65.8,45.3,42.72,2.15,1.16
65.9,45.3,42.65,2.14,1.16
66,45.3,42.59,2.12,1.16
66.1,45.3,42.53,2.11,1.16
58,45.4,43.57,2.25,1.14
58.1,45.4,43.57,2.26,1.14
58.2,45.4,43.58,2.27,1.13
58.3,45.4,43.58,2.27,1.13
58.4,45.4,43.59,2.28,1.13
58.5,45.4,43.6,2.29,1.13
58.6,45.4,43.6,2.3,1.13
58.7,45.4,43.61,2.31,1.13
58.8,45.4,43.62,2.31,1.13
58.9,45.4,43.62,2.32,1.13
59,45.4,43.63,2.33,1.13
59.1,45.4,43.64,2.33,1.13
59.2,45.4,43.65,2.34,1.13
59.3,45.4,43.66,2.35,1.13
59.4,45.4,43.66,2.35,1.13
59.5,45.4,43.67,2.36,1.14
59.6,45.4,43.68,2.36,1.14
59.7,45.4,43.69,2.37,1.14
59.8,45.4,43.7,2.37,1.14
59.9,45.4,43.7,2.38,1.14
60,45.4,43.71,2.38,1.14
60.1,45.4,43.72,2.39,1.14
60.2,45.4,43.73,2.39,1.14
60.3,45.4,43.73,2.4,1.14
60.4,45.4,43.74,2.4,1.14
60.5,45.4,43.75,2.4,1.14
60.6,45.4,43.75,2.41,1.14
60.7,45.4,43.76,2.41,1.14
60.8,45.4,43.76,2.41,1.14
60.9,45.4,43.77,2.42,1.14
61,45.4,43.77,2.42,1.14
61.1,45.4,43.77,2.42,1.14
61.2,45.4,43.78,2.42,1.14
61.3,45.4,43.78,2.42,1.14
61.4,45.4,43.78,2.42,1.14
61.5,45.4,43.78,2.42,1.14
61.6,45.4,43.78,2.42,1.14
61.7,45.4,43.78,2.42,1.14
61.8,45.4,43.78,2.42,1.14
61.9,45.4,43.78,2.42,1.14
62,45.4,43.78,2.42,1.14
62.1,45.4,43.78,2.42,1.14
62.2,45.4,43.77,2.42,1.14
62.3,45.4,43.77,2.42,1.14
62.4,45.4,43.76,2.42,1.14
62.5,45.4,43.75,2.41,1.14
62.6,45.4,43.75,2.41,1.14
62.7,45.4,43.74,2.41,1.14
62.8,45.4,43.73,2.41,1.15
62.9,45.4,43.71,2.4,1.15
63,45.4,43.7,2.4,1.15
63.1,45.4,43.69,2.39,1.15
63.2,45.4,43.67,2.39,1.15
63.3,45.4,43.66,2.39,1.15
63.4,45.4,43.64,2.38,1.15
63.5,45.4,43.62,2.38,1.15
63.6,45.4,43.6,2.37,1.15
63.7,45.4,43.58,2.36,1.15
63.8,45.4,43.56,2.36,1.15
63.9,45.4,43.53,2.35,1.15
64,45.4,43.51,2.35,1.15
64.1,45.4,43.48,2.34,1.15
64.2,45.4,43.45,2.33,1.15
64.3,45.4,43.42,2.32,1.15
64.4,45.4,43.39,2.32,1.16
64.5,45.4,43.35,2.31,1.16
64.6,45.4,43.32,2.3,1.16
64.7,45.4,43.28,2.29,1.16
64.8,45.4,43.24,2.28,1.16
64.9,45.4,43.2,2.27,1.16
65,45.4,43.16,2.26,1.16
65.1,45.4,43.12,2.25,1.16
65.2,45.4,43.07,2.24,1.16
65.3,45.4,43.02,2.23,1.16
65.4,45.4,42.97,2.22,1.16
65.5,45.4,42.92,2.21,1.16
65.6,45.4,42.86,2.2,1.17
65.7,45.4,42.81,2.19,1.17
65.8,45.4,42.75,2.18,1.17
65.9,45.4,42.69,2.17,1.17
66,45.4,42.63,2.15,1.17
66.1,45.4,42.56,2.14,1.17
58,45.5,43.6,2.28,1.14
58.1,45.5,43.61,2.29,1.14
58.2,45.5,43.61,2.3,1.14
58.3,45.5,43.62,2.31,1.14
58.4,45.5,43.62,2.32,1.14
58.5,45.5,43.63,2.32,1.14
58.6,45.5,43.64,2.33,1.14
58.7,45.5,43.64,2.34,1.14
58.8,45.5,43.65,2.35,1.14
58.9,45.5,43.66,2.35,1.14
59,45.5,43.67,2.36,1.14
59.1,45.5,43.67,2.37,1.14
59.2,45.5,43.68,2.37,1.14
59.3,45.5,43.69,2.38,1.14
59.4,45.5,43.7,2.39,1.14
59.5,45.5,43.71,2.39,1.14
59.6,45.5,43.71,2.4,1.14
59.7,45.5,43.72,2.4,1.14
59.8,45.5,43.73,2.41,1.14
59.9,45.5,43.74,2.42,1.14
60,45.5,43.74,2.42,1.14
60.1,45.5,43.75,2.42,1.14
60.2,45.5,43.76,2.43,1.14
60.3,45.5,43.77,2.43,1.14
60.4,45.5,43.77,2.44,1.14
60.5,45.5,43.78,2.44,1.14
60.6,45.5,43.79,2.44,1.14
60.7,45.5,43.79,2.45,1.14
60.8,45.5,43.8,2.45,1.14
60.9,45.5,43.8,2.45,1.14
61,45.5,43.8,2.45,1.14
61.1,45.5,43.81,2.46,1.14
61.2,45.5,43.81,2.46,1.14
61.3,45.5,43.81,2.46,1.15
61.4,45.5,43.82,2.46,1.15
61.5,45.5,43.82,2.46,1.15
61.6,45.5,43.82,2.46,1.15
61.7,45.5,43.82,2.46,1.15
61.8,45.5,43.82,2.46,1.15
61.9,45.5,43.82,2.46,1.15
62,45.5,43.81,2.46,1.15
62.1,45.5,43.81,2.46,1.15
62.2,45.5,43.81,2.46,1.15
62.3,45.5,43.8,2.45,1.15
62.4,45.5,43.79,2.45,1.15
62.5,45.5,43.79,2.45,1.15
62.6,45.5,43.78,2.45,1.15
62.7,45.5,43.77,2.44,1.15
62.8,45.5,43.76,2.44,1.15
62.9,45.5,43.75,2.44,1.15
63,45.5,43.74,2.43,1.15
63.1,45.5,43.72,2.43,1.15
63.2,45.5,43.71,2.43,1.15
63.3,45.5,43.69,2.42,1.15
63.4,45.5,43.67,2.42,1.15
63.5,45.5,43.66,2.41,1.16
63.6,45.5,43.64,2.41,1.16
63.7,45.5,43.61,2.4,1.16
63.8,45.5,43.59,2.39,1.16
63.9,45.5,43.57,2.39,1.16
64,45.5,43.54,2.38,1.16
64.1,45.5,43.51,2.37,1.16
64.2,45.5,43.49,2.37,1.16
64.3,45.5,43.45,2.36,1.16
64.4,45.5,43.42,2.35,1.16
64.5,45.5,43.39,2.34,1.16
64.6,45.5,43.35,2.33,1.16
64.7,45.5,43.32,2.32,1.16
64.8,45.5,43.28,2.31,1.16
64.9,45.5,43.24,2.31,1.17
65,45.5,43.19,2.3,1.17
65.1,45.5,43.15,2.29,1.17
65.2,45.5,43.1,2.28,1.17
65.3,45.5,43.06,2.27,1.17
65.4,45.5,43.01,2.25,1.17
65.5,45.5,42.95,2.24,1.17
65.6,45.5,42.9,2.23,1.17
65.7,45.5,42.84,2.22,1.17
65.8,45.5,42.79,2.21,1.17
65.9,45.5,42.73,2.2,1.17
66,45.5,42.66,2.19,1.17
66.1,45.5,42.6,2.17,1.18
58,45.6,43.63,2.32,1.15
58.1,45.6,43.64,2.32,1.15
58.2,45.6,43.65,2.33,1.15
58.3,45.6,43.65,2.34,1.15
58.4,45.6,43.66,2.35,1.15
58.5,45.6,43.66,2.36,1.15
58.6,45.6,43.67,2.37,1.15
58.7,45.6,43.68,2.37,1.15
58.8,45.6,43.68,2.38,1.15
58.9,45.6,43.69,2.39,1.15
59,45.6,43.7,2.4,1.15
59.1,45.6,43.71,2.4,1.15
59.2,45.6,43.72,2.41,1.15
59.3,45.6,43.72,2.42,1.15
59.4,45.6,43.73,2.42,1.15
59.5,45.6,43.74,2.43,1.15
59.6,45.6,43.75,2.43,1.15
59.7,45.6,43.76,2.44,1.15
59.8,45.6,43.76,2.45,1.15
59.9,45.6,43.77,2.45,1.15
60,45.6,43.78,2.46,1.15
60.1,45.6,43.79,2.46,1.15
60.2,45.6,43.79,2.46,1.15
60.3,45.6,43.8,2.47,1.15
60.4,45.6,43.81,2.47,1.15
60.5,45.6,43.81,2.48,1.15
60.6,45.6,43.82,2.48,1.15
60.7,45.6,43.82,2.48,1.15
60.8,45.6,43.83,2.48,1.15
60.9,45.6,43.83,2.49,1.15
61,45.6,43.84,2.49,1.15
61.1,45.6,43.84,2.49,1.15
61.2,45.6,43.85,2.49,1.15
61.3,45.6,43.85,2.49,1.15
61.4,45.6,43.85,2.49,1.15
61.5,45.6,43.85,2.5,1.15
61.6,45.6,43.85,2.5,1.15
61.7,45.6,43.85,2.5,1.15
61.8,45.6,43.85,2.5,1.15
61.9,45.6,43.85,2.5,1.15
62,45.6,43.85,2.49,1.15
62.1,45.6,43.84,2.49,1.15
62.2,45.6,43.84,2.49,1.15
62.3,45.6,43.83,2.49,1.16
62.4,45.6,43.83,2.49,1.16
62.5,45.6,43.82,2.49,1.16
62.6,45.6,43.81,2.48,1.16
62.7,45.6,43.8,2.48,1.16
62.8,45.6,43.79,2.48,1.16
62.9,45.6,43.78,2.47,1.16
63,45.6,43.77,2.47,1.16
63.1,45.6,43.76,2.47,1.16
63.2,45.6,43.74,2.46,1.16
63.3,45.6,43.73,2.46,1.16
63.4,45.6,43.71,2.45,1.16
63.5,45.6,43.69,2.45,1.16
63.6,45.6,43.67,2.44,1.16
63.7,45.6,43.65,2.43,1.16
63.8,45.6,43.63,2.43,1.16
63.9,45.6,43.6,2.42,1.16
64,45.6,43.58,2.41,1.16
64.1,45.6,43.55,2.41,1.16
64.2,45.6,43.52,2.4,1.17
64.3,45.6,43.49,2.39,1.17
64.4,45.6,43.46,2.38,1.17
64.5,45.6,43.42,2.37,1.17
64.6,45.6,43.39,2.37,1.17
64.7,45.6,43.35,2.36,1.17
64.8,45.6,43.31,2.35,1.17
64.9,45.6,43.27,2.34,1.17
65,45.6,43.23,2.33,1.17
65.1,45.6,43.19,2.32,1.17
65.2,45.6,43.14,2.31,1.17
65.3,45.6,43.09,2.3,1.17
65.4,45.6,43.04,2.29,1.17
65.5,45.6,42.99,2.28,1.18
65.6,45.6,42.94,2.26,1.18
65.7,45.6,42.88,2.25,1.18
65.8,45.6,42.82,2.24,1.18
65.9,45.6,42.76,2.23,1.18
66,45.6,42.7,2.22,1.18
66.1,45.6,42.63,2.2,1.18
58,45.7,43.67,2.35,1.16
58.1,45.7,43.67,2.36,1.16
58.2,45.7,43.68,2.37,1.16
58.3,45.7,43.68,2.37,1.16
58.4,45.7,43.69,2.38,1.16
58.5,45.7,43.7,2.39,1.16
58.6,45.7,43.7,2.4,1.15
58.7,45.7,43.71,2.41,1.15
58.8,45.7,43.72,2.42,1.15
58.9,45.7,43.73,2.42,1.15
59,45.7,43.73,2.43,1.15
59.1,45.7,43.74,2.44,1.15
59.2,45.7,43.75,2.44,1.15
59.3,45.7,43.76,2.45,1.15
59.4,45.7,43.76,2.46,1.15
59.5,45.7,43.77,2.46,1.15
59.6,45.7,43.78,2.47,1.15
59.7,45.7,43.79,2.47,1.15
59.8,45.7,43.8,2.48,1.16
59.9,45.7,43.8,2.49,1.16
60,45.7,43.81,2.49,1.16
60.1,45.7,43.82,2.5,1.16
60.2,45.7,43.83,2.5,1.16
60.3,45.7,43.83,2.5,1.16
60.4,45.7,43.84,2.51,1.16
60.5,45.7,43.85,2.51,1.16
60.6,45.7,43.85,2.51,1.16
60.7,45.7,43.86,2.52,1.16
60.8,45.7,43.86,2.52,1.16
60.9,45.7,43.87,2.52,1.16
61,45.7,43.87,2.53,1.16
61.1,45.7,43.88,2.53,1.16
61.2,45.7,43.88,2.53,1.16
61.3,45.7,43.88,2.53,1.16
61.4,45.7,43.88,2.53,1.16
61.5,45.7,43.89,2.53,1.16
61.6,45.7,43.89,2.53,1.16
61.7,45.7,43.89,2.53,1.16
61.8,45.7,43.89,2.53,1.16
61.9,45.7,43.88,2.53,1.16
62,45.7,43.88,2.53,1.16
62.1,45.7,43.88,2.53,1.16
62.2,45.7,43.87,2.53,1.16
62.3,45.7,43.87,2.53,1.16
62.4,45.7,43.86,2.52,1.16
62.5,45.7,43.86,2.52,1.16
62.6,45.7,43.85,2.52,1.16
62.7,45.7,43.84,2.52,1.16
62.8,45.7,43.83,2.51,1.16
62.9,45.7,43.82,2.51,1.16
63,45.7,43.8,2.51,1.16
63.1,45.7,43.79,2.5,1.16
63.2,45.7,43.78,2.5,1.17
63.3,45.7,43.76,2.49,1.17
63.4,45.7,43.74,2.49,1.17
63.5,45.7,43.72,2.48,1.17
63.6,45.7,43.7,2.47,1.17
63.7,45.7,43.68,2.47,1.17
63.8,45.7,43.66,2.46,1.17
63.9,45.7,43.64,2.46,1.17
64,45.7,43.61,2.45,1.17
64.1,45.7,43.58,2.44,1.17
64.2,45.7,43.55,2.43,1.17
64.3,45.7,43.52,2.43,1.17
64.4,45.7,43.49,2.42,1.17
64.5,45.7,43.46,2.41,1.17
64.6,45.7,43.42,2.4,1.17
64.7,45.7,43.39,2.39,1.17
64.8,45.7,43.35,2.38,1.18
64.9,45.7,43.31,2.37,1.18
65,45.7,43.26,2.36,1.18
65.1,45.7,43.22,2.35,1.18
65.2,45.7,43.17,2.34,1.18
65.3,45.7,43.13,2.33,1.18
65.4,45.7,43.08,2.32,1.18
65.5,45.7,43.02,2.31,1.18
65.6,45.7,42.97,2.3,1.18
65.7,45.7,42.92,2.28,1.18
65.8,45.7,42.86,2.27,1.18
65.9,45.7,42.8,2.26,1.18
66,45.7,42.73,2.25,1.19
66.1,45.7,42.67,2.24,1.19
58,45.8,43.7,2.38,1.16
58.1,45.8,43.71,2.39,1.16
58.2,45.8,43.71,2.4,1.16
58.3,45.8,43.72,2.41,1.16
58.4,45.8,43.72,2.42,1.16
58.5,45.8,43.73,2.43,1.16
58.6,45.8,43.74,2.43,1.16
58.7,45.8,43.74,2.44,1.16
58.8,45.8,43.75,2.45,1.16
58.9,45.8,43.76,2.46,1.16
59,45.8,43.77,2.46,1.16
59.1,45.8,43.77,2.47,1.16
59.2,45.8,43.78,2.48,1.16
59.3,45.8,43.79,2.49,1.16
59.4,45.8,43.8,2.49,1.16
59.5,45.8,43.81,2.5,1.16
59.6,45.8,43.81,2.5,1.16
59.7,45.8,43.82,2.51,1.16
59.8,45.8,43.83,2.52,1.16
59.9,45.8,43.84,2.52,1.16
60,45.8,43.85,2.53,1.16
60.1,45.8,43.85,2.53,1.16
60.2,45.8,43.86,2.54,1.16
60.3,45.8,43.87,2.54,1.16
60.4,45.8,43.87,2.54,1.16
60.5,45.8,43.88,2.55,1.16
60.6,45.8,43.89,2.55,1.16
60.7,45.8,43.89,2.55,1.16
60.8,45.8,43.9,2.56,1.16
60.9,45.8,43.9,2.56,1.16
61,45.8,43.91,2.56,1.16
61.1,45.8,43.91,2.56,1.16
61.2,45.8,43.91,2.56,1.16
61.3,45.8,43.92,2.57,1.16
61.4,45.8,43.92,2.57,1.16
61.5,45.8,43.92,2.57,1.16
61.6,45.8,43.92,2.57,1.16
61.7,45.8,43.92,2.57,1.17
61.8,45.8,43.92,2.57,1.17
61.9,45.8,43.92,2.57,1.17
62,45.8,43.91,2.57,1.17
62.1,45.8,43.91,2.57,1.17
62.2,45.8,43.91,2.56,1.17
62.3,45.8,43.9,2.56,1.17
62.4,45.8,43.9,2.56,1.17
62.5,45.8,43.89,2.56,1.17
62.6,45.8,43.88,2.55,1.17
62.7,45.8,43.87,2.55,1.17
62.8,45.8,43.86,2.55,1.17
62.9,45.8,43.85,2.54,1.17
63,45.8,43.84,2.54,1.17
63.1,45.8,43.83,2.54,1.17
63.2,45.8,43.81,2.53,1.17
63.3,45.8,43.79,2.53,1.17
63.4,45.8,43.78,2.52,1.17
63.5,45.8,43.76,2.52,1.17
63.6,45.8,43.74,2.51,1.17
63.7,45.8,43.72,2.5,1.17
63.8,45.8,43.69,2.5,1.17
63.9,45.8,43.67,2.49,1.18
64,45.8,43.64,2.48,1.18
64.1,45.8,43.62,2.48,1.18
64.2,45.8,43.59,2.47,1.18
64.3,45.8,43.56,2.46,1.18
64.4,45.8,43.53,2.45,1.18
64.5,45.8,43.49,2.44,1.18
64.6,45.8,43.46,2.43,1.18
64.7,45.8,43.42,2.42,1.18
64.8,45.8,43.38,2.41,1.18
64.9,45.8,43.34,2.4,1.18
65,45.8,43.3,2.39,1.18
65.1,45.8,43.26,2.38,1.18
65.2,45.8,43.21,2.37,1.18
65.3,45.8,43.16,2.36,1.19
65.4,45.8,43.11,2.35,1.19
65.5,45.8,43.06,2.34,1.19
65.6,45.8,43.01,2.33,1.19
65.7,45.8,42.95,2.32,1.19
65.8,45.8,42.89,2.3,1.19
65.9,45.8,42.83,2.29,1.19
66,45.8,42.77,2.28,1.19
66.1,45.8,42.71,2.27,1.19
58,45.9,43.74,2.41,1.17
58.1,45.9,43.74,2.42,1.17
58.2,45.9,43.75,2.43,1.17
58.3,45.9,43.75,2.44,1.17
58.4,45.9,43.76,2.45,1.17
58.5,45.9,43.76,2.46,1.17
58.6,45.9,43.77,2.47,1.17
58.7,45.9,43.78,2.48,1.17
58.8,45.9,43.79,2.48,1.17
58.9,45.9,43.79,2.49,1.17
59,45.9,43.8,2.5,1.17
59.1,45.9,43.81,2.51,1.17
59.2,45.9,43.82,2.51,1.17
59.3,45.9,43.82,2.52,1.17
59.4,45.9,43.83,2.53,1.17
59.5,45.9,43.84,2.53,1.17
59.6,45.9,43.85,2.54,1.17
59.7,45.9,43.86,2.55,1.17
59.8,45.9,43.86,2.55,1.17
59.9,45.9,43.87,2.56,1.17
60,45.9,43.88,2.56,1.17
60.1,45.9,43.89,2.57,1.17
60.2,45.9,43.89,2.57,1.17
60.3,45.9,43.9,2.57,1.17
60.4,45.9,43.91,2.58,1.17
60.5,45.9,43.91,2.58,1.17
60.6,45.9,43.92,2.59,1.17
60.7,45.9,43.93,2.59,1.17
60.8,45.9,43.93,2.59,1.17
60.9,45.9,43.94,2.59,1.17
61,45.9,43.94,2.6,1.17
61.1,45.9,43.94,2.6,1.17
61.2,45.9,43.95,2.6,1.17
61.3,45.9,43.95,2.6,1.17
61.4,45.9,43.95,2.6,1.17
61.5,45.9,43.95,2.6,1.17
61.6,45.9,43.95,2.6,1.17
61.7,45.9,43.95,2.6,1.17
61.8,45.9,43.95,2.6,1.17
61.9,45.9,43.95,2.6,1.17
62,45.9,43.95,2.6,1.17
62.1,45.9,43.95,2.6,1.17
62.2,45.9,43.94,2.6,1.17
62.3,45.9,43.94,2.6,1.17
62.4,45.9,43.93,2.6,1.17
62.5,45.9,43.92,2.59,1.17
62.6,45.9,43.92,2.59,1.17
62.7,45.9,43.91,2.59,1.18
62.8,45.9,43.9,2.58,1.18
62.9,45.9,43.89,2.58,1.18
63,45.9,43.87,2.58,1.18
63.1,45.9,43.86,2.57,1.18
63.2,45.9,43.84,2.57,1.18
63.3,45.9,43.83,2.56,1.18
63.4,45.9,43.81,2.56,1.18
63.5,45.9,43.79,2.55,1.18
63.6,45.9,43.77,2.54,1.18
63.7,45.9,43.75,2.54,1.18
63.8,45.9,43.73,2.53,1.18
63.9,45.9,43.7,2.52,1.18
64,45.9,43.68,2.52,1.18
64.1,45.9,43.65,2.51,1.18
64.2,45.9,43.62,2.5,1.18
64.3,45.9,43.59,2.49,1.18
64.4,45.9,43.56,2.49,1.18
64.5,45.9,43.53,2.48,1.19
64.6,45.9,43.49,2.47,1.19
64.7,45.9,43.46,2.46,1.19
64.8,45.9,43.42,2.45,1.19
64.9,45.9,43.38,2.44,1.19
65,45.9,43.33,2.43,1.19
65.1,45.9,43.29,2.42,1.19
65.2,45.9,43.24,2.41,1.19
65.3,45.9,43.2,2.4,1.19
65.4,45.9,43.15,2.38,1.19
65.5,45.9,43.1,2.37,1.19
65.6,45.9,43.04,2.36,1.19
65.7,45.9,42.99,2.35,1.19
65.8,45.9,42.93,2.34,1.19
65.9,45.9,42.87,2.32,1.2
66,45.9,42.81,2.31,1.2
66.1,45.9,42.74,2.3,1.2
58,46,43.77,2.45,1.18
58.1,46,43.77,2.46,1.18
58.2,46,43.78,2.47,1.18
58.3,46,43.79,2.47,1.18
58.4,46,43.79,2.48,1.18
58.5,46,43.8,2.49,1.18
58.6,46,43.8,2.5,1.18
58.7,46,43.81,2.51,1.18
58.8,46,43.82,2.52,1.18
58.9,46,43.83,2.53,1.18
59,46,43.83,2.53,1.18
59.1,46,43.84,2.54,1.18
59.2,46,43.85,2.55,1.17
59.3,46,43.86,2.55,1.17
59.4,46,43.87,2.56,1.17
59.5,46,43.87,2.57,1.17
59.6,46,43.88,2.57,1.17
59.7,46,43.89,2.58,1.17
59.8,46,43.9,2.59,1.17
59.9,46,43.9,2.59,1.17
60,46,43.91,2.6,1.18
60.1,46,43.92,2.6,1.18
60.2,46,43.93,2.61,1.18
60.3,46,43.93,2.61,1.18
60.4,46,43.94,2.61,1.18
60.5,46,43.95,2.62,1.18
60.6,46,43.95,2.62,1.18
60.7,46,43.96,2.62,1.18
60.8,46,43.96,2.63,1.18
60.9,46,43.97,2.63,1.18
61,46,43.97,2.63,1.18
61.1,46,43.98,2.63,1.18
61.2,46,43.98,2.64,1.18
61.3,46,43.98,2.64,1.18
61.4,46,43.98,2.64,1.18
61.5,46,43.99,2.64,1.18
61.6,46,43.99,2.64,1.18
61.7,46,43.99,2.64,1.18
61.8,46,43.99,2.64,1.18
61.9,46,43.98,2.64,1.18
62,46,43.98,2.64,1.18
62.1,46,43.98,2.64,1.18
62.2,46,43.98,2.64,1.18
62.3,46,43.97,2.63,1.18
62.4,46,43.96,2.63,1.18
62.5,46,43.96,2.63,1.18
62.6,46,43.95,2.63,1.18
62.7,46,43.94,2.62,1.18
62.8,46,43.93,2.62,1.18
62.9,46,43.92,2.62,1.18
63,46,43.91,2.61,1.18
63.1,46,43.89,2.61,1.18
63.2,46,43.88,2.6,1.18
63.3,46,43.86,2.6,1.18
63.4,46,43.85,2.59,1.18
63.5,46,43.83,2.59,1.19
63.6,46,43.81,2.58,1.19
63.7,46,43.79,2.57,1.19
63.8,46,43.76,2.57,1.19
63.9,46,43.74,2.56,1.19
64,46,43.71,2.55,1.19
64.1,46,43.69,2.54,1.19
64.2,46,43.66,2.54,1.19
64.3,46,43.63,2.53,1.19
64.4,46,43.6,2.52,1.19
64.5,46,43.56,2.51,1.19
64.6,46,43.53,2.5,1.19
64.7,46,43.49,2.49,1.19
64.8,46,43.45,2.48,1.19
64.9,46,43.41,2.47,1.19
65,46,43.37,2.46,1.19
65.1,46,43.33,2.45,1.2
65.2,46,43.28,2.44,1.2
65.3,46,43.23,2.43,1.2
65.4,46,43.18,2.42,1.2
65.5,46,43.13,2.4,1.2
65.6,46,43.08,2.39,1.2
65.7,46,43.02,2.38,1.2
65.8,46,42.96,2.37,1.2
65.9,46,42.9,2.36,1.2
66,46,42.84,2.34,1.2
66.1,46,42.78,2.33,1.2
58,46.1,43.8,2.48,1.18
58.1,46.1,43.81,2.49,1.18
58.2,46.1,43.81,2.5,1.18
58.3,46.1,43.82,2.51,1.18
58.4,46.1,43.82,2.52,1.18
58.5,46.1,43.83,2.53,1.18
58.6,46.1,43.84,2.53,1.18
58.7,46.1,43.84,2.54,1.18
58.8,46.1,43.85,2.55,1.18
58.9,46.1,43.86,2.56,1.18
59,46.1,43.87,2.57,1.18
59.1,46.1,43.87,2.57,1.18
59.2,46.1,43.88,2.58,1.18
59.3,46.1,43.89,2.59,1.18
59.4,46.1,43.9,2.6,1.18
59.5,46.1,43.91,2.6,1.18
59.6,46.1,43.91,2.61,1.18
59.7,46.1,43.92,2.61,1.18
59.8,46.1,43.93,2.62,1.18
59.9,46.1,43.94,2.63,1.18
60,46.1,43.95,2.63,1.18
60.1,46.1,43.95,2.64,1.18
60.2,46.1,43.96,2.64,1.18
60.3,46.1,43.97,2.65,1.18
60.4,46.1,43.97,2.65,1.18
60.5,46.1,43.98,2.65,1.18
60.6,46.1,43.99,2.66,1.18
60.7,46.1,43.99,2.66,1.18
60.8,46.1,44,2.66,1.18
60.9,46.1,44,2.67,1.18
61,46.1,44.01,2.67,1.18
61.1,46.1,44.01,2.67,1.18
61.2,46.1,44.01,2.67,1.18
61.3,46.1,44.02,2.67,1.18
61.4,46.1,44.02,2.67,1.18
61.5,46.1,44.02,2.67,1.18
61.6,46.1,44.02,2.68,1.18
61.7,46.1,44.02,2.68,1.18
61.8,46.1,44.02,2.68,1.18
61.9,46.1,44.02,2.67,1.18
62,46.1,44.02,2.67,1.19
62.1,46.1,44.01,2.67,1.19
62.2,46.1,44.01,2.67,1.19
62.3,46.1,44,2.67,1.19
62.4,46.1,44,2.67,1.19
62.5,46.1,43.99,2.66,1.19
62.6,46.1,43.98,2.66,1.19
62.7,46.1,43.97,2.66,1.19
62.8,46.1,43.96,2.65,1.19
62.9,46.1,43.95,2.65,1.19
63,46.1,43.94,2.65,1.19
63.1,46.1,43.93,2.64,1.19
63.2,46.1,43.91,2.64,1.19
63.3,46.1,43.9,2.63,1.19
63.4,46.1,43.88,2.63,1.19
63.5,46.1,43.86,2.62,1.19
63.6,46.1,43.84,2.61,1.19
63.7,46.1,43.82,2.61,1.19
63.8,46.1,43.8,2.6,1.19
63.9,46.1,43.77,2.59,1.19
64,46.1,43.75,2.59,1.19
64.1,46.1,43.72,2.58,1.19
64.2,46.1,43.69,2.57,1.2
64.3,46.1,43.66,2.56,1.2
64.4,46.1,43.63,2.55,1.2
64.5,46.1,43.6,2.54,1.2
64.6,46.1,43.56,2.53,1.2
64.7,46.1,43.52,2.53,1.2
64.8,46.1,43.49,2.52,1.2
64.9,46.1,43.45,2.5,1.2
65,46.1,43.4,2.49,1.2
65.1,46.1,43.36,2.48,1.2
65.2,46.1,43.31,2.47,1.2
65.3,46.1,43.27,2.46,1.2
65.4,46.1,43.22,2.45,1.2
65.5,46.1,43.16,2.44,1.2
65.6,46.1,43.11,2.42,1.2
65.7,46.1,43.06,2.41,1.21
65.8,46.1,43,2.4,1.21
65.9,46.1,42.94,2.39,1.21
66,46.1,42.88,2.37,1.21
66.1,46.1,42.81,2.36,1.21
58,46.2,43.84,2.51,1.19
58.1,46.2,43.84,2.52,1.19
58.2,46.2,43.85,2.53,1.19
58.3,46.2,43.85,2.54,1.19
58.4,46.2,43.86,2.55,1.19
58.5,46.2,43.86,2.56,1.19
58.6,46.2,43.87,2.57,1.19
58.7,46.2,43.88,2.58,1.19
58.8,46.2,43.88,2.59,1.19
58.9,46.2,43.89,2.59,1.19
59,46.2,43.9,2.6,1.19
59.1,46.2,43.91,2.61,1.19
59.2,46.2,43.92,2.62,1.19
59.3,46.2,43.92,2.62,1.19
59.4,46.2,43.93,2.63,1.19
59.5,46.2,43.94,2.64,1.19
59.6,46.2,43.95,2.64,1.19
59.7,46.2,43.96,2.65,1.19
59.8,46.2,43.96,2.66,1.19
59.9,46.2,43.97,2.66,1.19
60,46.2,43.98,2.67,1.19
60.1,46.2,43.99,2.67,1.19
60.2,46.2,43.99,2.68,1.19
60.3,46.2,44,2.68,1.19
60.4,46.2,44.01,2.68,1.19
60.5,46.2,44.01,2.69,1.19
60.6,46.2,44.02,2.69,1.19
60.7,46.2,44.03,2.7,1.19
60.8,46.2,44.03,2.7,1.19
60.9,46.2,44.04,2.7,1.19
61,46.2,44.04,2.7,1.19
61.1,46.2,44.04,2.71,1.19
61.2,46.2,44.05,2.71,1.19
61.3,46.2,44.05,2.71,1.19
61.4,46.2,44.05,2.71,1.19
61.5,46.2,44.05,2.71,1.19
61.6,46.2,44.05,2.71,1.19
61.7,46.2,44.05,2.71,1.19
61.8,46.2,44.05,2.71,1.19
61.9,46.2,44.05,2.71,1.19
62,46.2,44.05,2.71,1.19
62.1,46.2,44.05,2.71,1.19
62.2,46.2,44.04,2.71,1.19
62.3,46.2,44.04,2.7,1.19
62.4,46.2,44.03,2.7,1.19
62.5,46.2,44.02,2.7,1.19
62.6,46.2,44.02,2.7,1.19
62.7,46.2,44.01,2.69,1.19
62.8,46.2,44,2.69,1.19
62.9,46.2,43.99,2.69,1.19
63,46.2,43.97,2.68,1.2
63.1,46.2,43.96,2.68,1.2
63.2,46.2,43.95,2.67,1.2
63.3,46.2,43.93,2.67,1.2
63.4,46.2,43.91,2.66,1.2
63.5,46.2,43.89,2.66,1.2
63.6,46.2,43.87,2.65,1.2
63.7,46.2,43.85,2.64,1.2
63.8,46.2,43.83,2.64,1.2
63.9,46.2,43.81,2.63,1.2
64,46.2,43.78,2.62,1.2
64.1,46.2,43.75,2.61,1.2
64.2,46.2,43.73,2.6,1.2
64.3,46.2,43.7,2.6,1.2
64.4,46.2,43.66,2.59,1.2
64.5,46.2,43.63,2.58,1.2
64.6,46.2,43.6,2.57,1.2
64.7,46.2,43.56,2.56,1.2
64.8,46.2,43.52,2.55,1.2
64.9,46.2,43.48,2.54,1.21
65,46.2,43.44,2.53,1.21
65.1,46.2,43.39,2.52,1.21
65.2,46.2,43.35,2.51,1.21
65.3,46.2,43.3,2.49,1.21
65.4,46.2,43.25,2.48,1.21
65.5,46.2,43.2,2.47,1.21
65.6,46.2,43.15,2.46,1.21
65.7,46.2,43.09,2.44,1.21
65.8,46.2,43.03,2.43,1.21
65.9,46.2,42.97,2.42,1.21
66,46.2,42.91,2.4,1.21
66.1,46.2,42.85,2.39,1.21
58,46.3,43.87,2.54,1.2
58.1,46.3,43.87,2.55,1.2
58.2,46.3,43.88,2.56,1.2
58.3,46.3,43.88,2.57,1.2
58.4,46.3,43.89,2.58,1.2
58.5,46.3,43.9,2.59,1.2
58.6,46.3,43.9,2.6,1.2
58.7,46.3,43.91,2.61,1.2
58.8,46.3,43.92,2.62,1.2
58.9,46.3,43.93,2.63,1.2
59,46.3,43.93,2.64,1.2
59.1,46.3,43.94,2.64,1.2
59.2,46.3,43.95,2.65,1.2
59.3,46.3,43.96,2.66,1.2
59.4,46.3,43.96,2.66,1.2
59.5,46.3,43.97,2.67,1.2
59.6,46.3,43.98,2.68,1.2
59.7,46.3,43.99,2.68,1.2
59.8,46.3,44,2.69,1.2
59.9,46.3,44,2.7,1.2
60,46.3,44.01,2.7,1.2
60.1,46.3,44.02,2.71,1.2
60.2,46.3,44.03,2.71,1.2
60.3,46.3,44.03,2.72,1.2
60.4,46.3,44.04,2.72,1.2
60.5,46.3,44.05,2.72,1.2
60.6,46.3,44.05,2.73,1.2
60.7,46.3,44.06,2.73,1.2
60.8,46.3,44.06,2.73,1.2
60.9,46.3,44.07,2.74,1.2
61,46.3,44.07,2.74,1.2
61.1,46.3,44.08,2.74,1.2
61.2,46.3,44.08,2.74,1.2
61.3,46.3,44.08,2.74,1.2
61.4,46.3,44.08,2.75,1.2
61.5,46.3,44.09,2.75,1.2
61.6,46.3,44.09,2.75,1.2
61.7,46.3,44.09,2.75,1.2
61.8,46.3,44.09,2.75,1.2
61.9,46.3,44.08,2.75,1.2
62,46.3,44.08,2.75,1.2
62.1,46.3,44.08,2.74,1.2
62.2,46.3,44.08,2.74,1.2
62.3,46.3,44.07,2.74,1.2
62.4,46.3,44.06,2.74,1.2
62.5,46.3,44.06,2.74,1.2
62.6,46.3,44.05,2.73,1.2
62.7,46.3,44.04,2.73,1.2
62.8,46.3,44.03,2.73,1.2
62.9,46.3,44.02,2.72,1.2
63,46.3,44.01,2.72,1.2
63.1,46.3,43.99,2.71,1.2
63.2,46.3,43.98,2.71,1.2
63.3,46.3,43.96,2.7,1.2
63.4,46.3,43.95,2.7,1.2
63.5,46.3,43.93,2.69,1.2
63.6,46.3,43.91,2.68,1.2
63.7,46.3,43.89,2.68,1.2
63.8,46.3,43.86,2.67,1.21
63.9,46.3,43.84,2.66,1.21
64,46.3,43.82,2.66,1.21
64.1,46.3,43.79,2.65,1.21
64.2,46.3,43.76,2.64,1.21
64.3,46.3,43.73,2.63,1.21
64.4,46.3,43.7,2.62,1.21
64.5,46.3,43.66,2.61,1.21
64.6,46.3,43.63,2.6,1.21
64.7,46.3,43.59,2.59,1.21
64.8,46.3,43.55,2.58,1.21
64.9,46.3,43.51,2.57,1.21
65,46.3,43.47,2.56,1.21
65.1,46.3,43.43,2.55,1.21
65.2,46.3,43.38,2.54,1.21
65.3,46.3,43.34,2.53,1.21
65.4,46.3,43.29,2.51,1.21
65.5,46.3,43.23,2.5,1.22
65.6,46.3,43.18,2.49,1.22
65.7,46.3,43.12,2.48,1.22
65.8,46.3,43.07,2.46,1.22
65.9,46.3,43.01,2.45,1.22
66,46.3,42.95,2.44,1.22
66.1,46.3,42.88,2.42,1.22
58,46.4,43.9,2.58,1.2
58.1,46.4,43.91,2.59,1.2
58.2,46.4,43.91,2.6,1.2
58.3,46.4,43.92,2.61,1.2
58.4,46.4,43.92,2.62,1.2
58.5,46.4,43.93,2.63,1.2
58.6,46.4,43.94,2.63,1.2
58.7,46.4,43.94,2.64,1.2
58.8,46.4,43.95,2.65,1.2
58.9,46.4,43.96,2.66,1.2
59,46.4,43.97,2.67,1.2
59.1,46.4,43.97,2.68,1.2
59.2,46.4,43.98,2.68,1.2
59.3,46.4,43.99,2.69,1.2
59.4,46.4,44,2.7,1.2
59.5,46.4,44.01,2.71,1.2
59.6,46.4,44.01,2.71,1.2
59.7,46.4,44.02,2.72,1.2
59.8,46.4,44.03,2.73,1.2
59.9,46.4,44.04,2.73,1.2
60,46.4,44.04,2.74,1.2
60.1,46.4,44.05,2.74,1.2
60.2,46.4,44.06,2.75,1.2
60.3,46.4,44.07,2.75,1.2
60.4,46.4,44.07,2.76,1.2
60.5,46.4,44.08,2.76,1.2
60.6,46.4,44.09,2.76,1.2
60.7,46.4,44.09,2.77,1.2
60.8,46.4,44.1,2.77,1.2
60.9,46.4,44.1,2.77,1.2
61,46.4,44.11,2.77,1.2
61.1,46.4,44.11,2.78,1.2
61.2,46.4,44.11,2.78,1.2
61.3,46.4,44.12,2.78,1.2
61.4,46.4,44.12,2.78,1.2
61.5,46.4,44.12,2.78,1.2
61.6,46.4,44.12,2.78,1.2
61.7,46.4,44.12,2.78,1.2
61.8,46.4,44.12,2.78,1.2
61.9,46.4,44.12,2.78,1.2
62,46.4,44.12,2.78,1.2
62.1,46.4,44.11,2.78,1.2
62.2,46.4,44.11,2.78,1.21
62.3,46.4,44.1,2.78,1.21
62.4,46.4,44.1,2.77,1.21
62.5,46.4,44.09,2.77,1.21
62.6,46.4,44.08,2.77,1.21
62.7,46.4,44.07,2.76,1.21
62.8,46.4,44.06,2.76,1.21
62.9,46.4,44.05,2.76,1.21
63,46.4,44.04,2.75,1.21
63.1,46.4,44.03,2.75,1.21
63.2,46.4,44.01,2.74,1.21
63.3,46.4,44,2.74,1.21
63.4,46.4,43.98,2.73,1.21
63.5,46.4,43.96,2.73,1.21
63.6,46.4,43.94,2.72,1.21
63.7,46.4,43.92,2.71,1.21
63.8,46.4,43.9,2.7,1.21
63.9,46.4,43.87,2.7,1.21
64,46.4,43.85,2.69,1.21
64.1,46.4,43.82,2.68,1.21
64.2,46.4,43.79,2.67,1.21
64.3,46.4,43.76,2.66,1.21
64.4,46.4,43.73,2.66,1.21
64.5,46.4,43.7,2.65,1.21
64.6,46.4,43.66,2.64,1.22
64.7,46.4,43.63,2.63,1.22
64.8,46.4,43.59,2.62,1.22
64.9,46.4,43.55,2.6,1.22
65,46.4,43.51,2.59,1.22
65.1,46.4,43.46,2.58,1.22
65.2,46.4,43.42,2.57,1.22
65.3,46.4,43.37,2.56,1.22
65.4,46.4,43.32,2.55,1.22
65.5,46.4,43.27,2.53,1.22
65.6,46.4,43.21,2.52,1.22
65.7,46.4,43.16,2.51,1.22
65.8,46.4,43.1,2.5,1.22
65.9,46.4,43.04,2.48,1.22
66,46.4,42.98,2.47,1.23
66.1,46.4,42.92,2.45,1.23
58,46.5,43.93,2.61,1.21
58.1,46.5,43.94,2.62,1.21
58.2,46.5,43.94,2.63,1.21
58.3,46.5,43.95,2.64,1.21
58.4,46.5,43.96,2.65,1.21
58.5,46.5,43.96,2.66,1.21
58.6,46.5,43.97,2.67,1.21
58.7,46.5,43.98,2.68,1.21
58.8,46.5,43.98,2.69,1.21
58.9,46.5,43.99,2.69,1.21
59,46.5,44,2.7,1.21
59.1,46.5,44.01,2.71,1.21
59.2,46.5,44.01,2.72,1.21
59.3,46.5,44.02,2.73,1.21
59.4,46.5,44.03,2.73,1.21
59.5,46.5,44.04,2.74,1.21
59.6,46.5,44.05,2.75,1.21
59.7,46.5,44.05,2.75,1.21
59.8,46.5,44.06,2.76,1.21
59.9,46.5,44.07,2.77,1.21
60,46.5,44.08,2.77,1.21
60.1,46.5,44.09,2.78,1.21
60.2,46.5,44.09,2.78,1.21
60.3,46.5,44.1,2.79,1.21
60.4,46.5,44.11,2.79,1.21
60.5,46.5,44.11,2.79,1.21
60.6,46.5,44.12,2.8,1.21
60.7,46.5,44.12,2.8,1.21
60.8,46.5,44.13,2.8,1.21
60.9,46.5,44.13,2.81,1.21
61,46.5,44.14,2.81,1.21
61.1,46.5,44.14,2.81,1.21
61.2,46.5,44.15,2.81,1.21
61.3,46.5,44.15,2.82,1.21
61.4,46.5,44.15,2.82,1.21
61.5,46.5,44.15,2.82,1.21
61.6,46.5,44.15,2.82,1.21
61.7,46.5,44.15,2.82,1.21
61.8,46.5,44.15,2.82,1.21
61.9,46.5,44.15,2.82,1.21
62,46.5,44.15,2.82,1.21
62.1,46.5,44.15,2.81,1.21
62.2,46.5,44.14,2.81,1.21
62.3,46.5,44.14,2.81,1.21
62.4,46.5,44.13,2.81,1.21
62.5,46.5,44.12,2.81,1.21
62.6,46.5,44.12,2.8,1.21
62.7,46.5,44.11,2.8,1.21
62.8,46.5,44.1,2.8,1.21
62.9,46.5,44.09,2.79,1.21
63,46.5,44.07,2.79,1.21
63.1,46.5,44.06,2.78,1.21
63.2,46.5,44.05,2.78,1.21
63.3,46.5,44.03,2.77,1.22
63.4,46.5,44.01,2.77,1.22
63.5,46.5,44,2.76,1.22
63.6,46.5,43.98,2.75,1.22
63.7,46.5,43.95,2.75,1.22
63.8,46.5,43.93,2.74,1.22
63.9,46.5,43.91,2.73,1.22
64,46.5,43.88,2.72,1.22
64.1,46.5,43.86,2.72,1.22
64.2,46.5,43.83,2.71,1.22
64.3,46.5,43.8,2.7,1.22
64.4,46.5,43.77,2.69,1.22
64.5,46.5,43.73,2.68,1.22
64.6,46.5,43.7,2.67,1.22
64.7,46.5,43.66,2.66,1.22
64.8,46.5,43.62,2.65,1.22
64.9,46.5,43.58,2.64,1.22
65,46.5,43.54,2.63,1.22
65.1,46.5,43.5,2.62,1.22
65.2,46.5,43.45,2.6,1.23
65.3,46.5,43.4,2.59,1.23
65.4,46.5,43.35,2.58,1.23
65.5,46.5,43.3,2.57,1.23
65.6,46.5,43.25,2.55,1.23
65.7,46.5,43.19,2.54,1.23
65.8,46.5,43.14,2.53,1.23
65.9,46.5,43.08,2.51,1.23
66,46.5,43.01,2.5,1.23
66.1,46.5,42.95,2.48,1.23
58,46.6,43.97,2.64,1.22
58.1,46.6,43.97,2.65,1.22
58.2,46.6,43.98,2.66,1.22
58.3,46.6,43.98,2.67,1.22
58.4,46.6,43.99,2.68,1.22
58.5,46.6,44,2.69,1.22
58.6,46.6,44,2.7,1.22
58.7,46.6,44.01,2.71,1.22
58.8,46.6,44.02,2.72,1.22
58.9,46.6,44.02,2.73,1.22
59,46.6,44.03,2.74,1.22
59.1,46.6,44.04,2.74,1.22
59.2,46.6,44.05,2.75,1.22
59.3,46.6,44.06,2.76,1.22
59.4,46.6,44.06,2.77,1.22
59.5,46.6,44.07,2.77,1.22
59.6,46.6,44.08,2.78,1.22
59.7,46.6,44.09,2.79,1.22
59.8,46.6,44.09,2.79,1.22
59.9,46.6,44.1,2.8,1.22
60,46.6,44.11,2.81,1.22
60.1,46.6,44.12,2.81,1.22
60.2,46.6,44.13,2.82,1.22
60.3,46.6,44.13,2.82,1.22
60.4,46.6,44.14,2.83,1.22
60.5,46.6,44.15,2.83,1.22
60.6,46.6,44.15,2.83,1.22
60.7,46.6,44.16,2.84,1.22
60.8,46.6,44.16,2.84,1.22
60.9,46.6,44.17,2.84,1.22
61,46.6,44.17,2.85,1.22
61.1,46.6,44.18,2.85,1.22
61.2,46.6,44.18,2.85,1.22
61.3,46.6,44.18,2.85,1.22
61.4,46.6,44.18,2.85,1.22
61.5,46.6,44.19,2.85,1.22
61.6,46.6,44.19,2.85,1.22
61.7,46.6,44.19,2.85,1.22
61.8,46.6,44.19,2.85,1.22
61.9,46.6,44.18,2.85,1.22
62,46.6,44.18,2.85,1.22
62.1,46.6,44.18,2.85,1.22
62.2,46.6,44.17,2.85,1.22
62.3,46.6,44.17,2.85,1.22
62.4,46.6,44.16,2.84,1.22
62.5,46.6,44.16,2.84,1.22
62.6,46.6,44.15,2.84,1.22
62.7,46.6,44.14,2.84,1.22
62.8,46.6,44.13,2.83,1.22
62.9,46.6,44.12,2.83,1.22
63,46.6,44.11,2.82,1.22
63.1,46.6,44.09,2.82,1.22
63.2,46.6,44.08,2.81,1.22
63.3,46.6,44.06,2.81,1.22
63.4,46.6,44.05,2.8,1.22
63.5,46.6,44.03,2.79,1.22
63.6,46.6,44.01,2.79,1.22
63.7,46.6,43.99,2.78,1.22
63.8,46.6,43.97,2.77,1.22
63.9,46.6,43.94,2.77,1.22
64,46.6,43.92,2.76,1.22
64.1,46.6,43.89,2.75,1.23
64.2,46.6,43.86,2.74,1.23
64.3,46.6,43.83,2.73,1.23
64.4,46.6,43.8,2.72,1.23
64.5,46.6,43.77,2.71,1.23
64.6,46.6,43.73,2.7,1.23
64.7,46.6,43.69,2.69,1.23
64.8,46.6,43.66,2.68,1.23
64.9,46.6,43.62,2.67,1.23
65,46.6,43.57,2.66,1.23
65.1,46.6,43.53,2.65,1.23
65.2,46.6,43.49,2.64,1.23
65.3,46.6,43.44,2.62,1.23
65.4,46.6,43.39,2.61,1.23
65.5,46.6,43.34,2.6,1.23
65.6,46.6,43.28,2.59,1.23
65.7,46.6,43.23,2.57,1.23
65.8,46.6,43.17,2.56,1.24
65.9,46.6,43.11,2.54,1.24
66,46.6,43.05,2.53,1.24
66.1,46.6,42.99,2.52,1.24
58,46.7,44,2.67,1.23
58.1,46.7,44.01,2.68,1.23
58.2,46.7,44.01,2.69,1.23
58.3,46.7,44.02,2.7,1.23
58.4,46.7,44.02,2.71,1.23
58.5,46.7,44.03,2.72,1.23
58.6,46.7,44.03,2.73,1.22
58.7,46.7,44.04,2.74,1.22
58.8,46.7,44.05,2.75,1.22
58.9,46.7,44.06,2.76,1.22
59,46.7,44.06,2.77,1.22
59.1,46.7,44.07,2.78,1.22
59.2,46.7,44.08,2.79,1.22
59.3,46.7,44.09,2.79,1.22
59.4,46.7,44.1,2.8,1.22
59.5,46.7,44.1,2.81,1.22
59.6,46.7,44.11,2.82,1.22
59.7,46.7,44.12,2.82,1.22
59.8,46.7,44.13,2.83,1.22
59.9,46.7,44.14,2.83,1.22
60,46.7,44.14,2.84,1.22
60.1,46.7,44.15,2.85,1.22
60.2,46.7,44.16,2.85,1.22
60.3,46.7,44.16,2.86,1.22
60.4,46.7,44.17,2.86,1.22
60.5,46.7,44.18,2.86,1.22
60.6,46.7,44.18,2.87,1.22
60.7,46.7,44.19,2.87,1.22
60.8,46.7,44.19,2.87,1.22
60.9,46.7,44.2,2.88,1.22
61,46.7,44.2,2.88,1.22
61.1,46.7,44.21,2.88,1.22
61.2,46.7,44.21,2.88,1.22
61.3,46.7,44.21,2.89,1.22
61.4,46.7,44.22,2.89,1.22
61.5,46.7,44.22,2.89,1.22
61.6,46.7,44.22,2.89,1.22
61.7,46.7,44.22,2.89,1.22
61.8,46.7,44.22,2.89,1.22
61.9,46.7,44.22,2.89,1.22
62,46.7,44.21,2.89,1.22
62.1,46.7,44.21,2.89,1.22
62.2,46.7,44.21,2.88,1.22
62.3,46.7,44.2,2.88,1.22
62.4,46.7,44.2,2.88,1.23
62.5,46.7,44.19,2.88,1.23
62.6,46.7,44.18,2.87,1.23
62.7,46.7,44.17,2.87,1.23
62.8,46.7,44.16,2.87,1.23
62.9,46.7,44.15,2.86,1.23
63,46.7,44.14,2.86,1.23
63.1,46.7,44.13,2.85,1.23
63.2,46.7,44.11,2.85,1.23
63.3,46.7,44.1,2.84,1.23
63.4,46.7,44.08,2.84,1.23
63.5,46.7,44.06,2.83,1.23
63.6,46.7,44.04,2.82,1.23
63.7,46.7,44.02,2.82,1.23
63.8,46.7,44,2.81,1.23
63.9,46.7,43.97,2.8,1.23
64,46.7,43.95,2.79,1.23
64.1,46.7,43.92,2.78,1.23
64.2,46.7,43.89,2.78,1.23
64.3,46.7,43.86,2.77,1.23
64.4,46.7,43.83,2.76,1.23
64.5,46.7,43.8,2.75,1.23
64.6,46.7,43.76,2.74,1.23
64.7,46.7,43.73,2.73,1.23
64.8,46.7,43.69,2.72,1.23
64.9,46.7,43.65,2.7,1.24
65,46.7,43.61,2.69,1.24
65.1,46.7,43.56,2.68,1.24
65.2,46.7,43.52,2.67,1.24
65.3,46.7,43.47,2.66,1.24
65.4,46.7,43.42,2.64,1.24
65.5,46.7,43.37,2.63,1.24
65.6,46.7,43.32,2.62,1.24
65.7,46.7,43.26,2.6,1.24
65.8,46.7,43.2,2.59,1.24
65.9,46.7,43.15,2.58,1.24
66,46.7,43.08,2.56,1.24
66.1,46.7,43.02,2.55,1.24
58,46.8,44.03,2.71,1.23
58.1,46.8,44.04,2.72,1.23
58.2,46.8,44.04,2.73,1.23
58.3,46.8,44.05,2.74,1.23
58.4,46.8,44.05,2.75,1.23
58.5,46.8,44.06,2.76,1.23
58.6,46.8,44.07,2.77,1.23
58.7,46.8,44.07,2.78,1.23
58.8,46.8,44.08,2.79,1.23
58.9,46.8,44.09,2.79,1.23
59,46.8,44.1,2.8,1.23
59.1,46.8,44.1,2.81,1.23
59.2,46.8,44.11,2.82,1.23
59.3,46.8,44.12,2.83,1.23
59.4,46.8,44.13,2.83,1.23
59.5,46.8,44.14,2.84,1.23
59.6,46.8,44.14,2.85,1.23
59.7,46.8,44.15,2.86,1.23
59.8,46.8,44.16,2.86,1.23
59.9,46.8,44.17,2.87,1.23
60,46.8,44.18,2.87,1.23
60.1,46.8,44.18,2.88,1.23
60.2,46.8,44.19,2.89,1.23
60.3,46.8,44.2,2.89,1.23
60.4,46.8,44.2,2.89,1.23
60.5,46.8,44.21,2.9,1.23
60.6,46.8,44.22,2.9,1.23
60.7,46.8,44.22,2.91,1.23
60.8,46.8,44.23,2.91,1.23
60.9,46.8,44.23,2.91,1.23
61,46.8,44.24,2.92,1.23
61.1,46.8,44.24,2.92,1.23
61.2,46.8,44.24,2.92,1.23
61.3,46.8,44.25,2.92,1.23
61.4,46.8,44.25,2.92,1.23
61.5,46.8,44.25,2.92,1.23
61.6,46.8,44.25,2.92,1.23
61.7,46.8,44.25,2.92,1.23
61.8,46.8,44.25,2.92,1.23
61.9,46.8,44.25,2.92,1.23
62,46.8,44.25,2.92,1.23
62.1,46.8,44.24,2.92,1.23
62.2,46.8,44.24,2.92,1.23
62.3,46.8,44.24,2.92,1.23
62.4,46.8,44.23,2.91,1.23
62.5,46.8,44.22,2.91,1.23
62.6,46.8,44.22,2.91,1.23
62.7,46.8,44.21,2.91,1.23
62.8,46.8,44.2,2.9,1.23
62.9,46.8,44.19,2.9,1.23
63,46.8,44.17,2.89,1.23
63.1,46.8,44.16,2.89,1.23
63.2,46.8,44.15,2.88,1.23
63.3,46.8,44.13,2.88,1.23
63.4,46.8,44.11,2.87,1.23
63.5,46.8,44.09,2.86,1.23
63.6,46.8,44.08,2.86,1.24
63.7,46.8,44.05,2.85,1.24
63.8,46.8,44.03,2.84,1.24
63.9,46.8,44.01,2.83,1.24
64,46.8,43.98,2.83,1.24
64.1,46.8,43.96,2.82,1.24
64.2,46.8,43.93,2.81,1.24
64.3,46.8,43.9,2.8,1.24
64.4,46.8,43.87,2.79,1.24
64.5,46.8,43.83,2.78,1.24
64.6,46.8,43.8,2.77,1.24
64.7,46.8,43.76,2.76,1.24
64.8,46.8,43.72,2.75,1.24
64.9,46.8,43.68,2.74,1.24
65,46.8,43.64,2.73,1.24
65.1,46.8,43.6,2.71,1.24
65.2,46.8,43.55,2.7,1.24
65.3,46.8,43.51,2.69,1.24
65.4,46.8,43.46,2.68,1.24
65.5,46.8,43.4,2.66,1.25
65.6,46.8,43.35,2.65,1.25
65.7,46.8,43.3,2.64,1.25
65.8,46.8,43.24,2.62,1.25
65.9,46.8,43.18,2.61,1.25
66,46.8,43.12,2.59,1.25
66.1,46.8,43.05,2.58,1.25
58,46.9,44.07,2.74,1.24
58.1,46.9,44.07,2.75,1.24
58.2,46.9,44.08,2.76,1.24
58.3,46.9,44.08,2.77,1.24
58.4,46.9,44.09,2.78,1.24
58.5,46.9,44.09,2.79,1.24
58.6,46.9,44.1,2.8,1.24
58.7,46.9,44.11,2.81,1.24
58.8,46.9,44.11,2.82,1.24
58.9,46.9,44.12,2.83,1.24
59,46.9,44.13,2.84,1.24
59.1,46.9,44.14,2.84,1.24
59.2,46.9,44.14,2.85,1.24
59.3,46.9,44.15,2.86,1.24
59.4,46.9,44.16,2.87,1.24
59.5,46.9,44.17,2.88,1.24
59.6,46.9,44.18,2.88,1.24
59.7,46.9,44.18,2.89,1.24
59.8,46.9,44.19,2.9,1.24
59.9,46.9,44.2,2.9,1.24
60,46.9,44.21,2.91,1.24
60.1,46.9,44.22,2.91,1.24
60.2,46.9,44.22,2.92,1.24
60.3,46.9,44.23,2.92,1.24
60.4,46.9,44.24,2.93,1.24
60.5,46.9,44.24,2.93,1.24
60.6,46.9,44.25,2.94,1.24
60.7,46.9,44.25,2.94,1.24
60.8,46.9,44.26,2.94,1.24
60.9,46.9,44.26,2.95,1.24
61,46.9,44.27,2.95,1.24
61.1,46.9,44.27,2.95,1.24
61.2,46.9,44.28,2.95,1.24
61.3,46.9,44.28,2.96,1.24
61.4,46.9,44.28,2.96,1.24
61.5,46.9,44.28,2.96,1.24
61.6,46.9,44.28,2.96,1.24
61.7,46.9,44.28,2.96,1.24
61.8,46.9,44.28,2.96,1.24
61.9,46.9,44.28,2.96,1.24
62,46.9,44.28,2.96,1.24
62.1,46.9,44.28,2.96,1.24
62.2,46.9,44.27,2.95,1.24
62.3,46.9,44.27,2.95,1.24
62.4,46.9,44.26,2.95,1.24
62.5,46.9,44.26,2.95,1.24
62.6,46.9,44.25,2.94,1.24
62.7,46.9,44.24,2.94,1.24
62.8,46.9,44.23,2.94,1.24
62.9,46.9,44.22,2.93,1.24
63,46.9,44.21,2.93,1.24
63.1,46.9,44.19,2.92,1.24
63.2,46.9,44.18,2.92,1.24
63.3,46.9,44.16,2.91,1.24
63.4,46.9,44.15,2.9,1.24
63.5,46.9,44.13,2.9,1.24
63.6,46.9,44.11,2.89,1.24
63.7,46.9,44.09,2.88,1.24
63.8,46.9,44.06,2.88,1.24
63.9,46.9,44.04,2.87,1.24
64,46.9,44.02,2.86,1.24
64.1,46.9,43.99,2.85,1.24
64.2,46.9,43.96,2.84,1.24
64.3,46.9,43.93,2.83,1.24
64.4,46.9,43.9,2.82,1.25
64.5,46.9,43.87,2.81,1.25
64.6,46.9,43.83,2.8,1.25
64.7,46.9,43.8,2.79,1.25
64.8,46.9,43.76,2.78,1.25
64.9,46.9,43.72,2.77,1.25
65,46.9,43.68,2.76,1.25
65.1,46.9,43.63,2.75,1.25
65.2,46.9,43.59,2.73,1.25
65.3,46.9,43.54,2.72,1.25
65.4,46.9,43.49,2.71,1.25
65.5,46.9,43.44,2.69,1.25
65.6,46.9,43.39,2.68,1.25
65.7,46.9,43.33,2.67,1.25
65.8,46.9,43.27,2.65,1.25
65.9,46.9,43.21,2.64,1.25
66,46.9,43.15,2.62,1.25
66.1,46.9,43.09,2.61,1.26
58,47,44.1,2.77,1.25
58.1,47,44.1,2.78,1.25
58.2,47,44.11,2.79,1.25
58.3,47,44.11,2.8,1.25
58.4,47,44.12,2.81,1.25
58.5,47,44.13,2.82,1.25
58.6,47,44.13,2.83,1.25
58.7,47,44.14,2.84,1.25
58.8,47,44.15,2.85,1.25
58.9,47,44.15,2.86,1.25
59,47,44.16,2.87,1.25
59.1,47,44.17,2.88,1.25
59.2,47,44.18,2.89,1.24
59.3,47,44.18,2.89,1.24
59.4,47,44.19,2.9,1.24
59.5,47,44.2,2.91,1.24
59.6,47,44.21,2.92,1.24
59.7,47,44.22,2.92,1.24
59.8,47,44.22,2.93,1.24
59.9,47,44.23,2.94,1.24
60,47,44.24,2.94,1.24
60.1,47,44.25,2.95,1.24
60.2,47,44.25,2.95,1.24
60.3,47,44.26,2.96,1.24
60.4,47,44.27,2.96,1.24
60.5,47,44.27,2.97,1.24
60.6,47,44.28,2.97,1.24
60.7,47,44.29,2.98,1.24
60.8,47,44.29,2.98,1.24
60.9,47,44.3,2.98,1.24
61,47,44.3,2.98,1.24
61.1,47,44.31,2.99,1.24
61.2,47,44.31,2.99,1.24
61.3,47,44.31,2.99,1.24
61.4,47,44.31,2.99,1.24
61.5,47,44.31,2.99,1.24
61.6,47,44.32,2.99,1.24
61.7,47,44.32,2.99,1.24
61.8,47,44.32,2.99,1.24
61.9,47,44.31,2.99,1.24
62,47,44.31,2.99,1.24
62.1,47,44.31,2.99,1.24
62.2,47,44.3,2.99,1.24
62.3,47,44.3,2.99,1.24
62.4,47,44.29,2.98,1.24
62.5,47,44.29,2.98,1.24
62.6,47,44.28,2.98,1.25
62.7,47,44.27,2.97,1.25
62.8,47,44.26,2.97,1.25
62.9,47,44.25,2.97,1.25
63,47,44.24,2.96,1.25
63.1,47,44.23,2.96,1.25
63.2,47,44.21,2.95,1.25
63.3,47,44.2,2.95,1.25
63.4,47,44.18,2.94,1.25
63.5,47,44.16,2.93,1.25
63.6,47,44.14,2.93,1.25
63.7,47,44.12,2.92,1.25
63.8,47,44.1,2.91,1.25
63.9,47,44.07,2.9,1.25
64,47,44.05,2.89,1.25
64.1,47,44.02,2.89,1.25
64.2,47,43.99,2.88,1.25
64.3,47,43.96,2.87,1.25
64.4,47,43.93,2.86,1.25
64.5,47,43.9,2.85,1.25
64.6,47,43.86,2.84,1.25
64.7,47,43.83,2.83,1.25
64.8,47,43.79,2.81,1.25
64.9,47,43.75,2.8,1.25
65,47,43.71,2.79,1.25
65.1,47,43.67,2.78,1.26
65.2,47,43.62,2.77,1.26
65.3,47,43.57,2.75,1.26
65.4,47,43.52,2.74,1.26
65.5,47,43.47,2.73,1.26
65.6,47,43.42,2.71,1.26
65.7,47,43.36,2.7,1.26
65.8,47,43.31,2.68,1.26
65.9,47,43.25,2.67,1.26
66,47,43.19,2.66,1.26
66.1,47,43.12,2.64,1.26
58,47.1,44.13,2.8,1.26
58.1,47.1,44.13,2.81,1.26
58.2,47.1,44.14,2.82,1.26
58.3,47.1,44.14,2.83,1.25
58.4,47.1,44.15,2.84,1.25
58.5,47.1,44.16,2.85,1.25
58.6,47.1,44.16,2.86,1.25
58.7,47.1,44.17,2.87,1.25
58.8,47.1,44.18,2.88,1.25
58.9,47.1,44.19,2.89,1.25
59,47.1,44.19,2.9,1.25
59.1,47.1,44.2,2.91,1.25
59.2,47.1,44.21,2.92,1.25
59.3,47.1,44.22,2.93,1.25
59.4,47.1,44.22,2.94,1.25
59.5,47.1,44.23,2.94,1.25
59.6,47.1,44.24,2.95,1.25
59.7,47.1,44.25,2.96,1.25
59.8,47.1,44.26,2.96,1.25
59.9,47.1,44.26,2.97,1.25
60,47.1,44.27,2.98,1.25
60.1,47.1,44.28,2.98,1.25
60.2,47.1,44.29,2.99,1.25
60.3,47.1,44.29,2.99,1.25
60.4,47.1,44.3,3,1.25
60.5,47.1,44.31,3,1.25
60.6,47.1,44.31,3.01,1.25
60.7,47.1,44.32,3.01,1.25
60.8,47.1,44.32,3.01,1.25
60.9,47.1,44.33,3.02,1.25
61,47.1,44.33,3.02,1.25
61.1,47.1,44.34,3.02,1.25
61.2,47.1,44.34,3.02,1.25
61.3,47.1,44.34,3.02,1.25
61.4,47.1,44.35,3.03,1.25
61.5,47.1,44.35,3.03,1.25
61.6,47.1,44.35,3.03,1.25
61.7,47.1,44.35,3.03,1.25
61.8,47.1,44.35,3.03,1.25
61.9,47.1,44.35,3.03,1.25
62,47.1,44.34,3.03,1.25
62.1,47.1,44.34,3.02,1.25
62.2,47.1,44.34,3.02,1.25
62.3,47.1,44.33,3.02,1.25
62.4,47.1,44.33,3.02,1.25
62.5,47.1,44.32,3.02,1.25
62.6,47.1,44.31,3.01,1.25
62.7,47.1,44.3,3.01,1.25
62.8,47.1,44.29,3,1.25
62.9,47.1,44.28,3,1.25
63,47.1,44.27,3,1.25
63.1,47.1,44.26,2.99,1.25
63.2,47.1,44.24,2.99,1.25
63.3,47.1,44.23,2.98,1.25
63.4,47.1,44.21,2.97,1.25
63.5,47.1,44.19,2.97,1.25
63.6,47.1,44.17,2.96,1.25
63.7,47.1,44.15,2.95,1.25
63.8,47.1,44.13,2.94,1.26
63.9,47.1,44.11,2.94,1.26
64,47.1,44.08,2.93,1.26
64.1,47.1,44.05,2.92,1.26
64.2,47.1,44.03,2.91,1.26
64.3,47.1,44,2.9,1.26
64.4,47.1,43.97,2.89,1.26
64.5,47.1,43.93,2.88,1.26
64.6,47.1,43.9,2.87,1.26
64.7,47.1,43.86,2.86,1.26
64.8,47.1,43.82,2.85,1.26
64.9,47.1,43.78,2.84,1.26
65,47.1,43.74,2.82,1.26
65.1,47.1,43.7,2.81,1.26
65.2,47.1,43.65,2.8,1.26
65.3,47.1,43.61,2.79,1.26
65.4,47.1,43.56,2.77,1.26
65.5,47.1,43.51,2.76,1.26
65.6,47.1,43.45,2.74,1.26
65.7,47.1,43.4,2.73,1.26
65.8,47.1,43.34,2.72,1.27
65.9,47.1,43.28,2.7,1.27
66,47.1,43.22,2.69,1.27
66.1,47.1,43.16,2.67,1.27
58,47.2,44.16,2.83,1.26
58.1,47.2,44.17,2.84,1.26
58.2,47.2,44.17,2.85,1.26
58.3,47.2,44.18,2.86,1.26
58.4,47.2,44.18,2.88,1.26
58.5,47.2,44.19,2.89,1.26
58.6,47.2,44.2,2.9,1.26
58.7,47.2,44.2,2.91,1.26
58.8,47.2,44.21,2.92,1.26
58.9,47.2,44.22,2.92,1.26
59,47.2,44.22,2.93,1.26
59.1,47.2,44.23,2.94,1.26
59.2,47.2,44.24,2.95,1.26
59.3,47.2,44.25,2.96,1.26
59.4,47.2,44.26,2.97,1.26
59.5,47.2,44.26,2.98,1.26
59.6,47.2,44.27,2.98,1.26
59.7,47.2,44.28,2.99,1.26
59.8,47.2,44.29,3,1.26
59.9,47.2,44.3,3,1.26
60,47.2,44.3,3.01,1.26
60.1,47.2,44.31,3.02,1.26
60.2,47.2,44.32,3.02,1.26
60.3,47.2,44.33,3.03,1.26
60.4,47.2,44.33,3.03,1.26
60.5,47.2,44.34,3.04,1.26
60.6,47.2,44.34,3.04,1.26
60.7,47.2,44.35,3.04,1.26
60.8,47.2,44.36,3.05,1.26
60.9,47.2,44.36,3.05,1.26
61,47.2,44.37,3.05,1.26
61.1,47.2,44.37,3.06,1.26
61.2,47.2,44.37,3.06,1.26
61.3,47.2,44.38,3.06,1.26
61.4,47.2,44.38,3.06,1.26
61.5,47.2,44.38,3.06,1.26
61.6,47.2,44.38,3.06,1.26
61.7,47.2,44.38,3.06,1.26
61.8,47.2,44.38,3.06,1.26
61.9,47.2,44.38,3.06,1.26
62,47.2,44.38,3.06,1.26
62.1,47.2,44.37,3.06,1.26
62.2,47.2,44.37,3.06,1.26
62.3,47.2,44.36,3.06,1.26
62.4,47.2,44.36,3.05,1.26
62.5,47.2,44.35,3.05,1.26
62.6,47.2,44.34,3.05,1.26
62.7,47.2,44.34,3.04,1.26
62.8,47.2,44.33,3.04,1.26
62.9,47.2,44.32,3.03,1.26
63,47.2,44.3,3.03,1.26
63.1,47.2,44.29,3.02,1.26
63.2,47.2,44.28,3.02,1.26
63.3,47.2,44.26,3.01,1.26
63.4,47.2,44.24,3.01,1.26
63.5,47.2,44.23,3,1.26
63.6,47.2,44.21,2.99,1.26
63.7,47.2,44.19,2.99,1.26
63.8,47.2,44.16,2.98,1.26
63.9,47.2,44.14,2.97,1.26
64,47.2,44.11,2.96,1.26
64.1,47.2,44.09,2.95,1.26
64.2,47.2,44.06,2.94,1.26
64.3,47.2,44.03,2.93,1.26
64.4,47.2,44,2.92,1.26
64.5,47.2,43.97,2.91,1.26
64.6,47.2,43.93,2.9,1.27
64.7,47.2,43.89,2.89,1.27
64.8,47.2,43.86,2.88,1.27
64.9,47.2,43.82,2.87,1.27
65,47.2,43.77,2.86,1.27
65.1,47.2,43.73,2.84,1.27
65.2,47.2,43.69,2.83,1.27
65.3,47.2,43.64,2.82,1.27
65.4,47.2,43.59,2.8,1.27
65.5,47.2,43.54,2.79,1.27
65.6,47.2,43.49,2.78,1.27
65.7,47.2,43.43,2.76,1.27
65.8,47.2,43.37,2.75,1.27
65.9,47.2,43.31,2.73,1.27
66,47.2,43.25,2.72,1.27
66.1,47.2,43.19,2.7,1.27
58,47.3,44.19,2.86,1.27
58.1,47.3,44.2,2.87,1.27
58.2,47.3,44.2,2.88,1.27
58.3,47.3,44.21,2.9,1.27
58.4,47.3,44.21,2.91,1.27
58.5,47.3,44.22,2.92,1.27
58.6,47.3,44.23,2.93,1.27
58.7,47.3,44.23,2.94,1.27
58.8,47.3,44.24,2.95,1.27
58.9,47.3,44.25,2.96,1.27
59,47.3,44.26,2.97,1.27
59.1,47.3,44.26,2.98,1.27
59.2,47.3,44.27,2.98,1.27
59.3,47.3,44.28,2.99,1.27
59.4,47.3,44.29,3,1.27
59.5,47.3,44.3,3.01,1.27
59.6,47.3,44.3,3.02,1.27
59.7,47.3,44.31,3.02,1.27
59.8,47.3,44.32,3.03,1.27
59.9,47.3,44.33,3.04,1.27
60,47.3,44.34,3.04,1.27
60.1,47.3,44.34,3.05,1.26
60.2,47.3,44.35,3.05,1.26
60.3,47.3,44.36,3.06,1.26
60.4,47.3,44.36,3.06,1.26
60.5,47.3,44.37,3.07,1.26
60.6,47.3,44.38,3.07,1.26
60.7,47.3,44.38,3.08,1.26
60.8,47.3,44.39,3.08,1.26
60.9,47.3,44.39,3.08,1.26
61,47.3,44.4,3.09,1.26
61.1,47.3,44.4,3.09,1.26
61.2,47.3,44.4,3.09,1.26
61.3,47.3,44.41,3.09,1.26
61.4,47.3,44.41,3.09,1.26
61.5,47.3,44.41,3.1,1.26
61.6,47.3,44.41,3.1,1.26
61.7,47.3,44.41,3.1,1.26
61.8,47.3,44.41,3.1,1.26
61.9,47.3,44.41,3.1,1.26
62,47.3,44.41,3.09,1.26
62.1,47.3,44.4,3.09,1.26
62.2,47.3,44.4,3.09,1.26
62.3,47.3,44.4,3.09,1.26
62.4,47.3,44.39,3.09,1.26
62.5,47.3,44.38,3.08,1.27
62.6,47.3,44.38,3.08,1.27
62.7,47.3,44.37,3.08,1.27
62.8,47.3,44.36,3.07,1.27
62.9,47.3,44.35,3.07,1.27
63,47.3,44.34,3.06,1.27
63.1,47.3,44.32,3.06,1.27
63.2,47.3,44.31,3.05,1.27
63.3,47.3,44.29,3.05,1.27
63.4,47.3,44.28,3.04,1.27
63.5,47.3,44.26,3.03,1.27
63.6,47.3,44.24,3.03,1.27
63.7,47.3,44.22,3.02,1.27
63.8,47.3,44.2,3.01,1.27
63.9,47.3,44.17,3,1.27
64,47.3,44.15,2.99,1.27
64.1,47.3,44.12,2.99,1.27
64.2,47.3,44.09,2.98,1.27
64.3,47.3,44.06,2.97,1.27
64.4,47.3,44.03,2.96,1.27
64.5,47.3,44,2.95,1.27
64.6,47.3,43.96,2.93,1.27
64.7,47.3,43.93,2.92,1.27
64.8,47.3,43.89,2.91,1.27
64.9,47.3,43.85,2.9,1.27
65,47.3,43.81,2.89,1.27
65.1,47.3,43.76,2.88,1.27
65.2,47.3,43.72,2.86,1.27
65.3,47.3,43.67,2.85,1.27
65.4,47.3,43.62,2.84,1.28
65.5,47.3,43.57,2.82,1.28
65.6,47.3,43.52,2.81,1.28
65.7,47.3,43.46,2.79,1.28
65.8,47.3,43.41,2.78,1.28
65.9,47.3,43.35,2.76,1.28
66,47.3,43.29,2.75,1.28
66.1,47.3,43.22,2.73,1.28
58,47.4,44.22,2.89,1.28
58.1,47.4,44.23,2.9,1.28
58.2,47.4,44.23,2.92,1.28
58.3,47.4,44.24,2.93,1.28
58.4,47.4,44.25,2.94,1.28
58.5,47.4,44.25,2.95,1.28
58.6,47.4,44.26,2.96,1.28
58.7,47.4,44.27,2.97,1.28
58.8,47.4,44.27,2.98,1.28
58.9,47.4,44.28,2.99,1.27
59,47.4,44.29,3,1.27
59.1,47.4,44.3,3.01,1.27
59.2,47.4,44.3,3.02,1.27
59.3,47.4,44.31,3.02,1.27
59.4,47.4,44.32,3.03,1.27
59.5,47.4,44.33,3.04,1.27
59.6,47.4,44.34,3.05,1.27
59.7,47.4,44.34,3.06,1.27
59.8,47.4,44.35,3.06,1.27
59.9,47.4,44.36,3.07,1.27
60,47.4,44.37,3.08,1.27
60.1,47.4,44.37,3.08,1.27
60.2,47.4,44.38,3.09,1.27
60.3,47.4,44.39,3.09,1.27
60.4,47.4,44.4,3.1,1.27
60.5,47.4,44.4,3.1,1.27
60.6,47.4,44.41,3.11,1.27
60.7,47.4,44.41,3.11,1.27
60.8,47.4,44.42,3.11,1.27
60.9,47.4,44.42,3.12,1.27
61,47.4,44.43,3.12,1.27
61.1,47.4,44.43,3.12,1.27
61.2,47.4,44.44,3.13,1.27
61.3,47.4,44.44,3.13,1.27
61.4,47.4,44.44,3.13,1.27
61.5,47.4,44.44,3.13,1.27
61.6,47.4,44.44,3.13,1.27
61.7,47.4,44.44,3.13,1.27
61.8,47.4,44.44,3.13,1.27
61.9,47.4,44.44,3.13,1.27
62,47.4,44.44,3.13,1.27
62.1,47.4,44.44,3.13,1.27
62.2,47.4,44.43,3.13,1.27
62.3,47.4,44.43,3.12,1.27
62.4,47.4,44.42,3.12,1.27
62.5,47.4,44.42,3.12,1.27
62.6,47.4,44.41,3.11,1.27
62.7,47.4,44.4,3.11,1.27
62.8,47.4,44.39,3.11,1.27
62.9,47.4,44.38,3.1,1.27
63,47.4,44.37,3.1,1.27
63.1,47.4,44.35,3.09,1.27
63.2,47.4,44.34,3.09,1.27
63.3,47.4,44.32,3.08,1.27
63.4,47.4,44.31,3.07,1.27
63.5,47.4,44.29,3.07,1.27
63.6,47.4,44.27,3.06,1.27
63.7,47.4,44.25,3.05,1.27
63.8,47.4,44.23,3.04,1.27
63.9,47.4,44.2,3.04,1.28
64,47.4,44.18,3.03,1.28
64.1,47.4,44.15,3.02,1.28
64.2,47.4,44.12,3.01,1.28
64.3,47.4,44.09,3,1.28
64.4,47.4,44.06,2.99,1.28
64.5,47.4,44.03,2.98,1.28
64.6,47.4,44,2.97,1.28
64.7,47.4,43.96,2.96,1.28
64.8,47.4,43.92,2.94,1.28
64.9,47.4,43.88,2.93,1.28
65,47.4,43.84,2.92,1.28
65.1,47.4,43.8,2.91,1.28
65.2,47.4,43.75,2.89,1.28
65.3,47.4,43.7,2.88,1.28
65.4,47.4,43.66,2.87,1.28
65.5,47.4,43.6,2.85,1.28
65.6,47.4,43.55,2.84,1.28
65.7,47.4,43.5,2.82,1.28
65.8,47.4,43.44,2.81,1.28
65.9,47.4,43.38,2.79,1.28
66,47.4,43.32,2.78,1.29
66.1,47.4,43.26,2.76,1.29
58,47.5,44.26,2.92,1.29
58.1,47.5,44.26,2.93,1.29
58.2,47.5,44.27,2.95,1.29
58.3,47.5,44.27,2.96,1.28
58.4,47.5,44.28,2.97,1.28
58.5,47.5,44.28,2.98,1.28
58.6,47.5,44.29,2.99,1.28
58.7,47.5,44.3,3,1.28
58.8,47.5,44.3,3.01,1.28
58.9,47.5,44.31,3.02,1.28
59,47.5,44.32,3.03,1.28
59.1,47.5,44.33,3.04,1.28
59.2,47.5,44.33,3.05,1.28
59.3,47.5,44.34,3.06,1.28
59.4,47.5,44.35,3.07,1.28
59.5,47.5,44.36,3.07,1.28
59.6,47.5,44.37,3.08,1.28
59.7,47.5,44.37,3.09,1.28
59.8,47.5,44.38,3.1,1.28
59.9,47.5,44.39,3.1,1.28
60,47.5,44.4,3.11,1.28
60.1,47.5,44.41,3.12,1.28
60.2,47.5,44.41,3.12,1.28
60.3,47.5,44.42,3.13,1.28
60.4,47.5,44.43,3.13,1.28
60.5,47.5,44.43,3.14,1.28
60.6,47.5,44.44,3.14,1.28
60.7,47.5,44.44,3.14,1.28
60.8,47.5,44.45,3.15,1.28
60.9,47.5,44.46,3.15,1.28
61,47.5,44.46,3.15,1.28
61.1,47.5,44.46,3.16,1.28
61.2,47.5,44.47,3.16,1.28
61.3,47.5,44.47,3.16,1.28
61.4,47.5,44.47,3.16,1.28
61.5,47.5,44.47,3.16,1.28
61.6,47.5,44.47,3.16,1.28
61.7,47.5,44.47,3.16,1.28
61.8,47.5,44.47,3.16,1.28
61.9,47.5,44.47,3.16,1.28
62,47.5,44.47,3.16,1.28
62.1,47.5,44.47,3.16,1.28
62.2,47.5,44.46,3.16,1.28
62.3,47.5,44.46,3.16,1.28
62.4,47.5,44.45,3.15,1.28
62.5,47.5,44.45,3.15,1.28
62.6,47.5,44.44,3.15,1.28
62.7,47.5,44.43,3.14,1.28
62.8,47.5,44.42,3.14,1.28
62.9,47.5,44.41,3.14,1.28
63,47.5,44.4,3.13,1.28
63.1,47.5,44.39,3.13,1.28
63.2,47.5,44.37,3.12,1.28
63.3,47.5,44.36,3.11,1.28
63.4,47.5,44.34,3.11,1.28
63.5,47.5,44.32,3.1,1.28
63.6,47.5,44.3,3.09,1.28
63.7,47.5,44.28,3.09,1.28
63.8,47.5,44.26,3.08,1.28
63.9,47.5,44.24,3.07,1.28
64,47.5,44.21,3.06,1.28
64.1,47.5,44.18,3.05,1.28
64.2,47.5,44.16,3.04,1.28
64.3,47.5,44.13,3.03,1.28
64.4,47.5,44.1,3.02,1.28
64.5,47.5,44.06,3.01,1.28
64.6,47.5,44.03,3,1.28
64.7,47.5,43.99,2.99,1.28
64.8,47.5,43.95,2.98,1.29
64.9,47.5,43.91,2.96,1.29
65,47.5,43.87,2.95,1.29
65.1,47.5,43.83,2.94,1.29
65.2,47.5,43.78,2.93,1.29
65.3,47.5,43.74,2.91,1.29
65.4,47.5,43.69,2.9,1.29
65.5,47.5,43.64,2.88,1.29
65.6,47.5,43.58,2.87,1.29
65.7,47.5,43.53,2.85,1.29
65.8,47.5,43.47,2.84,1.29
65.9,47.5,43.41,2.82,1.29
66,47.5,43.35,2.81,1.29
66.1,47.5,43.29,2.79,1.29
58,47.6,44.29,2.95,1.29
58.1,47.6,44.29,2.96,1.29
58.2,47.6,44.3,2.98,1.29
58.3,47.6,44.3,2.99,1.29
58.4,47.6,44.31,3,1.29
58.5,47.6,44.31,3.01,1.29
58.6,47.6,44.32,3.02,1.29
58.7,47.6,44.33,3.03,1.29
58.8,47.6,44.34,3.04,1.29
58.9,47.6,44.34,3.05,1.29
59,47.6,44.35,3.06,1.29
59.1,47.6,44.36,3.07,1.29
59.2,47.6,44.37,3.08,1.29
59.3,47.6,44.37,3.09,1.29
59.4,47.6,44.38,3.1,1.29
59.5,47.6,44.39,3.11,1.29
59.6,47.6,44.4,3.11,1.29
59.7,47.6,44.41,3.12,1.29
59.8,47.6,44.41,3.13,1.29
59.9,47.6,44.42,3.13,1.29
60,47.6,44.43,3.14,1.29
60.1,47.6,44.44,3.15,1.29
60.2,47.6,44.44,3.15,1.29
60.3,47.6,44.45,3.16,1.29
60.4,47.6,44.46,3.16,1.29
60.5,47.6,44.46,3.17,1.29
60.6,47.6,44.47,3.17,1.29
60.7,47.6,44.48,3.18,1.29
60.8,47.6,44.48,3.18,1.29
60.9,47.6,44.49,3.18,1.29
61,47.6,44.49,3.19,1.29
61.1,47.6,44.49,3.19,1.29
61.2,47.6,44.5,3.19,1.29
61.3,47.6,44.5,3.19,1.29
61.4,47.6,44.5,3.2,1.29
61.5,47.6,44.5,3.2,1.28
61.6,47.6,44.51,3.2,1.28
61.7,47.6,44.51,3.2,1.28
61.8,47.6,44.51,3.2,1.29
61.9,47.6,44.5,3.2,1.29
62,47.6,44.5,3.2,1.29
62.1,47.6,44.5,3.19,1.29
62.2,47.6,44.5,3.19,1.29
62.3,47.6,44.49,3.19,1.29
62.4,47.6,44.49,3.19,1.29
62.5,47.6,44.48,3.19,1.29
62.6,47.6,44.47,3.18,1.29
62.7,47.6,44.46,3.18,1.29
62.8,47.6,44.45,3.17,1.29
62.9,47.6,44.44,3.17,1.29
63,47.6,44.43,3.16,1.29
63.1,47.6,44.42,3.16,1.29
63.2,47.6,44.4,3.15,1.29
63.3,47.6,44.39,3.15,1.29
63.4,47.6,44.37,3.14,1.29
63.5,47.6,44.35,3.13,1.29
63.6,47.6,44.33,3.13,1.29
63.7,47.6,44.31,3.12,1.29
63.8,47.6,44.29,3.11,1.29
63.9,47.6,44.27,3.1,1.29
64,47.6,44.24,3.09,1.29
64.1,47.6,44.22,3.08,1.29
64.2,47.6,44.19,3.07,1.29
64.3,47.6,44.16,3.06,1.29
64.4,47.6,44.13,3.05,1.29
64.5,47.6,44.09,3.04,1.29
64.6,47.6,44.06,3.03,1.29
64.7,47.6,44.02,3.02,1.29
64.8,47.6,43.99,3.01,1.29
64.9,47.6,43.95,3,1.29
65,47.6,43.9,2.98,1.29
65.1,47.6,43.86,2.97,1.29
65.2,47.6,43.82,2.96,1.29
65.3,47.6,43.77,2.94,1.29
65.4,47.6,43.72,2.93,1.29
65.5,47.6,43.67,2.92,1.29
65.6,47.6,43.62,2.9,1.3
65.7,47.6,43.56,2.89,1.3
65.8,47.6,43.5,2.87,1.3
65.9,47.6,43.45,2.85,1.3
66,47.6,43.38,2.84,1.3
66.1,47.6,43.32,2.82,1.3
58,47.7,44.32,2.98,1.3
58.1,47.7,44.32,2.99,1.3
58.2,47.7,44.33,3.01,1.3
58.3,47.7,44.33,3.02,1.3
58.4,47.7,44.34,3.03,1.3
58.5,47.7,44.35,3.04,1.3
58.6,47.7,44.35,3.05,1.3
58.7,47.7,44.36,3.06,1.3
58.8,47.7,44.37,3.07,1.3
58.9,47.7,44.37,3.08,1.3
59,47.7,44.38,3.09,1.3
59.1,47.7,44.39,3.1,1.3
59.2,47.7,44.4,3.11,1.3
59.3,47.7,44.4,3.12,1.3
59.4,47.7,44.41,3.13,1.3
59.5,47.7,44.42,3.14,1.3
59.6,47.7,44.43,3.15,1.3
59.7,47.7,44.44,3.15,1.29
59.8,47.7,44.44,3.16,1.29
59.9,47.7,44.45,3.17,1.29
60,47.7,44.46,3.17,1.29
60.1,47.7,44.47,3.18,1.29
60.2,47.7,44.47,3.19,1.29
60.3,47.7,44.48,3.19,1.29
60.4,47.7,44.49,3.2,1.29
60.5,47.7,44.5,3.2,1.29
60.6,47.7,44.5,3.21,1.29
60.7,47.7,44.51,3.21,1.29
60.8,47.7,44.51,3.21,1.29
60.9,47.7,44.52,3.22,1.29
61,47.7,44.52,3.22,1.29
61.1,47.7,44.53,3.22,1.29
61.2,47.7,44.53,3.23,1.29
61.3,47.7,44.53,3.23,1.29
61.4,47.7,44.53,3.23,1.29
61.5,47.7,44.54,3.23,1.29
61.6,47.7,44.54,3.23,1.29
61.7,47.7,44.54,3.23,1.29
61.8,47.7,44.54,3.23,1.29
61.9,47.7,44.54,3.23,1.29
62,47.7,44.53,3.23,1.29
62.1,47.7,44.53,3.23,1.29
62.2,47.7,44.53,3.23,1.29
62.3,47.7,44.52,3.22,1.29
62.4,47.7,44.52,3.22,1.29
62.5,47.7,44.51,3.22,1.29
62.6,47.7,44.5,3.22,1.29
62.7,47.7,44.49,3.21,1.29
62.8,47.7,44.48,3.21,1.29
62.9,47.7,44.47,3.2,1.29
63,47.7,44.46,3.2,1.29
63.1,47.7,44.45,3.19,1.29
63.2,47.7,44.43,3.19,1.29
63.3,47.7,44.42,3.18,1.29
63.4,47.7,44.4,3.17,1.29
63.5,47.7,44.38,3.17,1.29
63.6,47.7,44.37,3.16,1.29
63.7,47.7,44.34,3.15,1.29
63.8,47.7,44.32,3.14,1.29
63.9,47.7,44.3,3.13,1.3
64,47.7,44.27,3.13,1.3
64.1,47.7,44.25,3.12,1.3
64.2,47.7,44.22,3.11,1.3
64.3,47.7,44.19,3.1,1.3
64.4,47.7,44.16,3.09,1.3
64.5,47.7,44.13,3.07,1.3
64.6,47.7,44.09,3.06,1.3
64.7,47.7,44.06,3.05,1.3
64.8,47.7,44.02,3.04,1.3
64.9,47.7,43.98,3.03,1.3
65,47.7,43.94,3.01,1.3
65.1,47.7,43.89,3,1.3
65.2,47.7,43.85,2.99,1.3
65.3,47.7,43.8,2.97,1.3
65.4,47.7,43.75,2.96,1.3
65.5,47.7,43.7,2.95,1.3
65.6,47.7,43.65,2.93,1.3
65.7,47.7,43.59,2.92,1.3
65.8,47.7,43.54,2.9,1.3
65.9,47.7,43.48,2.88,1.3
66,47.7,43.42,2.87,1.3
66.1,47.7,43.35,2.85,1.3
58,47.8,44.35,3.01,1.31
58.1,47.8,44.35,3.02,1.31
58.2,47.8,44.36,3.04,1.31
58.3,47.8,44.36,3.05,1.31
58.4,47.8,44.37,3.06,1.31
58.5,47.8,44.38,3.07,1.31
58.6,47.8,44.38,3.08,1.31
58.7,47.8,44.39,3.09,1.31
58.8,47.8,44.4,3.1,1.31
58.9,47.8,44.4,3.11,1.3
59,47.8,44.41,3.12,1.3
59.1,47.8,44.42,3.13,1.3
59.2,47.8,44.43,3.14,1.3
59.3,47.8,44.44,3.15,1.3
59.4,47.8,44.44,3.16,1.3
59.5,47.8,44.45,3.17,1.3
59.6,47.8,44.46,3.18,1.3
59.7,47.8,44.47,3.18,1.3
59.8,47.8,44.48,3.19,1.3
59.9,47.8,44.48,3.2,1.3
60,47.8,44.49,3.21,1.3
60.1,47.8,44.5,3.21,1.3
60.2,47.8,44.51,3.22,1.3
60.3,47.8,44.51,3.22,1.3
60.4,47.8,44.52,3.23,1.3
60.5,47.8,44.53,3.23,1.3
60.6,47.8,44.53,3.24,1.3
60.7,47.8,44.54,3.24,1.3
60.8,47.8,44.54,3.25,1.3
60.9,47.8,44.55,3.25,1.3
61,47.8,44.55,3.25,1.3
61.1,47.8,44.56,3.26,1.3
61.2,47.8,44.56,3.26,1.3
61.3,47.8,44.56,3.26,1.3
61.4,47.8,44.57,3.26,1.3
61.5,47.8,44.57,3.26,1.3
61.6,47.8,44.57,3.26,1.3
61.7,47.8,44.57,3.26,1.3
61.8,47.8,44.57,3.26,1.3
61.9,47.8,44.57,3.26,1.3
62,47.8,44.56,3.26,1.3
62.1,47.8,44.56,3.26,1.3
62.2,47.8,44.56,3.26,1.3
62.3,47.8,44.55,3.26,1.3
62.4,47.8,44.55,3.25,1.3
62.5,47.8,44.54,3.25,1.3
62.6,47.8,44.53,3.25,1.3
62.7,47.8,44.53,3.24,1.3
62.8,47.8,44.52,3.24,1.3
62.9,47.8,44.51,3.24,1.3
63,47.8,44.49,3.23,1.3
63.1,47.8,44.48,3.23,1.3
63.2,47.8,44.47,3.22,1.3
63.3,47.8,44.45,3.21,1.3
63.4,47.8,44.43,3.21,1.3
63.5,47.8,44.42,3.2,1.3
63.6,47.8,44.4,3.19,1.3
63.7,47.8,44.38,3.18,1.3
63.8,47.8,44.35,3.18,1.3
63.9,47.8,44.33,3.17,1.3
64,47.8,44.31,3.16,1.3
64.1,47.8,44.28,3.15,1.3
64.2,47.8,44.25,3.14,1.3
64.3,47.8,44.22,3.13,1.3
64.4,47.8,44.19,3.12,1.3
64.5,47.8,44.16,3.11,1.3
64.6,47.8,44.12,3.1,1.3
64.7,47.8,44.09,3.08,1.3
64.8,47.8,44.05,3.07,1.3
64.9,47.8,44.01,3.06,1.31
65,47.8,43.97,3.05,1.31
65.1,47.8,43.93,3.03,1.31
65.2,47.8,43.88,3.02,1.31
65.3,47.8,43.83,3.01,1.31
65.4,47.8,43.78,2.99,1.31
65.5,47.8,43.73,2.98,1.31
65.6,47.8,43.68,2.96,1.31
65.7,47.8,43.63,2.95,1.31
65.8,47.8,43.57,2.93,1.31
65.9,47.8,43.51,2.91,1.31
66,47.8,43.45,2.9,1.31
66.1,47.8,43.39,2.88,1.31
58,47.9,44.38,3.04,1.32
58.1,47.9,44.38,3.05,1.32
58.2,47.9,44.39,3.07,1.32
58.3,47.9,44.4,3.08,1.32
58.4,47.9,44.4,3.09,1.31
58.5,47.9,44.41,3.1,1.31
58.6,47.9,44.41,3.11,1.31
58.7,47.9,44.42,3.12,1.31
58.8,47.9,44.43,3.13,1.31
58.9,47.9,44.44,3.14,1.31
59,47.9,44.44,3.15,1.31
59.1,47.9,44.45,3.16,1.31
59.2,47.9,44.46,3.17,1.31
59.3,47.9,44.47,3.18,1.31
59.4,47.9,44.47,3.19,1.31
59.5,47.9,44.48,3.2,1.31
59.6,47.9,44.49,3.21,1.31
59.7,47.9,44.5,3.22,1.31
59.8,47.9,44.51,3.22,1.31
59.9,47.9,44.51,3.23,1.31
60,47.9,44.52,3.24,1.31
60.1,47.9,44.53,3.24,1.31
60.2,47.9,44.54,3.25,1.31
60.3,47.9,44.54,3.26,1.31
60.4,47.9,44.55,3.26,1.31
60.5,47.9,44.56,3.27,1.31
60.6,47.9,44.56,3.27,1.31
60.7,47.9,44.57,3.27,1.31
60.8,47.9,44.57,3.28,1.31
60.9,47.9,44.58,3.28,1.31
61,47.9,44.58,3.29,1.31
61.1,47.9,44.59,3.29,1.31
61.2,47.9,44.59,3.29,1.31
61.3,47.9,44.59,3.29,1.31
61.4,47.9,44.6,3.29,1.31
61.5,47.9,44.6,3.3,1.31
61.6,47.9,44.6,3.3,1.31
61.7,47.9,44.6,3.3,1.31
61.8,47.9,44.6,3.3,1.31
61.9,47.9,44.6,3.3,1.31
62,47.9,44.6,3.29,1.31
62.1,47.9,44.59,3.29,1.31
62.2,47.9,44.59,3.29,1.31
62.3,47.9,44.58,3.29,1.31
62.4,47.9,44.58,3.29,1.31
62.5,47.9,44.57,3.28,1.31
62.6,47.9,44.56,3.28,1.31
62.7,47.9,44.56,3.28,1.31
62.8,47.9,44.55,3.27,1.31
62.9,47.9,44.54,3.27,1.31
63,47.9,44.52,3.26,1.31
63.1,47.9,44.51,3.26,1.31
63.2,47.9,44.5,3.25,1.31
63.3,47.9,44.48,3.25,1.31
63.4,47.9,44.47,3.24,1.31
63.5,47.9,44.45,3.23,1.31
63.6,47.9,44.43,3.22,1.31
63.7,47.9,44.41,3.22,1.31
63.8,47.9,44.39,3.21,1.31
63.9,47.9,44.36,3.2,1.31
64,47.9,44.34,3.19,1.31
64.1,47.9,44.31,3.18,1.31
64.2,47.9,44.28,3.17,1.31
64.3,47.9,44.25,3.16,1.31
64.4,47.9,44.22,3.15,1.31
64.5,47.9,44.19,3.14,1.31
64.6,47.9,44.16,3.13,1.31
64.7,47.9,44.12,3.11,1.31
64.8,47.9,44.08,3.1,1.31
64.9,47.9,44.04,3.09,1.31
65,47.9,44,3.08,1.31
65.1,47.9,43.96,3.06,1.31
65.2,47.9,43.91,3.05,1.31
65.3,47.9,43.87,3.04,1.31
65.4,47.9,43.82,3.02,1.31
65.5,47.9,43.77,3.01,1.31
65.6,47.9,43.71,2.99,1.31
65.7,47.9,43.66,2.98,1.32
65.8,47.9,43.6,2.96,1.32
65.9,47.9,43.54,2.94,1.32
66,47.9,43.48,2.93,1.32
66.1,47.9,43.42,2.91,1.32
58,48,44.41,3.07,1.32
58.1,48,44.42,3.08,1.32
58.2,48,44.42,3.09,1.32
58.3,48,44.43,3.11,1.32
58.4,48,44.43,3.12,1.32
58.5,48,44.44,3.13,1.32
58.6,48,44.44,3.14,1.32
58.7,48,44.45,3.15,1.32
58.8,48,44.46,3.16,1.32
58.9,48,44.47,3.17,1.32
59,48,44.47,3.18,1.32
59.1,48,44.48,3.19,1.32
59.2,48,44.49,3.2,1.32
59.3,48,44.5,3.21,1.32
59.4,48,44.5,3.22,1.32
59.5,48,44.51,3.23,1.32
59.6,48,44.52,3.24,1.32
59.7,48,44.53,3.25,1.32
59.8,48,44.54,3.25,1.32
59.9,48,44.54,3.26,1.32
60,48,44.55,3.27,1.32
60.1,48,44.56,3.28,1.32
60.2,48,44.57,3.28,1.32
60.3,48,44.57,3.29,1.32
60.4,48,44.58,3.29,1.32
60.5,48,44.59,3.3,1.31
60.6,48,44.59,3.3,1.31
60.7,48,44.6,3.31,1.31
60.8,48,44.6,3.31,1.31
60.9,48,44.61,3.31,1.31
61,48,44.61,3.32,1.31
61.1,48,44.62,3.32,1.31
61.2,48,44.62,3.32,1.31
61.3,48,44.62,3.32,1.31
61.4,48,44.63,3.33,1.31
61.5,48,44.63,3.33,1.31
61.6,48,44.63,3.33,1.31
61.7,48,44.63,3.33,1.31
61.8,48,44.63,3.33,1.31
61.9,48,44.63,3.33,1.31
62,48,44.63,3.33,1.31
62.1,48,44.62,3.33,1.31
62.2,48,44.62,3.32,1.31
62.3,48,44.61,3.32,1.31
62.4,48,44.61,3.32,1.31
62.5,48,44.6,3.32,1.31
62.6,48,44.6,3.31,1.31
62.7,48,44.59,3.31,1.31
62.8,48,44.58,3.3,1.31
62.9,48,44.57,3.3,1.31
63,48,44.56,3.3,1.31
63.1,48,44.54,3.29,1.31
63.2,48,44.53,3.28,1.31
63.3,48,44.51,3.28,1.31
63.4,48,44.5,3.27,1.31
63.5,48,44.48,3.26,1.31
63.6,48,44.46,3.26,1.31
63.7,48,44.44,3.25,1.31
63.8,48,44.42,3.24,1.31
63.9,48,44.39,3.23,1.32
64,48,44.37,3.22,1.32
64.1,48,44.34,3.21,1.32
64.2,48,44.31,3.2,1.32
64.3,48,44.28,3.19,1.32
64.4,48,44.25,3.18,1.32
64.5,48,44.22,3.17,1.32
64.6,48,44.19,3.16,1.32
64.7,48,44.15,3.15,1.32
64.8,48,44.11,3.13,1.32
64.9,48,44.07,3.12,1.32
65,48,44.03,3.11,1.32
65.1,48,43.99,3.09,1.32
65.2,48,43.94,3.08,1.32
65.3,48,43.9,3.07,1.32
65.4,48,43.85,3.05,1.32
65.5,48,43.8,3.04,1.32
65.6,48,43.74,3.02,1.32
65.7,48,43.69,3.01,1.32
65.8,48,43.63,2.99,1.32
65.9,48,43.57,2.97,1.32
66,48,43.51,2.96,1.32
66.1,48,43.45,2.94,1.32
58,48.1,44.44,3.1,1.33
58.1,48.1,44.45,3.11,1.33
58.2,48.1,44.45,3.12,1.33
58.3,48.1,44.46,3.14,1.33
58.4,48.1,44.46,3.15,1.33
58.5,48.1,44.47,3.16,1.33
58.6,48.1,44.47,3.17,1.33
58.7,48.1,44.48,3.18,1.33
58.8,48.1,44.49,3.19,1.33
58.9,48.1,44.5,3.2,1.33
59,48.1,44.5,3.21,1.33
59.1,48.1,44.51,3.22,1.33
59.2,48.1,44.52,3.23,1.33
59.3,48.1,44.53,3.24,1.33
59.4,48.1,44.53,3.25,1.33
59.5,48.1,44.54,3.26,1.33
59.6,48.1,44.55,3.27,1.32
59.7,48.1,44.56,3.28,1.32
59.8,48.1,44.57,3.29,1.32
59.9,48.1,44.57,3.29,1.32
60,48.1,44.58,3.3,1.32
60.1,48.1,44.59,3.31,1.32
60.2,48.1,44.6,3.31,1.32
60.3,48.1,44.6,3.32,1.32
60.4,48.1,44.61,3.32,1.32
60.5,48.1,44.62,3.33,1.32
60.6,48.1,44.62,3.33,1.32
60.7,48.1,44.63,3.34,1.32
60.8,48.1,44.63,3.34,1.32
60.9,48.1,44.64,3.35,1.32
61,48.1,44.64,3.35,1.32
61.1,48.1,44.65,3.35,1.32
61.2,48.1,44.65,3.35,1.32
61.3,48.1,44.65,3.36,1.32
61.4,48.1,44.66,3.36,1.32
61.5,48.1,44.66,3.36,1.32
61.6,48.1,44.66,3.36,1.32
61.7,48.1,44.66,3.36,1.32
61.8,48.1,44.66,3.36,1.32
61.9,48.1,44.66,3.36,1.32
62,48.1,44.66,3.36,1.32
62.1,48.1,44.65,3.36,1.32
62.2,48.1,44.65,3.36,1.32
62.3,48.1,44.65,3.35,1.32
62.4,48.1,44.64,3.35,1.32
62.5,48.1,44.63,3.35,1.32
62.6,48.1,44.63,3.35,1.32
62.7,48.1,44.62,3.34,1.32
62.8,48.1,44.61,3.34,1.32
62.9,48.1,44.6,3.33,1.32
63,48.1,44.59,3.33,1.32
63.1,48.1,44.57,3.32,1.32
63.2,48.1,44.56,3.32,1.32
63.3,48.1,44.54,3.31,1.32
63.4,48.1,44.53,3.3,1.32
63.5,48.1,44.51,3.3,1.32
63.6,48.1,44.49,3.29,1.32
63.7,48.1,44.47,3.28,1.32
63.8,48.1,44.45,3.27,1.32
63.9,48.1,44.42,3.26,1.32
64,48.1,44.4,3.25,1.32
64.1,48.1,44.37,3.24,1.32
64.2,48.1,44.34,3.23,1.32
64.3,48.1,44.32,3.22,1.32
64.4,48.1,44.28,3.21,1.32
64.5,48.1,44.25,3.2,1.32
64.6,48.1,44.22,3.19,1.32
64.7,48.1,44.18,3.18,1.32
64.8,48.1,44.14,3.16,1.32
64.9,48.1,44.1,3.15,1.32
65,48.1,44.06,3.14,1.33
65.1,48.1,44.02,3.12,1.33
65.2,48.1,43.98,3.11,1.33
65.3,48.1,43.93,3.1,1.33
65.4,48.1,43.88,3.08,1.33
65.5,48.1,43.83,3.07,1.33
65.6,48.1,43.78,3.05,1.33
65.7,48.1,43.72,3.04,1.33
65.8,48.1,43.67,3.02,1.33
65.9,48.1,43.61,3,1.33
66,48.1,43.55,2.99,1.33
66.1,48.1,43.48,2.97,1.33
58,48.2,44.47,3.13,1.34
58.1,48.2,44.48,3.14,1.34
58.2,48.2,44.48,3.15,1.34
58.3,48.2,44.49,3.16,1.34
58.4,48.2,44.49,3.18,1.34
58.5,48.2,44.5,3.19,1.34
58.6,48.2,44.5,3.2,1.34
58.7,48.2,44.51,3.21,1.34
58.8,48.2,44.52,3.22,1.34
58.9,48.2,44.53,3.23,1.34
59,48.2,44.53,3.24,1.33
59.1,48.2,44.54,3.25,1.33
59.2,48.2,44.55,3.26,1.33
59.3,48.2,44.56,3.27,1.33
59.4,48.2,44.56,3.28,1.33
59.5,48.2,44.57,3.29,1.33
59.6,48.2,44.58,3.3,1.33
59.7,48.2,44.59,3.31,1.33
59.8,48.2,44.6,3.32,1.33
59.9,48.2,44.6,3.32,1.33
60,48.2,44.61,3.33,1.33
60.1,48.2,44.62,3.34,1.33
60.2,48.2,44.63,3.34,1.33
60.3,48.2,44.63,3.35,1.33
60.4,48.2,44.64,3.35,1.33
60.5,48.2,44.65,3.36,1.33
60.6,48.2,44.65,3.37,1.33
60.7,48.2,44.66,3.37,1.33
60.8,48.2,44.66,3.37,1.33
60.9,48.2,44.67,3.38,1.33
61,48.2,44.67,3.38,1.33
61.1,48.2,44.68,3.38,1.33
61.2,48.2,44.68,3.39,1.33
61.3,48.2,44.68,3.39,1.33
61.4,48.2,44.69,3.39,1.33
61.5,48.2,44.69,3.39,1.33
61.6,48.2,44.69,3.39,1.33
61.7,48.2,44.69,3.39,1.33
61.8,48.2,44.69,3.39,1.33
61.9,48.2,44.69,3.39,1.33
62,48.2,44.69,3.39,1.33
62.1,48.2,44.68,3.39,1.33
62.2,48.2,44.68,3.39,1.33
62.3,48.2,44.68,3.39,1.33
62.4,48.2,44.67,3.38,1.33
62.5,48.2,44.66,3.38,1.33
62.6,48.2,44.66,3.38,1.33
62.7,48.2,44.65,3.37,1.33
62.8,48.2,44.64,3.37,1.33
62.9,48.2,44.63,3.36,1.33
63,48.2,44.62,3.36,1.33
63.1,48.2,44.6,3.35,1.33
63.2,48.2,44.59,3.35,1.33
63.3,48.2,44.57,3.34,1.33
63.4,48.2,44.56,3.33,1.33
63.5,48.2,44.54,3.33,1.33
63.6,48.2,44.52,3.32,1.33
63.7,48.2,44.5,3.31,1.33
63.8,48.2,44.48,3.3,1.33
63.9,48.2,44.45,3.29,1.33
64,48.2,44.43,3.28,1.33
64.1,48.2,44.4,3.27,1.33
64.2,48.2,44.38,3.26,1.33
64.3,48.2,44.35,3.25,1.33
64.4,48.2,44.32,3.24,1.33
64.5,48.2,44.28,3.23,1.33
64.6,48.2,44.25,3.22,1.33
64.7,48.2,44.21,3.21,1.33
64.8,48.2,44.17,3.19,1.33
64.9,48.2,44.14,3.18,1.33
65,48.2,44.09,3.17,1.33
65.1,48.2,44.05,3.15,1.33
65.2,48.2,44.01,3.14,1.33
65.3,48.2,43.96,3.13,1.33
65.4,48.2,43.91,3.11,1.33
65.5,48.2,43.86,3.1,1.33
65.6,48.2,43.81,3.08,1.33
65.7,48.2,43.75,3.07,1.33
65.8,48.2,43.7,3.05,1.33
65.9,48.2,43.64,3.03,1.34
66,48.2,43.58,3.02,1.34
66.1,48.2,43.51,3,1.34
58,48.3,44.5,3.15,1.35
58.1,48.3,44.51,3.17,1.35
58.2,48.3,44.51,3.18,1.35
58.3,48.3,44.52,3.19,1.35
58.4,48.3,44.52,3.2,1.35
58.5,48.3,44.53,3.22,1.35
58.6,48.3,44.53,3.23,1.34
58.7,48.3,44.54,3.24,1.34
58.8,48.3,44.55,3.25,1.34
58.9,48.3,44.56,3.26,1.34
59,48.3,44.56,3.27,1.34
59.1,48.3,44.57,3.28,1.34
59.2,48.3,44.58,3.29,1.34
59.3,48.3,44.59,3.3,1.34
59.4,48.3,44.59,3.31,1.34
59.5,48.3,44.6,3.32,1.34
59.6,48.3,44.61,3.33,1.34
59.7,48.3,44.62,3.34,1.34
59.8,48.3,44.63,3.35,1.34
59.9,48.3,44.63,3.35,1.34
60,48.3,44.64,3.36,1.34
60.1,48.3,44.65,3.37,1.34
60.2,48.3,44.66,3.37,1.34
60.3,48.3,44.66,3.38,1.34
60.4,48.3,44.67,3.39,1.34
60.5,48.3,44.68,3.39,1.34
60.6,48.3,44.68,3.4,1.34
60.7,48.3,44.69,3.4,1.34
60.8,48.3,44.69,3.4,1.34
60.9,48.3,44.7,3.41,1.34
61,48.3,44.7,3.41,1.34
61.1,48.3,44.71,3.41,1.34
61.2,48.3,44.71,3.42,1.34
61.3,48.3,44.71,3.42,1.34
61.4,48.3,44.72,3.42,1.34
61.5,48.3,44.72,3.42,1.34
61.6,48.3,44.72,3.42,1.34
61.7,48.3,44.72,3.42,1.33
61.8,48.3,44.72,3.42,1.33
61.9,48.3,44.72,3.42,1.33
62,48.3,44.72,3.42,1.33
62.1,48.3,44.71,3.42,1.33
62.2,48.3,44.71,3.42,1.33
62.3,48.3,44.71,3.42,1.33
62.4,48.3,44.7,3.41,1.33
62.5,48.3,44.69,3.41,1.33
62.6,48.3,44.69,3.41,1.33
62.7,48.3,44.68,3.4,1.33
62.8,48.3,44.67,3.4,1.33
62.9,48.3,44.66,3.4,1.33
63,48.3,44.65,3.39,1.33
63.1,48.3,44.63,3.38,1.33
63.2,48.3,44.62,3.38,1.33
63.3,48.3,44.6,3.37,1.33
63.4,48.3,44.59,3.37,1.33
63.5,48.3,44.57,3.36,1.34
63.6,48.3,44.55,3.35,1.34
63.7,48.3,44.53,3.34,1.34
63.8,48.3,44.51,3.33,1.34
63.9,48.3,44.49,3.32,1.34
64,48.3,44.46,3.31,1.34
64.1,48.3,44.43,3.31,1.34
64.2,48.3,44.41,3.29,1.34
64.3,48.3,44.38,3.28,1.34
64.4,48.3,44.35,3.27,1.34
64.5,48.3,44.31,3.26,1.34
64.6,48.3,44.28,3.25,1.34
64.7,48.3,44.24,3.24,1.34
64.8,48.3,44.21,3.23,1.34
64.9,48.3,44.17,3.21,1.34
65,48.3,44.13,3.2,1.34
65.1,48.3,44.08,3.18,1.34
65.2,48.3,44.04,3.17,1.34
65.3,48.3,43.99,3.16,1.34
65.4,48.3,43.94,3.14,1.34
65.5,48.3,43.89,3.13,1.34
65.6,48.3,43.84,3.11,1.34
65.7,48.3,43.78,3.09,1.34
65.8,48.3,43.73,3.08,1.34
65.9,48.3,43.67,3.06,1.34
66,48.3,43.61,3.04,1.34
66.1,48.3,43.55,3.03,1.34
58,48.4,44.53,3.18,1.36
58.1,48.4,44.54,3.19,1.36
58.2,48.4,44.54,3.21,1.35
58.3,48.4,44.55,3.22,1.35
58.4,48.4,44.55,3.23,1.35
58.5,48.4,44.56,3.25,1.35
58.6,48.4,44.56,3.26,1.35
58.7,48.4,44.57,3.27,1.35
58.8,48.4,44.58,3.28,1.35
58.9,48.4,44.59,3.29,1.35
59,48.4,44.59,3.3,1.35
59.1,48.4,44.6,3.31,1.35
59.2,48.4,44.61,3.32,1.35
59.3,48.4,44.62,3.33,1.35
59.4,48.4,44.62,3.34,1.35
59.5,48.4,44.63,3.35,1.35
59.6,48.4,44.64,3.36,1.35
59.7,48.4,44.65,3.37,1.35
59.8,48.4,44.66,3.38,1.35
59.9,48.4,44.66,3.38,1.35
60,48.4,44.67,3.39,1.35
60.1,48.4,44.68,3.4,1.35
60.2,48.4,44.69,3.4,1.35
60.3,48.4,44.69,3.41,1.35
60.4,48.4,44.7,3.42,1.35
60.5,48.4,44.71,3.42,1.34
60.6,48.4,44.71,3.43,1.34
60.7,48.4,44.72,3.43,1.34
60.8,48.4,44.72,3.43,1.34
60.9,48.4,44.73,3.44,1.34
61,48.4,44.73,3.44,1.34
61.1,48.4,44.74,3.45,1.34
61.2,48.4,44.74,3.45,1.34
61.3,48.4,44.74,3.45,1.34
61.4,48.4,44.75,3.45,1.34
61.5,48.4,44.75,3.45,1.34
61.6,48.4,44.75,3.45,1.34
61.7,48.4,44.75,3.45,1.34
61.8,48.4,44.75,3.45,1.34
61.9,48.4,44.75,3.45,1.34
62,48.4,44.75,3.45,1.34
62.1,48.4,44.74,3.45,1.34
62.2,48.4,44.74,3.45,1.34
62.3,48.4,44.74,3.45,1.34
62.4,48.4,44.73,3.45,1.34
62.5,48.4,44.72,3.44,1.34
62.6,48.4,44.72,3.44,1.34
62.7,48.4,44.71,3.44,1.34
62.8,48.4,44.7,3.43,1.34
62.9,48.4,44.69,3.43,1.34
63,48.4,44.68,3.42,1.34
63.1,48.4,44.66,3.42,1.34
63.2,48.4,44.65,3.41,1.34
63.3,48.4,44.63,3.4,1.34
63.4,48.4,44.62,3.4,1.34
63.5,48.4,44.6,3.39,1.34
63.6,48.4,44.58,3.38,1.34
63.7,48.4,44.56,3.37,1.34
63.8,48.4,44.54,3.36,1.34
63.9,48.4,44.52,3.35,1.34
64,48.4,44.49,3.35,1.34
64.1,48.4,44.46,3.34,1.34
64.2,48.4,44.44,3.33,1.34
64.3,48.4,44.41,3.31,1.34
64.4,48.4,44.38,3.3,1.34
64.5,48.4,44.34,3.29,1.34
64.6,48.4,44.31,3.28,1.34
64.7,48.4,44.27,3.27,1.34
64.8,48.4,44.24,3.25,1.34
64.9,48.4,44.2,3.24,1.34
65,48.4,44.16,3.23,1.35
65.1,48.4,44.11,3.21,1.35
65.2,48.4,44.07,3.2,1.35
65.3,48.4,44.02,3.19,1.35
65.4,48.4,43.97,3.17,1.35
65.5,48.4,43.92,3.16,1.35
65.6,48.4,43.87,3.14,1.35
65.7,48.4,43.82,3.12,1.35
65.8,48.4,43.76,3.11,1.35
65.9,48.4,43.7,3.09,1.35
66,48.4,43.64,3.07,1.35
66.1,48.4,43.58,3.06,1.35
58,48.5,44.56,3.21,1.36
58.1,48.5,44.57,3.22,1.36
58.2,48.5,44.57,3.24,1.36
58.3,48.5,44.58,3.25,1.36
58.4,48.5,44.58,3.26,1.36
58.5,48.5,44.59,3.27,1.36
58.6,48.5,44.59,3.28,1.36
58.7,48.5,44.6,3.3,1.36
58.8,48.5,44.61,3.31,1.36
58.9,48.5,44.61,3.32,1.36
59,48.5,44.62,3.33,1.36
59.1,48.5,44.63,3.34,1.36
59.2,48.5,44.64,3.35,1.36
59.3,48.5,44.65,3.36,1.36
59.4,48.5,44.65,3.37,1.36
59.5,48.5,44.66,3.38,1.36
59.6,48.5,44.67,3.39,1.36
59.7,48.5,44.68,3.4,1.36
59.8,48.5,44.69,3.4,1.35
59.9,48.5,44.69,3.41,1.35
60,48.5,44.7,3.42,1.35
60.1,48.5,44.71,3.43,1.35
60.2,48.5,44.72,3.43,1.35
60.3,48.5,44.72,3.44,1.35
60.4,48.5,44.73,3.45,1.35
60.5,48.5,44.74,3.45,1.35
60.6,48.5,44.74,3.46,1.35
60.7,48.5,44.75,3.46,1.35
60.8,48.5,44.75,3.47,1.35
60.9,48.5,44.76,3.47,1.35
61,48.5,44.76,3.47,1.35
61.1,48.5,44.77,3.48,1.35
61.2,48.5,44.77,3.48,1.35
61.3,48.5,44.77,3.48,1.35
61.4,48.5,44.78,3.48,1.35
61.5,48.5,44.78,3.48,1.35
61.6,48.5,44.78,3.48,1.35
61.7,48.5,44.78,3.48,1.35
61.8,48.5,44.78,3.48,1.35
61.9,48.5,44.78,3.48,1.35
62,48.5,44.78,3.48,1.35
62.1,48.5,44.77,3.48,1.35
62.2,48.5,44.77,3.48,1.35
62.3,48.5,44.76,3.48,1.35
62.4,48.5,44.76,3.48,1.35
62.5,48.5,44.75,3.47,1.35
62.6,48.5,44.75,3.47,1.35
62.7,48.5,44.74,3.47,1.35
62.8,48.5,44.73,3.46,1.35
62.9,48.5,44.72,3.46,1.35
63,48.5,44.71,3.45,1.35
63.1,48.5,44.69,3.45,1.35
63.2,48.5,44.68,3.44,1.35
63.3,48.5,44.66,3.43,1.35
63.4,48.5,44.65,3.43,1.35
63.5,48.5,44.63,3.42,1.35
63.6,48.5,44.61,3.41,1.35
63.7,48.5,44.59,3.4,1.35
63.8,48.5,44.57,3.39,1.35
63.9,48.5,44.55,3.39,1.35
64,48.5,44.52,3.38,1.35
64.1,48.5,44.49,3.37,1.35
64.2,48.5,44.47,3.36,1.35
64.3,48.5,44.44,3.34,1.35
64.4,48.5,44.41,3.33,1.35
64.5,48.5,44.37,3.32,1.35
64.6,48.5,44.34,3.31,1.35
64.7,48.5,44.3,3.3,1.35
64.8,48.5,44.27,3.28,1.35
64.9,48.5,44.23,3.27,1.35
65,48.5,44.19,3.26,1.35
65.1,48.5,44.14,3.24,1.35
65.2,48.5,44.1,3.23,1.35
65.3,48.5,44.05,3.21,1.35
65.4,48.5,44,3.2,1.35
65.5,48.5,43.95,3.18,1.35
65.6,48.5,43.9,3.17,1.35
65.7,48.5,43.85,3.15,1.35
65.8,48.5,43.79,3.14,1.35
65.9,48.5,43.73,3.12,1.36
66,48.5,43.67,3.1,1.36
66.1,48.5,43.61,3.08,1.36
58,48.6,44.59,3.24,1.37
58.1,48.6,44.59,3.25,1.37
58.2,48.6,44.6,3.26,1.37
58.3,48.6,44.6,3.28,1.37
58.4,48.6,44.61,3.29,1.37
58.5,48.6,44.62,3.3,1.37
58.6,48.6,44.62,3.31,1.37
58.7,48.6,44.63,3.32,1.37
58.8,48.6,44.64,3.34,1.37
58.9,48.6,44.64,3.35,1.37
59,48.6,44.65,3.36,1.37
59.1,48.6,44.66,3.37,1.37
59.2,48.6,44.67,3.38,1.37
59.3,48.6,44.67,3.39,1.36
59.4,48.6,44.68,3.4,1.36
59.5,48.6,44.69,3.41,1.36
59.6,48.6,44.7,3.42,1.36
59.7,48.6,44.71,3.43,1.36
59.8,48.6,44.71,3.43,1.36
59.9,48.6,44.72,3.44,1.36
60,48.6,44.73,3.45,1.36
60.1,48.6,44.74,3.46,1.36
60.2,48.6,44.74,3.46,1.36
60.3,48.6,44.75,3.47,1.36
60.4,48.6,44.76,3.48,1.36
60.5,48.6,44.77,3.48,1.36
60.6,48.6,44.77,3.49,1.36
60.7,48.6,44.78,3.49,1.36
60.8,48.6,44.78,3.49,1.36
60.9,48.6,44.79,3.5,1.36
61,48.6,44.79,3.5,1.36
61.1,48.6,44.8,3.51,1.36
61.2,48.6,44.8,3.51,1.36
61.3,48.6,44.8,3.51,1.36
61.4,48.6,44.81,3.51,1.36
61.5,48.6,44.81,3.51,1.36
61.6,48.6,44.81,3.51,1.36
61.7,48.6,44.81,3.52,1.36
61.8,48.6,44.81,3.52,1.36
61.9,48.6,44.81,3.51,1.36
62,48.6,44.81,3.51,1.36
62.1,48.6,44.8,3.51,1.36
62.2,48.6,44.8,3.51,1.36
62.3,48.6,44.79,3.51,1.36
62.4,48.6,44.79,3.51,1.36
62.5,48.6,44.78,3.5,1.36
62.6,48.6,44.78,3.5,1.36
62.7,48.6,44.77,3.5,1.36
62.8,48.6,44.76,3.49,1.36
62.9,48.6,44.75,3.49,1.36
63,48.6,44.74,3.48,1.36
63.1,48.6,44.72,3.48,1.36
63.2,48.6,44.71,3.47,1.36
63.3,48.6,44.69,3.46,1.36
63.4,48.6,44.68,3.46,1.36
63.5,48.6,44.66,3.45,1.36
63.6,48.6,44.64,3.44,1.36
63.7,48.6,44.62,3.43,1.36
63.8,48.6,44.6,3.42,1.36
63.9,48.6,44.58,3.42,1.36
64,48.6,44.55,3.41,1.36
64.1,48.6,44.52,3.4,1.36
64.2,48.6,44.5,3.39,1.36
64.3,48.6,44.47,3.37,1.36
64.4,48.6,44.44,3.36,1.36
64.5,48.6,44.4,3.35,1.36
64.6,48.6,44.37,3.34,1.36
64.7,48.6,44.33,3.33,1.36
64.8,48.6,44.3,3.31,1.36
64.9,48.6,44.26,3.3,1.36
65,48.6,44.22,3.29,1.36
65.1,48.6,44.17,3.27,1.36
65.2,48.6,44.13,3.26,1.36
65.3,48.6,44.08,3.24,1.36
65.4,48.6,44.03,3.23,1.36
65.5,48.6,43.98,3.21,1.36
65.6,48.6,43.93,3.2,1.36
65.7,48.6,43.88,3.18,1.36
65.8,48.6,43.82,3.16,1.36
65.9,48.6,43.76,3.15,1.36
66,48.6,43.7,3.13,1.36
66.1,48.6,43.64,3.11,1.36
58,48.7,44.62,3.26,1.38
58.1,48.7,44.62,3.28,1.38
58.2,48.7,44.63,3.29,1.38
58.3,48.7,44.63,3.3,1.38
58.4,48.7,44.64,3.31,1.38
58.5,48.7,44.65,3.33,1.38
58.6,48.7,44.65,3.34,1.38
58.7,48.7,44.66,3.35,1.38
58.8,48.7,44.67,3.36,1.38
58.9,48.7,44.67,3.37,1.37
59,48.7,44.68,3.39,1.37
59.1,48.7,44.69,3.4,1.37
59.2,48.7,44.7,3.41,1.37
59.3,48.7,44.7,3.42,1.37
59.4,48.7,44.71,3.43,1.37
59.5,48.7,44.72,3.44,1.37
59.6,48.7,44.73,3.45,1.37
59.7,48.7,44.74,3.45,1.37
59.8,48.7,44.74,3.46,1.37
59.9,48.7,44.75,3.47,1.37
60,48.7,44.76,3.48,1.37
60.1,48.7,44.77,3.48,1.37
60.2,48.7,44.77,3.49,1.37
60.3,48.7,44.78,3.5,1.37
60.4,48.7,44.79,3.5,1.37
60.5,48.7,44.79,3.51,1.37
60.6,48.7,44.8,3.52,1.37
60.7,48.7,44.81,3.52,1.37
60.8,48.7,44.81,3.52,1.37
60.9,48.7,44.82,3.53,1.37
61,48.7,44.82,3.53,1.37
61.1,48.7,44.83,3.53,1.37
61.2,48.7,44.83,3.54,1.37
61.3,48.7,44.83,3.54,1.37
61.4,48.7,44.83,3.54,1.36
61.5,48.7,44.84,3.54,1.36
61.6,48.7,44.84,3.54,1.36
61.7,48.7,44.84,3.54,1.36
61.8,48.7,44.84,3.54,1.36
61.9,48.7,44.84,3.54,1.36
62,48.7,44.83,3.54,1.36
62.1,48.7,44.83,3.54,1.36
62.2,48.7,44.83,3.54,1.36
62.3,48.7,44.82,3.54,1.36
62.4,48.7,44.82,3.54,1.36
62.5,48.7,44.81,3.53,1.36
62.6,48.7,44.8,3.53,1.36
62.7,48.7,44.8,3.53,1.36
62.8,48.7,44.79,3.52,1.36
62.9,48.7,44.78,3.52,1.36
63,48.7,44.76,3.51,1.36
63.1,48.7,44.75,3.51,1.36
63.2,48.7,44.74,3.5,1.36
63.3,48.7,44.72,3.49,1.36
63.4,48.7,44.71,3.49,1.36
63.5,48.7,44.69,3.48,1.36
63.6,48.7,44.67,3.47,1.36
63.7,48.7,44.65,3.46,1.36
63.8,48.7,44.63,3.45,1.36
63.9,48.7,44.6,3.44,1.36
64,48.7,44.58,3.43,1.36
64.1,48.7,44.55,3.42,1.36
64.2,48.7,44.53,3.41,1.36
64.3,48.7,44.5,3.4,1.36
64.4,48.7,44.47,3.39,1.36
64.5,48.7,44.43,3.38,1.36
64.6,48.7,44.4,3.37,1.36
64.7,48.7,44.36,3.36,1.36
64.8,48.7,44.33,3.34,1.37
64.9,48.7,44.29,3.33,1.37
65,48.7,44.25,3.32,1.37
65.1,48.7,44.2,3.3,1.37
65.2,48.7,44.16,3.29,1.37
65.3,48.7,44.11,3.27,1.37
65.4,48.7,44.06,3.26,1.37
65.5,48.7,44.01,3.24,1.37
65.6,48.7,43.96,3.22,1.37
65.7,48.7,43.91,3.21,1.37
65.8,48.7,43.85,3.19,1.37
65.9,48.7,43.79,3.17,1.37
66,48.7,43.73,3.16,1.37
66.1,48.7,43.67,3.14,1.37
58,48.8,44.65,3.29,1.39
58.1,48.8,44.65,3.3,1.39
58.2,48.8,44.66,3.31,1.39
58.3,48.8,44.66,3.33,1.39
58.4,48.8,44.67,3.34,1.39
58.5,48.8,44.67,3.35,1.38
58.6,48.8,44.68,3.37,1.38
58.7,48.8,44.69,3.38,1.38
58.8,48.8,44.69,3.39,1.38
58.9,48.8,44.7,3.4,1.38
59,48.8,44.71,3.41,1.38
59.1,48.8,44.72,3.42,1.38
59.2,48.8,44.72,3.43,1.38
59.3,48.8,44.73,3.44,1.38
59.4,48.8,44.74,3.45,1.38
59.5,48.8,44.75,3.46,1.38
59.6,48.8,44.76,3.47,1.38
59.7,48.8,44.76,3.48,1.38
59.8,48.8,44.77,3.49,1.38
59.9,48.8,44.78,3.5,1.38
60,48.8,44.79,3.51,1.38
60.1,48.8,44.8,3.51,1.38
60.2,48.8,44.8,3.52,1.38
60.3,48.8,44.81,3.53,1.38
60.4,48.8,44.82,3.53,1.38
60.5,48.8,44.82,3.54,1.38
60.6,48.8,44.83,3.54,1.37
60.7,48.8,44.83,3.55,1.37
60.8,48.8,44.84,3.55,1.37
60.9,48.8,44.85,3.56,1.37
61,48.8,44.85,3.56,1.37
61.1,48.8,44.85,3.56,1.37
61.2,48.8,44.86,3.57,1.37
61.3,48.8,44.86,3.57,1.37
61.4,48.8,44.86,3.57,1.37
61.5,48.8,44.86,3.57,1.37
61.6,48.8,44.87,3.57,1.37
61.7,48.8,44.87,3.57,1.37
61.8,48.8,44.87,3.57,1.37
61.9,48.8,44.86,3.57,1.37
62,48.8,44.86,3.57,1.37
62.1,48.8,44.86,3.57,1.37
62.2,48.8,44.86,3.57,1.37
62.3,48.8,44.85,3.57,1.37
62.4,48.8,44.85,3.57,1.37
62.5,48.8,44.84,3.56,1.37
62.6,48.8,44.83,3.56,1.37
62.7,48.8,44.83,3.56,1.37
62.8,48.8,44.82,3.55,1.37
62.9,48.8,44.81,3.55,1.37
63,48.8,44.79,3.54,1.37
63.1,48.8,44.78,3.54,1.37
63.2,48.8,44.77,3.53,1.37
63.3,48.8,44.75,3.52,1.37
63.4,48.8,44.74,3.52,1.37
63.5,48.8,44.72,3.51,1.37
63.6,48.8,44.7,3.5,1.37
63.7,48.8,44.68,3.49,1.37
63.8,48.8,44.66,3.48,1.37
63.9,48.8,44.63,3.47,1.37
64,48.8,44.61,3.46,1.37
64.1,48.8,44.58,3.45,1.37
64.2,48.8,44.56,3.44,1.37
64.3,48.8,44.53,3.43,1.37
64.4,48.8,44.5,3.42,1.37
64.5,48.8,44.46,3.41,1.37
64.6,48.8,44.43,3.4,1.37
64.7,48.8,44.39,3.38,1.37
64.8,48.8,44.36,3.37,1.37
64.9,48.8,44.32,3.36,1.37
65,48.8,44.28,3.34,1.37
65.1,48.8,44.23,3.33,1.37
65.2,48.8,44.19,3.31,1.37
65.3,48.8,44.14,3.3,1.37
65.4,48.8,44.09,3.28,1.37
65.5,48.8,44.04,3.27,1.37
65.6,48.8,43.99,3.25,1.37
65.7,48.8,43.94,3.24,1.37
65.8,48.8,43.88,3.22,1.37
65.9,48.8,43.82,3.2,1.38
66,48.8,43.76,3.18,1.38
66.1,48.8,43.7,3.17,1.38
58,48.9,44.68,3.31,1.4
58.1,48.9,44.68,3.33,1.4
58.2,48.9,44.69,3.34,1.39
58.3,48.9,44.69,3.35,1.39
58.4,48.9,44.7,3.37,1.39
58.5,48.9,44.7,3.38,1.39
58.6,48.9,44.71,3.39,1.39
58.7,48.9,44.72,3.4,1.39
58.8,48.9,44.72,3.42,1.39
58.9,48.9,44.73,3.43,1.39
59,48.9,44.74,3.44,1.39
59.1,48.9,44.75,3.45,1.39
59.2,48.9,44.75,3.46,1.39
59.3,48.9,44.76,3.47,1.39
59.4,48.9,44.77,3.48,1.39
59.5,48.9,44.78,3.49,1.39
59.6,48.9,44.78,3.5,1.39
59.7,48.9,44.79,3.51,1.39
59.8,48.9,44.8,3.52,1.39
59.9,48.9,44.81,3.53,1.39
60,48.9,44.82,3.53,1.38
60.1,48.9,44.82,3.54,1.38
60.2,48.9,44.83,3.55,1.38
60.3,48.9,44.84,3.55,1.38
60.4,48.9,44.84,3.56,1.38
60.5,48.9,44.85,3.57,1.38
60.6,48.9,44.86,3.57,1.38
60.7,48.9,44.86,3.58,1.38
60.8,48.9,44.87,3.58,1.38
60.9,48.9,44.87,3.59,1.38
61,48.9,44.88,3.59,1.38
61.1,48.9,44.88,3.59,1.38
61.2,48.9,44.89,3.6,1.38
61.3,48.9,44.89,3.6,1.38
61.4,48.9,44.89,3.6,1.38
61.5,48.9,44.89,3.6,1.38
61.6,48.9,44.89,3.6,1.38
61.7,48.9,44.89,3.6,1.38
61.8,48.9,44.89,3.6,1.38
61.9,48.9,44.89,3.6,1.38
62,48.9,44.89,3.6,1.38
62.1,48.9,44.89,3.6,1.38
62.2,48.9,44.89,3.6,1.38
62.3,48.9,44.88,3.6,1.38
62.4,48.9,44.88,3.59,1.38
62.5,48.9,44.87,3.59,1.38
62.6,48.9,44.86,3.59,1.38
62.7,48.9,44.85,3.58,1.38
62.8,48.9,44.84,3.58,1.38
62.9,48.9,44.83,3.58,1.38
63,48.9,44.82,3.57,1.38
63.1,48.9,44.81,3.56,1.38
63.2,48.9,44.8,3.56,1.38
63.3,48.9,44.78,3.55,1.38
63.4,48.9,44.76,3.54,1.38
63.5,48.9,44.75,3.54,1.38
63.6,48.9,44.73,3.53,1.38
63.7,48.9,44.71,3.52,1.38
63.8,48.9,44.69,3.51,1.38
63.9,48.9,44.66,3.5,1.38
64,48.9,44.64,3.49,1.38
64.1,48.9,44.61,3.48,1.38
64.2,48.9,44.58,3.47,1.38
64.3,48.9,44.56,3.46,1.38
64.4,48.9,44.53,3.45,1.38
64.5,48.9,44.49,3.44,1.38
64.6,48.9,44.46,3.43,1.38
64.7,48.9,44.42,3.41,1.38
64.8,48.9,44.39,3.4,1.38
64.9,48.9,44.35,3.39,1.38
65,48.9,44.31,3.37,1.38
65.1,48.9,44.26,3.36,1.38
65.2,48.9,44.22,3.34,1.38
65.3,48.9,44.17,3.33,1.38
65.4,48.9,44.12,3.31,1.38
65.5,48.9,44.07,3.3,1.38
65.6,48.9,44.02,3.28,1.38
65.7,48.9,43.97,3.26,1.38
65.8,48.9,43.91,3.25,1.38
65.9,48.9,43.85,3.23,1.38
66,48.9,43.79,3.21,1.38
66.1,48.9,43.73,3.19,1.38
58,49,44.71,3.34,1.4
58.1,49,44.71,3.35,1.4
58.2,49,44.71,3.37,1.4
58.3,49,44.72,3.38,1.4
58.4,49,44.73,3.39,1.4
58.5,49,44.73,3.41,1.4
58.6,49,44.74,3.42,1.4
58.7,49,44.74,3.43,1.4
58.8,49,44.75,3.44,1.4
58.9,49,44.76,3.45,1.4
59,49,44.77,3.47,1.4
59.1,49,44.77,3.48,1.4
59.2,49,44.78,3.49,1.4
59.3,49,44.79,3.5,1.4
59.4,49,44.8,3.51,1.4
59.5,49,44.81,3.52,1.4
59.6,49,44.81,3.53,1.39
59.7,49,44.82,3.54,1.39
59.8,49,44.83,3.55,1.39
59.9,49,44.84,3.55,1.39
60,49,44.84,3.56,1.39
60.1,49,44.85,3.57,1.39
60.2,49,44.86,3.58,1.39
60.3,49,44.87,3.58,1.39
60.4,49,44.87,3.59,1.39
60.5,49,44.88,3.59,1.39
60.6,49,44.89,3.6,1.39
60.7,49,44.89,3.61,1.39
60.8,49,44.9,3.61,1.39
60.9,49,44.9,3.61,1.39
61,49,44.91,3.62,1.39
61.1,49,44.91,3.62,1.39
61.2,49,44.91,3.62,1.39
61.3,49,44.92,3.63,1.39
61.4,49,44.92,3.63,1.39
61.5,49,44.92,3.63,1.39
61.6,49,44.92,3.63,1.39
61.7,49,44.92,3.63,1.39
61.8,49,44.92,3.63,1.39
61.9,49,44.92,3.63,1.39
62,49,44.92,3.63,1.39
62.1,49,44.92,3.63,1.39
62.2,49,44.91,3.63,1.39
62.3,49,44.91,3.63,1.39
62.4,49,44.9,3.62,1.39
62.5,49,44.9,3.62,1.39
62.6,49,44.89,3.62,1.39
62.7,49,44.88,3.61,1.39
62.8,49,44.87,3.61,1.39
62.9,49,44.86,3.6,1.39
63,49,44.85,3.6,1.38
63.1,49,44.84,3.59,1.38
63.2,49,44.82,3.59,1.38
63.3,49,44.81,3.58,1.38
63.4,49,44.79,3.57,1.38
63.5,49,44.78,3.57,1.38
63.6,49,44.76,3.56,1.38
63.7,49,44.74,3.55,1.38
63.8,49,44.71,3.54,1.38
63.9,49,44.69,3.53,1.38
64,49,44.67,3.52,1.39
64.1,49,44.64,3.51,1.39
64.2,49,44.61,3.5,1.39
64.3,49,44.58,3.49,1.39
64.4,49,44.55,3.48,1.39
64.5,49,44.52,3.47,1.39
64.6,49,44.49,3.45,1.39
64.7,49,44.45,3.44,1.39
64.8,49,44.41,3.43,1.39
64.9,49,44.38,3.41,1.39
65,49,44.33,3.4,1.39
65.1,49,44.29,3.39,1.39
65.2,49,44.25,3.37,1.39
65.3,49,44.2,3.35,1.39
65.4,49,44.15,3.34,1.39
65.5,49,44.1,3.32,1.39
65.6,49,44.05,3.31,1.39
65.7,49,44,3.29,1.39
65.8,49,43.94,3.27,1.39
65.9,49,43.88,3.26,1.39
66,49,43.82,3.24,1.39
66.1,49,43.76,3.22,1.39
58,49.1,44.73,3.36,1.41
58.1,49.1,44.74,3.38,1.41
58.2,49.1,44.74,3.39,1.41
58.3,49.1,44.75,3.4,1.41
58.4,49.1,44.75,3.42,1.41
58.5,49.1,44.76,3.43,1.41
58.6,49.1,44.77,3.44,1.41
58.7,49.1,44.77,3.46,1.41
58.8,49.1,44.78,3.47,1.41
58.9,49.1,44.79,3.48,1.41
59,49.1,44.79,3.49,1.41
59.1,49.1,44.8,3.5,1.41
59.2,49.1,44.81,3.51,1.4
59.3,49.1,44.82,3.52,1.4
59.4,49.1,44.83,3.53,1.4
59.5,49.1,44.83,3.54,1.4
59.6,49.1,44.84,3.55,1.4
59.7,49.1,44.85,3.56,1.4
59.8,49.1,44.86,3.57,1.4
59.9,49.1,44.86,3.58,1.4
60,49.1,44.87,3.59,1.4
60.1,49.1,44.88,3.6,1.4
60.2,49.1,44.89,3.6,1.4
60.3,49.1,44.89,3.61,1.4
60.4,49.1,44.9,3.62,1.4
60.5,49.1,44.91,3.62,1.4
60.6,49.1,44.91,3.63,1.4
60.7,49.1,44.92,3.63,1.4
60.8,49.1,44.93,3.64,1.4
60.9,49.1,44.93,3.64,1.4
61,49.1,44.93,3.65,1.4
61.1,49.1,44.94,3.65,1.4
61.2,49.1,44.94,3.65,1.4
61.3,49.1,44.95,3.65,1.4
61.4,49.1,44.95,3.66,1.4
61.5,49.1,44.95,3.66,1.39
61.6,49.1,44.95,3.66,1.39
61.7,49.1,44.95,3.66,1.39
61.8,49.1,44.95,3.66,1.39
61.9,49.1,44.95,3.66,1.39
62,49.1,44.95,3.66,1.39
62.1,49.1,44.95,3.66,1.39
62.2,49.1,44.94,3.66,1.39
62.3,49.1,44.94,3.65,1.39
62.4,49.1,44.93,3.65,1.39
62.5,49.1,44.93,3.65,1.39
62.6,49.1,44.92,3.65,1.39
62.7,49.1,44.91,3.64,1.39
62.8,49.1,44.9,3.64,1.39
62.9,49.1,44.89,3.63,1.39
63,49.1,44.88,3.63,1.39
63.1,49.1,44.87,3.62,1.39
63.2,49.1,44.85,3.62,1.39
63.3,49.1,44.84,3.61,1.39
63.4,49.1,44.82,3.6,1.39
63.5,49.1,44.8,3.59,1.39
63.6,49.1,44.79,3.59,1.39
63.7,49.1,44.77,3.58,1.39
63.8,49.1,44.74,3.57,1.39
63.9,49.1,44.72,3.56,1.39
64,49.1,44.7,3.55,1.39
64.1,49.1,44.67,3.54,1.39
64.2,49.1,44.64,3.53,1.39
64.3,49.1,44.61,3.52,1.39
64.4,49.1,44.58,3.51,1.39
64.5,49.1,44.55,3.49,1.39
64.6,49.1,44.52,3.48,1.39
64.7,49.1,44.48,3.47,1.39
64.8,49.1,44.44,3.45,1.39
64.9,49.1,44.4,3.44,1.39
65,49.1,44.36,3.43,1.39
65.1,49.1,44.32,3.41,1.39
65.2,49.1,44.28,3.4,1.39
65.3,49.1,44.23,3.38,1.39
65.4,49.1,44.18,3.37,1.39
65.5,49.1,44.13,3.35,1.39
65.6,49.1,44.08,3.33,1.39
65.7,49.1,44.03,3.32,1.4
65.8,49.1,43.97,3.3,1.4
65.9,49.1,43.91,3.28,1.4
66,49.1,43.85,3.26,1.4
66.1,49.1,43.79,3.25,1.4
58,49.2,44.76,3.39,1.42
58.1,49.2,44.77,3.4,1.42
58.2,49.2,44.77,3.42,1.42
58.3,49.2,44.78,3.43,1.42
58.4,49.2,44.78,3.44,1.42
58.5,49.2,44.79,3.46,1.42
58.6,49.2,44.79,3.47,1.42
58.7,49.2,44.8,3.48,1.42
58.8,49.2,44.81,3.49,1.42
58.9,49.2,44.81,3.51,1.41
59,49.2,44.82,3.52,1.41
59.1,49.2,44.83,3.53,1.41
59.2,49.2,44.84,3.54,1.41
59.3,49.2,44.85,3.55,1.41
59.4,49.2,44.85,3.56,1.41
59.5,49.2,44.86,3.57,1.41
59.6,49.2,44.87,3.58,1.41
59.7,49.2,44.88,3.59,1.41
59.8,49.2,44.88,3.6,1.41
59.9,49.2,44.89,3.61,1.41
60,49.2,44.9,3.61,1.41
60.1,49.2,44.91,3.62,1.41
60.2,49.2,44.91,3.63,1.41
60.3,49.2,44.92,3.64,1.41
60.4,49.2,44.93,3.64,1.41
60.5,49.2,44.94,3.65,1.41
60.6,49.2,44.94,3.65,1.41
60.7,49.2,44.95,3.66,1.41
60.8,49.2,44.95,3.66,1.4
60.9,49.2,44.96,3.67,1.4
61,49.2,44.96,3.67,1.4
61.1,49.2,44.97,3.68,1.4
61.2,49.2,44.97,3.68,1.4
61.3,49.2,44.97,3.68,1.4
61.4,49.2,44.98,3.68,1.4
61.5,49.2,44.98,3.69,1.4
61.6,49.2,44.98,3.69,1.4
61.7,49.2,44.98,3.69,1.4
61.8,49.2,44.98,3.69,1.4
61.9,49.2,44.98,3.69,1.4
62,49.2,44.98,3.69,1.4
62.1,49.2,44.97,3.69,1.4
62.2,49.2,44.97,3.68,1.4
62.3,49.2,44.97,3.68,1.4
62.4,49.2,44.96,3.68,1.4
62.5,49.2,44.95,3.68,1.4
62.6,49.2,44.95,3.67,1.4
62.7,49.2,44.94,3.67,1.4
62.8,49.2,44.93,3.67,1.4
62.9,49.2,44.92,3.66,1.4
63,49.2,44.91,3.65,1.4
63.1,49.2,44.9,3.65,1.4
63.2,49.2,44.88,3.64,1.4
63.3,49.2,44.87,3.64,1.4
63.4,49.2,44.85,3.63,1.4
63.5,49.2,44.83,3.62,1.4
63.6,49.2,44.81,3.61,1.4
63.7,49.2,44.79,3.6,1.4
63.8,49.2,44.77,3.6,1.4
63.9,49.2,44.75,3.59,1.4
64,49.2,44.72,3.58,1.4
64.1,49.2,44.7,3.57,1.4
64.2,49.2,44.67,3.56,1.4
64.3,49.2,44.64,3.54,1.4
64.4,49.2,44.61,3.53,1.4
64.5,49.2,44.58,3.52,1.4
64.6,49.2,44.55,3.51,1.4
64.7,49.2,44.51,3.5,1.4
64.8,49.2,44.47,3.48,1.4
64.9,49.2,44.43,3.47,1.4
65,49.2,44.39,3.45,1.4
65.1,49.2,44.35,3.44,1.4
65.2,49.2,44.31,3.42,1.4
65.3,49.2,44.26,3.41,1.4
65.4,49.2,44.21,3.39,1.4
65.5,49.2,44.16,3.38,1.4
65.6,49.2,44.11,3.36,1.4
65.7,49.2,44.05,3.34,1.4
65.8,49.2,44,3.33,1.4
65.9,49.2,43.94,3.31,1.4
66,49.2,43.88,3.29,1.4
66.1,49.2,43.82,3.27,1.4
58,49.3,44.79,3.41,1.43
58.1,49.3,44.79,3.42,1.43
58.2,49.3,44.8,3.44,1.43
58.3,49.3,44.8,3.45,1.43
58.4,49.3,44.81,3.47,1.43
58.5,49.3,44.82,3.48,1.43
58.6,49.3,44.82,3.49,1.42
58.7,49.3,44.83,3.51,1.42
58.8,49.3,44.84,3.52,1.42
58.9,49.3,44.84,3.53,1.42
59,49.3,44.85,3.54,1.42
59.1,49.3,44.86,3.55,1.42
59.2,49.3,44.86,3.57,1.42
59.3,49.3,44.87,3.58,1.42
59.4,49.3,44.88,3.59,1.42
59.5,49.3,44.89,3.6,1.42
59.6,49.3,44.9,3.61,1.42
59.7,49.3,44.9,3.62,1.42
59.8,49.3,44.91,3.62,1.42
59.9,49.3,44.92,3.63,1.42
60,49.3,44.93,3.64,1.42
60.1,49.3,44.94,3.65,1.42
60.2,49.3,44.94,3.66,1.42
60.3,49.3,44.95,3.66,1.41
60.4,49.3,44.96,3.67,1.41
60.5,49.3,44.96,3.68,1.41
60.6,49.3,44.97,3.68,1.41
60.7,49.3,44.97,3.69,1.41
60.8,49.3,44.98,3.69,1.41
60.9,49.3,44.99,3.7,1.41
61,49.3,44.99,3.7,1.41
61.1,49.3,44.99,3.7,1.41
61.2,49.3,45,3.71,1.41
61.3,49.3,45,3.71,1.41
61.4,49.3,45,3.71,1.41
61.5,49.3,45.01,3.71,1.41
61.6,49.3,45.01,3.71,1.41
61.7,49.3,45.01,3.71,1.41
61.8,49.3,45.01,3.71,1.41
61.9,49.3,45.01,3.71,1.41
62,49.3,45,3.71,1.41
62.1,49.3,45,3.71,1.41
62.2,49.3,45,3.71,1.41
62.3,49.3,44.99,3.71,1.41
62.4,49.3,44.99,3.71,1.41
62.5,49.3,44.98,3.7,1.41
62.6,49.3,44.97,3.7,1.41
62.7,49.3,44.97,3.7,1.41
62.8,49.3,44.96,3.69,1.41
62.9,49.3,44.95,3.69,1.41
63,49.3,44.94,3.68,1.41
63.1,49.3,44.92,3.68,1.41
63.2,49.3,44.91,3.67,1.41
63.3,49.3,44.89,3.66,1.41
63.4,49.3,44.88,3.66,1.41
63.5,49.3,44.86,3.65,1.41
63.6,49.3,44.84,3.64,1.41
63.7,49.3,44.82,3.63,1.41
63.8,49.3,44.8,3.62,1.41
63.9,49.3,44.78,3.61,1.41
64,49.3,44.75,3.6,1.41
64.1,49.3,44.73,3.59,1.41
64.2,49.3,44.7,3.58,1.41
64.3,49.3,44.67,3.57,1.41
64.4,49.3,44.64,3.56,1.41
64.5,49.3,44.61,3.55,1.41
64.6,49.3,44.57,3.53,1.41
64.7,49.3,44.54,3.52,1.41
64.8,49.3,44.5,3.51,1.41
64.9,49.3,44.46,3.49,1.41
65,49.3,44.42,3.48,1.41
65.1,49.3,44.38,3.47,1.41
65.2,49.3,44.33,3.45,1.41
65.3,49.3,44.29,3.43,1.41
65.4,49.3,44.24,3.42,1.41
65.5,49.3,44.19,3.4,1.41
65.6,49.3,44.14,3.39,1.41
65.7,49.3,44.08,3.37,1.41
65.8,49.3,44.03,3.35,1.41
65.9,49.3,43.97,3.33,1.41
66,49.3,43.91,3.32,1.41
66.1,49.3,43.85,3.3,1.41
58,49.4,44.82,3.43,1.44
58.1,49.4,44.82,3.45,1.44
58.2,49.4,44.83,3.46,1.44
58.3,49.4,44.83,3.48,1.44
58.4,49.4,44.84,3.49,1.43
58.5,49.4,44.84,3.5,1.43
58.6,49.4,44.85,3.52,1.43
58.7,49.4,44.86,3.53,1.43
58.8,49.4,44.86,3.54,1.43
58.9,49.4,44.87,3.56,1.43
59,49.4,44.88,3.57,1.43
59.1,49.4,44.88,3.58,1.43
59.2,49.4,44.89,3.59,1.43
59.3,49.4,44.9,3.6,1.43
59.4,49.4,44.91,3.61,1.43
59.5,49.4,44.92,3.62,1.43
59.6,49.4,44.92,3.63,1.43
59.7,49.4,44.93,3.64,1.43
59.8,49.4,44.94,3.65,1.43
59.9,49.4,44.95,3.66,1.42
60,49.4,44.95,3.67,1.42
60.1,49.4,44.96,3.67,1.42
60.2,49.4,44.97,3.68,1.42
60.3,49.4,44.98,3.69,1.42
60.4,49.4,44.98,3.7,1.42
60.5,49.4,44.99,3.7,1.42
60.6,49.4,45,3.71,1.42
60.7,49.4,45,3.71,1.42
60.8,49.4,45.01,3.72,1.42
60.9,49.4,45.01,3.72,1.42
61,49.4,45.02,3.73,1.42
61.1,49.4,45.02,3.73,1.42
61.2,49.4,45.03,3.73,1.42
61.3,49.4,45.03,3.74,1.42
61.4,49.4,45.03,3.74,1.42
61.5,49.4,45.03,3.74,1.42
61.6,49.4,45.03,3.74,1.42
61.7,49.4,45.03,3.74,1.42
61.8,49.4,45.03,3.74,1.42
61.9,49.4,45.03,3.74,1.42
62,49.4,45.03,3.74,1.42
62.1,49.4,45.03,3.74,1.42
62.2,49.4,45.03,3.74,1.42
62.3,49.4,45.02,3.74,1.42
62.4,49.4,45.02,3.73,1.42
62.5,49.4,45.01,3.73,1.42
62.6,49.4,45,3.73,1.42
62.7,49.4,44.99,3.72,1.42
62.8,49.4,44.98,3.72,1.41
62.9,49.4,44.97,3.71,1.41
63,49.4,44.96,3.71,1.41
63.1,49.4,44.95,3.7,1.41
63.2,49.4,44.94,3.7,1.41
63.3,49.4,44.92,3.69,1.41
63.4,49.4,44.91,3.68,1.41
63.5,49.4,44.89,3.68,1.41
63.6,49.4,44.87,3.67,1.41
63.7,49.4,44.85,3.66,1.41
63.8,49.4,44.83,3.65,1.41
63.9,49.4,44.8,3.64,1.41
64,49.4,44.78,3.63,1.41
64.1,49.4,44.75,3.62,1.41
64.2,49.4,44.73,3.61,1.41
64.3,49.4,44.7,3.6,1.41
64.4,49.4,44.67,3.59,1.41
64.5,49.4,44.64,3.57,1.41
64.6,49.4,44.6,3.56,1.41
64.7,49.4,44.57,3.55,1.41
64.8,49.4,44.53,3.53,1.41
64.9,49.4,44.49,3.52,1.41
65,49.4,44.45,3.51,1.41
65.1,49.4,44.41,3.49,1.41
65.2,49.4,44.36,3.48,1.41
65.3,49.4,44.32,3.46,1.42
65.4,49.4,44.27,3.44,1.42
65.5,49.4,44.22,3.43,1.42
65.6,49.4,44.17,3.41,1.42
65.7,49.4,44.11,3.39,1.42
65.8,49.4,44.06,3.38,1.42
65.9,49.4,44,3.36,1.42
66,49.4,43.94,3.34,1.42
66.1,49.4,43.87,3.32,1.42
58,49.5,44.84,3.46,1.45
58.1,49.5,44.85,3.47,1.44
58.2,49.5,44.85,3.49,1.44
58.3,49.5,44.86,3.5,1.44
58.4,49.5,44.86,3.51,1.44
58.5,49.5,44.87,3.53,1.44
58.6,49.5,44.88,3.54,1.44
58.7,49.5,44.88,3.55,1.44
58.8,49.5,44.89,3.57,1.44
58.9,49.5,44.9,3.58,1.44
59,49.5,44.9,3.59,1.44
59.1,49.5,44.91,3.6,1.44
59.2,49.5,44.92,3.61,1.44
59.3,49.5,44.93,3.63,1.44
59.4,49.5,44.94,3.64,1.44
59.5,49.5,44.94,3.65,1.44
59.6,49.5,44.95,3.66,1.43
59.7,49.5,44.96,3.67,1.43
59.8,49.5,44.97,3.67,1.43
59.9,49.5,44.97,3.68,1.43
60,49.5,44.98,3.69,1.43
60.1,49.5,44.99,3.7,1.43
60.2,49.5,45,3.71,1.43
60.3,49.5,45,3.71,1.43
60.4,49.5,45.01,3.72,1.43
60.5,49.5,45.02,3.73,1.43
60.6,49.5,45.02,3.73,1.43
60.7,49.5,45.03,3.74,1.43
60.8,49.5,45.03,3.74,1.43
60.9,49.5,45.04,3.75,1.43
61,49.5,45.04,3.75,1.43
61.1,49.5,45.05,3.76,1.43
61.2,49.5,45.05,3.76,1.43
61.3,49.5,45.06,3.76,1.43
61.4,49.5,45.06,3.76,1.43
61.5,49.5,45.06,3.77,1.43
61.6,49.5,45.06,3.77,1.43
61.7,49.5,45.06,3.77,1.43
61.8,49.5,45.06,3.77,1.42
61.9,49.5,45.06,3.77,1.42
62,49.5,45.06,3.77,1.42
62.1,49.5,45.06,3.77,1.42
62.2,49.5,45.05,3.76,1.42
62.3,49.5,45.05,3.76,1.42
62.4,49.5,45.04,3.76,1.42
62.5,49.5,45.04,3.76,1.42
62.6,49.5,45.03,3.75,1.42
62.7,49.5,45.02,3.75,1.42
62.8,49.5,45.01,3.75,1.42
62.9,49.5,45,3.74,1.42
63,49.5,44.99,3.74,1.42
63.1,49.5,44.98,3.73,1.42
63.2,49.5,44.96,3.72,1.42
63.3,49.5,44.95,3.72,1.42
63.4,49.5,44.93,3.71,1.42
63.5,49.5,44.92,3.7,1.42
63.6,49.5,44.9,3.69,1.42
63.7,49.5,44.88,3.69,1.42
63.8,49.5,44.86,3.68,1.42
63.9,49.5,44.83,3.67,1.42
64,49.5,44.81,3.66,1.42
64.1,49.5,44.78,3.65,1.42
64.2,49.5,44.75,3.64,1.42
64.3,49.5,44.73,3.62,1.42
64.4,49.5,44.7,3.61,1.42
64.5,49.5,44.66,3.6,1.42
64.6,49.5,44.63,3.59,1.42
64.7,49.5,44.59,3.57,1.42
64.8,49.5,44.56,3.56,1.42
64.9,49.5,44.52,3.55,1.42
65,49.5,44.48,3.53,1.42
65.1,49.5,44.43,3.52,1.42
65.2,49.5,44.39,3.5,1.42
65.3,49.5,44.34,3.49,1.42
65.4,49.5,44.3,3.47,1.42
65.5,49.5,44.25,3.45,1.42
65.6,49.5,44.19,3.44,1.42
65.7,49.5,44.14,3.42,1.42
65.8,49.5,44.08,3.4,1.42
65.9,49.5,44.03,3.38,1.42
66,49.5,43.97,3.37,1.42
66.1,49.5,43.9,3.35,1.42
58,49.6,44.87,3.48,1.45
58.1,49.6,44.88,3.49,1.45
58.2,49.6,44.88,3.51,1.45
58.3,49.6,44.89,3.52,1.45
58.4,49.6,44.89,3.54,1.45
58.5,49.6,44.9,3.55,1.45
58.6,49.6,44.9,3.56,1.45
58.7,49.6,44.91,3.58,1.45
58.8,49.6,44.92,3.59,1.45
58.9,49.6,44.92,3.6,1.45
59,49.6,44.93,3.61,1.45
59.1,49.6,44.94,3.63,1.45
59.2,49.6,44.95,3.64,1.45
59.3,49.6,44.95,3.65,1.44
59.4,49.6,44.96,3.66,1.44
59.5,49.6,44.97,3.67,1.44
59.6,49.6,44.98,3.68,1.44
59.7,49.6,44.99,3.69,1.44
59.8,49.6,44.99,3.7,1.44
59.9,49.6,45,3.71,1.44
60,49.6,45.01,3.72,1.44
60.1,49.6,45.02,3.72,1.44
60.2,49.6,45.02,3.73,1.44
60.3,49.6,45.03,3.74,1.44
60.4,49.6,45.04,3.75,1.44
60.5,49.6,45.04,3.75,1.44
60.6,49.6,45.05,3.76,1.44
60.7,49.6,45.06,3.76,1.44
60.8,49.6,45.06,3.77,1.44
60.9,49.6,45.07,3.77,1.44
61,49.6,45.07,3.78,1.44
61.1,49.6,45.08,3.78,1.44
61.2,49.6,45.08,3.78,1.43
61.3,49.6,45.08,3.79,1.43
61.4,49.6,45.08,3.79,1.43
61.5,49.6,45.09,3.79,1.43
61.6,49.6,45.09,3.79,1.43
61.7,49.6,45.09,3.79,1.43
61.8,49.6,45.09,3.79,1.43
61.9,49.6,45.09,3.79,1.43
62,49.6,45.09,3.79,1.43
62.1,49.6,45.08,3.79,1.43
62.2,49.6,45.08,3.79,1.43
62.3,49.6,45.08,3.79,1.43
62.4,49.6,45.07,3.79,1.43
62.5,49.6,45.06,3.78,1.43
62.6,49.6,45.06,3.78,1.43
62.7,49.6,45.05,3.78,1.43
62.8,49.6,45.04,3.77,1.43
62.9,49.6,45.03,3.77,1.43
63,49.6,45.02,3.76,1.43
63.1,49.6,45.01,3.76,1.43
63.2,49.6,44.99,3.75,1.43
63.3,49.6,44.98,3.74,1.43
63.4,49.6,44.96,3.74,1.43
63.5,49.6,44.94,3.73,1.43
63.6,49.6,44.92,3.72,1.43
63.7,49.6,44.9,3.71,1.43
63.8,49.6,44.88,3.7,1.43
63.9,49.6,44.86,3.69,1.43
64,49.6,44.84,3.68,1.43
64.1,49.6,44.81,3.67,1.43
64.2,49.6,44.78,3.66,1.43
64.3,49.6,44.75,3.65,1.43
64.4,49.6,44.72,3.64,1.43
64.5,49.6,44.69,3.63,1.43
64.6,49.6,44.66,3.61,1.43
64.7,49.6,44.62,3.6,1.43
64.8,49.6,44.58,3.59,1.43
64.9,49.6,44.55,3.57,1.43
65,49.6,44.51,3.56,1.43
65.1,49.6,44.46,3.54,1.43
65.2,49.6,44.42,3.53,1.43
65.3,49.6,44.37,3.51,1.43
65.4,49.6,44.32,3.5,1.43
65.5,49.6,44.27,3.48,1.43
65.6,49.6,44.22,3.46,1.43
65.7,49.6,44.17,3.44,1.43
65.8,49.6,44.11,3.43,1.43
65.9,49.6,44.05,3.41,1.43
66,49.6,43.99,3.39,1.43
66.1,49.6,43.93,3.37,1.43
58,49.7,44.9,3.5,1.46
58.1,49.7,44.9,3.52,1.46
58.2,49.7,44.91,3.53,1.46
58.3,49.7,44.91,3.54,1.46
58.4,49.7,44.92,3.56,1.46
58.5,49.7,44.92,3.57,1.46
58.6,49.7,44.93,3.59,1.46
58.7,49.7,44.94,3.6,1.46
58.8,49.7,44.94,3.61,1.46
58.9,49.7,44.95,3.63,1.46
59,49.7,44.96,3.64,1.45
59.1,49.7,44.97,3.65,1.45
59.2,49.7,44.97,3.66,1.45
59.3,49.7,44.98,3.67,1.45
59.4,49.7,44.99,3.68,1.45
59.5,49.7,45,3.69,1.45
59.6,49.7,45,3.7,1.45
59.7,49.7,45.01,3.71,1.45
59.8,49.7,45.02,3.72,1.45
59.9,49.7,45.03,3.73,1.45
60,49.7,45.04,3.74,1.45
60.1,49.7,45.04,3.75,1.45
60.2,49.7,45.05,3.76,1.45
60.3,49.7,45.06,3.76,1.45
60.4,49.7,45.06,3.77,1.45
60.5,49.7,45.07,3.78,1.45
60.6,49.7,45.08,3.78,1.45
60.7,49.7,45.08,3.79,1.44
60.8,49.7,45.09,3.79,1.44
60.9,49.7,45.09,3.8,1.44
61,49.7,45.1,3.8,1.44
61.1,49.7,45.1,3.81,1.44
61.2,49.7,45.11,3.81,1.44
61.3,49.7,45.11,3.81,1.44
61.4,49.7,45.11,3.81,1.44
61.5,49.7,45.11,3.82,1.44
61.6,49.7,45.11,3.82,1.44
61.7,49.7,45.11,3.82,1.44
61.8,49.7,45.11,3.82,1.44
61.9,49.7,45.11,3.82,1.44
62,49.7,45.11,3.82,1.44
62.1,49.7,45.11,3.82,1.44
62.2,49.7,45.11,3.82,1.44
62.3,49.7,45.1,3.81,1.44
62.4,49.7,45.1,3.81,1.44
62.5,49.7,45.09,3.81,1.44
62.6,49.7,45.08,3.81,1.44
62.7,49.7,45.08,3.8,1.44
62.8,49.7,45.07,3.8,1.44
62.9,49.7,45.06,3.79,1.44
63,49.7,45.04,3.79,1.44
63.1,49.7,45.03,3.78,1.44
63.2,49.7,45.02,3.77,1.44
63.3,49.7,45,3.77,1.44
63.4,49.7,44.99,3.76,1.44
63.5,49.7,44.97,3.75,1.44
63.6,49.7,44.95,3.75,1.44
63.7,49.7,44.93,3.74,1.44
63.8,49.7,44.91,3.73,1.44
63.9,49.7,44.89,3.72,1.44
64,49.7,44.86,3.71,1.44
64.1,49.7,44.84,3.7,1.44
64.2,49.7,44.81,3.69,1.44
64.3,49.7,44.78,3.67,1.44
64.4,49.7,44.75,3.66,1.44
64.5,49.7,44.72,3.65,1.44
64.6,49.7,44.68,3.64,1.44
64.7,49.7,44.65,3.62,1.44
64.8,49.7,44.61,3.61,1.44
64.9,49.7,44.57,3.6,1.44
65,49.7,44.53,3.58,1.44
65.1,49.7,44.49,3.57,1.44
65.2,49.7,44.45,3.55,1.44
65.3,49.7,44.4,3.54,1.44
65.4,49.7,44.35,3.52,1.44
65.5,49.7,44.3,3.5,1.44
65.6,49.7,44.25,3.49,1.44
65.7,49.7,44.2,3.47,1.44
65.8,49.7,44.14,3.45,1.44
65.9,49.7,44.08,3.43,1.44
66,49.7,44.02,3.41,1.44
66.1,49.7,43.96,3.4,1.44
58,49.8,44.92,3.52,1.47
58.1,49.8,44.93,3.54,1.47
58.2,49.8,44.93,3.55,1.47
58.3,49.8,44.94,3.57,1.47
58.4,49.8,44.94,3.58,1.47
58.5,49.8,44.95,3.59,1.47
58.6,49.8,44.96,3.61,1.47
58.7,49.8,44.96,3.62,1.47
58.8,49.8,44.97,3.64,1.46
58.9,49.8,44.98,3.65,1.46
59,49.8,44.98,3.66,1.46
59.1,49.8,44.99,3.67,1.46
59.2,49.8,45,3.68,1.46
59.3,49.8,45.01,3.7,1.46
59.4,49.8,45.01,3.71,1.46
59.5,49.8,45.02,3.72,1.46
59.6,49.8,45.03,3.73,1.46
59.7,49.8,45.04,3.74,1.46
59.8,49.8,45.05,3.75,1.46
59.9,49.8,45.05,3.76,1.46
60,49.8,45.06,3.76,1.46
60.1,49.8,45.07,3.77,1.46
60.2,49.8,45.08,3.78,1.46
60.3,49.8,45.08,3.79,1.45
60.4,49.8,45.09,3.79,1.45
60.5,49.8,45.1,3.8,1.45
60.6,49.8,45.1,3.81,1.45
60.7,49.8,45.11,3.81,1.45
60.8,49.8,45.11,3.82,1.45
60.9,49.8,45.12,3.82,1.45
61,49.8,45.12,3.83,1.45
61.1,49.8,45.13,3.83,1.45
61.2,49.8,45.13,3.83,1.45
61.3,49.8,45.13,3.84,1.45
61.4,49.8,45.14,3.84,1.45
61.5,49.8,45.14,3.84,1.45
61.6,49.8,45.14,3.84,1.45
61.7,49.8,45.14,3.84,1.45
61.8,49.8,45.14,3.84,1.45
61.9,49.8,45.14,3.84,1.45
62,49.8,45.14,3.84,1.45
62.1,49.8,45.14,3.84,1.45
62.2,49.8,45.13,3.84,1.45
62.3,49.8,45.13,3.84,1.45
62.4,49.8,45.12,3.84,1.45
62.5,49.8,45.12,3.83,1.45
62.6,49.8,45.11,3.83,1.45
62.7,49.8,45.1,3.83,1.45
62.8,49.8,45.09,3.82,1.45
62.9,49.8,45.08,3.82,1.45
63,49.8,45.07,3.81,1.44
63.1,49.8,45.06,3.81,1.44
63.2,49.8,45.04,3.8,1.44
63.3,49.8,45.03,3.79,1.44
63.4,49.8,45.01,3.79,1.44
63.5,49.8,45,3.78,1.44
63.6,49.8,44.98,3.77,1.44
63.7,49.8,44.96,3.76,1.44
63.8,49.8,44.94,3.75,1.44
63.9,49.8,44.91,3.74,1.44
64,49.8,44.89,3.73,1.44
64.1,49.8,44.86,3.72,1.44
64.2,49.8,44.84,3.71,1.44
64.3,49.8,44.81,3.7,1.44
64.4,49.8,44.78,3.69,1.44
64.5,49.8,44.74,3.68,1.44
64.6,49.8,44.71,3.66,1.44
64.7,49.8,44.68,3.65,1.44
64.8,49.8,44.64,3.64,1.44
64.9,49.8,44.6,3.62,1.44
65,49.8,44.56,3.61,1.44
65.1,49.8,44.52,3.59,1.44
65.2,49.8,44.47,3.58,1.44
65.3,49.8,44.43,3.56,1.44
65.4,49.8,44.38,3.54,1.44
65.5,49.8,44.33,3.53,1.44
65.6,49.8,44.28,3.51,1.44
65.7,49.8,44.22,3.49,1.44
65.8,49.8,44.17,3.47,1.44
65.9,49.8,44.11,3.46,1.44
66,49.8,44.05,3.44,1.44
66.1,49.8,43.99,3.42,1.45
58,49.9,44.95,3.54,1.48
58.1,49.9,44.95,3.56,1.48
58.2,49.9,44.96,3.57,1.48
58.3,49.9,44.96,3.59,1.48
58.4,49.9,44.97,3.6,1.48
58.5,49.9,44.98,3.62,1.48
58.6,49.9,44.98,3.63,1.47
58.7,49.9,44.99,3.64,1.47
58.8,49.9,45,3.66,1.47
58.9,49.9,45,3.67,1.47
59,49.9,45.01,3.68,1.47
59.1,49.9,45.02,3.69,1.47
59.2,49.9,45.03,3.71,1.47
59.3,49.9,45.03,3.72,1.47
59.4,49.9,45.04,3.73,1.47
59.5,49.9,45.05,3.74,1.47
59.6,49.9,45.06,3.75,1.47
59.7,49.9,45.06,3.76,1.47
59.8,49.9,45.07,3.77,1.47
59.9,49.9,45.08,3.78,1.47
60,49.9,45.09,3.79,1.46
60.1,49.9,45.09,3.8,1.46
60.2,49.9,45.1,3.8,1.46
60.3,49.9,45.11,3.81,1.46
60.4,49.9,45.12,3.82,1.46
60.5,49.9,45.12,3.82,1.46
60.6,49.9,45.13,3.83,1.46
60.7,49.9,45.13,3.84,1.46
60.8,49.9,45.14,3.84,1.46
60.9,49.9,45.15,3.85,1.46
61,49.9,45.15,3.85,1.46
61.1,49.9,45.15,3.85,1.46
61.2,49.9,45.16,3.86,1.46
61.3,49.9,45.16,3.86,1.46
61.4,49.9,45.16,3.86,1.46
61.5,49.9,45.17,3.86,1.46
61.6,49.9,45.17,3.87,1.46
61.7,49.9,45.17,3.87,1.46
61.8,49.9,45.17,3.87,1.46
61.9,49.9,45.17,3.87,1.46
62,49.9,45.16,3.87,1.46
62.1,49.9,45.16,3.87,1.45
62.2,49.9,45.16,3.87,1.45
62.3,49.9,45.15,3.86,1.45
62.4,49.9,45.15,3.86,1.45
62.5,49.9,45.14,3.86,1.45
62.6,49.9,45.14,3.85,1.45
62.7,49.9,45.13,3.85,1.45
62.8,49.9,45.12,3.85,1.45
62.9,49.9,45.11,3.84,1.45
63,49.9,45.1,3.84,1.45
63.1,49.9,45.08,3.83,1.45
63.2,49.9,45.07,3.82,1.45
63.3,49.9,45.06,3.82,1.45
63.4,49.9,45.04,3.81,1.45
63.5,49.9,45.02,3.8,1.45
63.6,49.9,45,3.79,1.45
63.7,49.9,44.98,3.79,1.45
63.8,49.9,44.96,3.78,1.45
63.9,49.9,44.94,3.77,1.45
64,49.9,44.92,3.76,1.45
64.1,49.9,44.89,3.75,1.45
64.2,49.9,44.86,3.74,1.45
64.3,49.9,44.83,3.72,1.45
64.4,49.9,44.8,3.71,1.45
64.5,49.9,44.77,3.7,1.45
64.6,49.9,44.74,3.69,1.45
64.7,49.9,44.7,3.67,1.45
64.8,49.9,44.67,3.66,1.45
64.9,49.9,44.63,3.64,1.45
65,49.9,44.59,3.63,1.45
65.1,49.9,44.54,3.62,1.45
65.2,49.9,44.5,3.6,1.45
65.3,49.9,44.45,3.58,1.45
65.4,49.9,44.41,3.57,1.45
65.5,49.9,44.36,3.55,1.45
65.6,49.9,44.3,3.53,1.45
65.7,49.9,44.25,3.52,1.45
65.8,49.9,44.19,3.5,1.45
65.9,49.9,44.14,3.48,1.45
66,49.9,44.08,3.46,1.45
66.1,49.9,44.01,3.44,1.45
58,50,44.98,3.56,1.49
58.1,50,44.98,3.58,1.49
58.2,50,44.99,3.59,1.49
58.3,50,44.99,3.61,1.49
58.4,50,45,3.62,1.48
58.5,50,45,3.64,1.48
58.6,50,45.01,3.65,1.48
58.7,50,45.01,3.66,1.48
58.8,50,45.02,3.68,1.48
58.9,50,45.03,3.69,1.48
59,50,45.04,3.7,1.48
59.1,50,45.04,3.72,1.48
59.2,50,45.05,3.73,1.48
59.3,50,45.06,3.74,1.48
59.4,50,45.07,3.75,1.48
59.5,50,45.07,3.76,1.48
59.6,50,45.08,3.77,1.48
59.7,50,45.09,3.78,1.47
59.8,50,45.1,3.79,1.47
59.9,50,45.11,3.8,1.47
60,50,45.11,3.81,1.47
60.1,50,45.12,3.82,1.47
60.2,50,45.13,3.83,1.47
60.3,50,45.13,3.83,1.47
60.4,50,45.14,3.84,1.47
60.5,50,45.15,3.85,1.47
60.6,50,45.15,3.85,1.47
60.7,50,45.16,3.86,1.47
60.8,50,45.17,3.86,1.47
60.9,50,45.17,3.87,1.47
61,50,45.18,3.87,1.47
61.1,50,45.18,3.88,1.47
61.2,50,45.18,3.88,1.47
61.3,50,45.19,3.88,1.47
61.4,50,45.19,3.89,1.47
61.5,50,45.19,3.89,1.47
61.6,50,45.19,3.89,1.46
61.7,50,45.19,3.89,1.46
61.8,50,45.19,3.89,1.46
61.9,50,45.19,3.89,1.46
62,50,45.19,3.89,1.46
62.1,50,45.19,3.89,1.46
62.2,50,45.18,3.89,1.46
62.3,50,45.18,3.89,1.46
62.4,50,45.17,3.88,1.46
62.5,50,45.17,3.88,1.46
62.6,50,45.16,3.88,1.46
62.7,50,45.15,3.87,1.46
62.8,50,45.14,3.87,1.46
62.9,50,45.13,3.87,1.46
63,50,45.12,3.86,1.46
63.1,50,45.11,3.85,1.46
63.2,50,45.1,3.85,1.46
63.3,50,45.08,3.84,1.46
63.4,50,45.07,3.83,1.46
63.5,50,45.05,3.83,1.46
63.6,50,45.03,3.82,1.46
63.7,50,45.01,3.81,1.46
63.8,50,44.99,3.8,1.46
63.9,50,44.97,3.79,1.46
64,50,44.94,3.78,1.46
64.1,50,44.92,3.77,1.46
64.2,50,44.89,3.76,1.46
64.3,50,44.86,3.75,1.46
64.4,50,44.83,3.74,1.46
64.5,50,44.8,3.72,1.46
64.6,50,44.76,3.71,1.46
64.7,50,44.73,3.7,1.46
64.8,50,44.69,3.68,1.46
64.9,50,44.65,3.67,1.46
65,50,44.61,3.65,1.46
65.1,50,44.57,3.64,1.46
65.2,50,44.53,3.62,1.46
65.3,50,44.48,3.61,1.46
65.4,50,44.43,3.59,1.46
65.5,50,44.38,3.57,1.46
65.6,50,44.33,3.56,1.46
65.7,50,44.28,3.54,1.46
65.8,50,44.22,3.52,1.46
65.9,50,44.16,3.5,1.46
66,50,44.1,3.48,1.46
66.1,50,44.04,3.46,1.46
